"logFC" "logCPM" "F" "PValue" "FDR"
"araE" 6.62687557447793 8.93730947426028 651.833130707519 0.0000000000000000000000000000000000000000000000000000000000000000000000000279664835795987 0.0000000000000000000000000000000000000000000000000000000000000000000000252537346723776
"araG" 5.44307015519258 7.79371914948498 361.769611178158 0.000000000000000000000000000000000000000000000000000621963942730379 0.000000000000000000000000000000000000000000000000280816720142766
"araA" 7.4013318875843 10.6942527343618 242.328366140104 0.00000000000000000000000000000000000000332773768832695 0.00000000000000000000000000000000000100164904418641
"araB" 7.52815796693415 10.649407113962 220.273015459092 0.000000000000000000000000000000000000619209685713142 0.000000000000000000000000000000000139786586549742
"glcD" -2.09641595998007 6.4092230204632 122.338866966986 0.00000000000000000000000970246262029418 0.00000000000000000000175226474922513
"argD" 3.26717322088598 7.13356637711292 108.010922614032 0.00000000000000000000156111036009243 0.00000000000000000023494710919391
"gltB" 2.89557502078388 11.2480874334614 91.3885925948842 0.000000000000000000729895398396172 0.0000000000000000941565063931061
"rplC" 3.34914089084824 11.6763248969604 90.3870252787964 0.00000000000000000106695570341599 0.000000000000000120432625023079
"tonB" 1.85439928043998 7.76788577178285 89.5741576188104 0.00000000000000000145316715526533 0.000000000000000145801104578288
"proP" 2.14503403040715 10.3964017798617 88.1452649998217 0.00000000000000000250568314925257 0.000000000000000226263188377507
"rpsJ" 3.12071385440687 10.844046961445 83.1757298985635 0.0000000000000000169636617125746 0.00000000000000139256241149589
"tktA" 2.68382870802391 10.6059147584141 75.5666672226647 0.000000000000000335080110218598 0.0000000000000252147782939495
"bioB" 1.52696896048958 8.16216512935308 72.4964500937112 0.00000000000000113868883756515 0.0000000000000790950784862561
"yfcH" -1.41982986804454 8.08833500154456 71.1296192360733 0.00000000000000197028312047182 0.000000000000127083261270433
"rplD" 3.09248168673269 11.1575292989796 70.8717844325261 0.00000000000000218554757661554 0.000000000000131569964112255
"rho" 1.7245575168382 9.7868372272403 70.01539683163 0.00000000000000308595301894449 0.00000000000017416347350668
"manA" 1.37656422952626 7.36248627819382 67.3321671733224 0.00000000000000915017240788746 0.000000000000469359934605959
"dapA" 1.56400365926978 9.30819637382849 67.2774828734901 0.00000000000000935601198550084 0.000000000000469359934605959
"fadD" -2.52994544407673 8.24865634530308 66.5937186906295 0.0000000000000123605310045007 0.000000000000584096394453869
"msbA" 1.48346387291569 7.82181826830511 66.4819791066334 0.0000000000000129367972193548 0.000000000000584096394453869
"pncB" 1.8335257157364 9.07759913852167 65.2597890301607 0.0000000000000213176793472393 0.00000000000091666021193129
"guaB" 2.80367892524908 9.3310447940756 64.4029378291497 0.0000000000000302911311359185 0.00000000000124331324616975
"fadE" -2.27643353960002 8.98895915862395 63.2592851774851 0.0000000000000484854346132337 0.00000000000190358032416304
"srlD" -2.12030614953239 4.71848181566256 61.2608686184365 0.000000000000110765135193601 0.00000000000416753821165923
"rpsS" 2.62868116363486 10.1897250245955 60.6398731866498 0.000000000000143340205730343 0.00000000000517744823098
"accD" 1.45114251600696 9.03839978196695 60.5291769445295 0.000000000000150089452912013 0.00000000000521272215305952
"gdhA" 2.38321747585488 8.80959951652774 60.3653276563992 0.000000000000160672061028553 0.00000000000537358781884382
"ygeV" -2.17931667000249 7.10797273895183 60.12549294284 0.000000000000177533993480851 0.00000000000572547128975745
"lipA" 1.6388730352267 8.41526872421304 59.6550127779157 0.000000000000215974114046369 0.00000000000672498706840936
"rplW" 2.65183427451954 10.3570258870836 59.4433088632399 0.0000000000002359099464348 0.00000000000710088938768749
"exbD" 1.65305731120596 8.25675984211438 58.972045309297 0.000000000000287209340538773 0.00000000000836613014537135
"avtA" 1.73406976943168 7.83319036053289 58.4237715840996 0.000000000000361227748100481 0.0000000000101933955167104
"argG" 2.06474579807102 8.28500600517012 57.2059326117608 0.000000000000602033044334076 0.0000000000164738133040506
"gabT" -2.55211259806878 9.91561596776017 55.8324468595501 0.00000000000107371144314572 0.0000000000285165127400172
"ackA" -1.86880000988212 9.87980332746811 55.2924927251325 0.00000000000134890914140145 0.0000000000348018558481575
"glnA" 2.41092637178866 10.588924216371 55.151101599602 0.00000000000143205958589846 0.0000000000359208279462864
"hslR" -1.27600380202265 7.93086599453517 54.5842029952508 0.00000000000182072149276563 0.0000000000444354461612802
"gltD" 2.16012906365913 9.74252500214612 54.2189597051046 0.00000000000212586763612597 0.0000000000505173283005725
"ydbC" -1.73109924353044 6.83241643655157 54.0794615614328 0.00000000000225558557994623 0.0000000000522254815049088
"hrpB" 1.0017337720237 6.68263390487805 54.0019063023838 0.00000000000233112480990471 0.0000000000526251425835988
"csiD" -2.87183412445814 10.1832264919045 53.824806483179 0.00000000000251332266926183 0.0000000000553543992766691
"ydiH" 1.92419120442443 8.0918151601093 53.5970519706648 0.00000000000276890294352987 0.0000000000595314132858923
"htpX" -1.47662332413362 10.6635538231127 53.3877898741024 0.00000000000302677945434446 0.0000000000635623685412337
"ppc" 1.85905869080057 10.4851023675085 53.1231547692548 0.00000000000338786719751194 0.0000000000695282745307565
"cyoA" 1.97735602923204 9.9823408793382 52.5737328545081 0.00000000000428237982453085 0.000000000085933088478919
"ybbN" -1.27294649897654 9.76678733738695 51.9337192878722 0.00000000000562940766922067 0.000000000110507720115354
"lhgO" -2.49725375150667 9.48866004269481 51.4446061686349 0.00000000000694081401626694 0.00000000013317450219433
"rplN" 1.88940686979571 11.0840239445788 51.3985906215046 0.0000000000070790433060109 0.00000000013317450219433
"yaeH" -1.62464704827616 8.04775495069476 50.661494865194 0.00000000000971277642016564 0.000000000178992594028767
"fadH" -2.28911170317728 6.30798205272258 50.582198640802 0.0000000000100494476431805 0.000000000181493024435839
"nagE" -1.70800482929621 7.36549490787487 50.4572268660672 0.0000000000106040919932281 0.000000000187754805291862
"pspB" -1.49148218768347 7.74908749025094 49.8305266498601 0.0000000000138875524900067 0.000000000240793210307303
"bsmA" -2.37108096628587 8.80784547725989 49.7898822205865 0.0000000000141329348242382 0.000000000240793210307303
"fadL" -2.44115400088177 8.14831241639516 49.4701133623064 0.0000000000162223888110563 0.000000000269863926439982
"ygaZ" 1.6847112807018 6.25468931964641 49.4396676670531 0.0000000000164368947444064 0.000000000269863926439982
"lpd" 1.77223305361445 11.247301232554 48.6471156995239 0.0000000000231495426910143 0.000000000373286375892605
"cbdA" -1.37882645842672 6.0607792223415 48.5067368719772 0.0000000000245995652982727 0.000000000389708902883162
"pqiA" -0.905321704251522 6.63714028312258 48.4242325227922 0.0000000000254941564961852 0.000000000396917643380263
"gabD" -2.35811178773963 9.95875316577044 47.7512942980684 0.0000000000341303051267599 0.000000000521318021160458
"astB" -1.67491382645294 6.63664401969065 47.7172058938134 0.0000000000346390711734524 0.000000000521318021160458
"ptsP" 1.15532432028743 8.85508446321445 47.5754767636113 0.0000000000368376670014539 0.000000000544903731458396
"priB" 1.83116302014729 9.83342041933069 47.5397897618511 0.0000000000374131022706761 0.000000000544903731458396
"rplK" 1.81329358420315 10.4445884339915 47.2926287204014 0.0000000000416551493263282 0.000000000597057140344037
"rplR" 1.80130685097794 10.3531504973641 47.232618385341 0.0000000000427563044270222 0.000000000603264732775016
"pspC" -1.60160692671294 8.46923181521191 47.1266661493826 0.0000000000447726165380697 0.000000000621994965136568
"ykfB" -0.998228776548665 7.13184171565339 46.4862473164139 0.000000000059174541241884 0.000000000807879045047736
"ydcJ" -2.33414156596232 8.76937803914586 46.4421502570594 0.000000000060323300643685 0.000000000807879045047736
"yjgR" -1.19844082453494 7.10519439813729 46.4227057905697 0.0000000000608369602029303 0.000000000807879045047736
"astD" -1.75775399077522 6.82367502327079 46.3827638972736 0.0000000000619059700040974 0.000000000810160737879709
"ycjF" -1.19676320743211 7.61919136863085 46.2898726413697 0.0000000000644659465297022 0.000000000831610710233159
"aspA" -2.27379105792156 9.85194856498102 45.7785304469108 0.0000000000805946178098817 0.00000000102502732228624
"hslO" -1.19308911104648 8.92990133563641 45.4636778657762 0.0000000000924923117543695 0.00000000116000774325272
"murA" 1.51680919600051 8.07069970321935 45.2926688366201 0.0000000000996812348637991 0.00000000123304322030151
"aspC" 1.71723849442672 9.49233025215972 44.9975387444966 0.000000000113439084906227 0.00000000137394220819426
"rfbA" 1.63551799447757 7.31909636519356 44.9839892070388 0.000000000114114801345038 0.00000000137394220819426
"cyoB" 1.88620527175823 10.6849003904011 44.9488791157075 0.000000000115884687096575 0.00000000137689305852905
"icd" 2.09527604013891 11.627002871658 44.8577963898042 0.000000000120606254880418 0.00000000141438244359763
"ypfJ" -0.928400180017387 8.13759672934254 44.750040581835 0.000000000126443292993683 0.00000000146382427658071
"rseA" -1.41346498492914 10.2893896983866 44.2491483077357 0.000000000157548171750777 0.00000000180083543153104
"lrp" 1.21650910218319 8.53726779943451 44.1832464847683 0.000000000162178529856554 0.00000000183059015575586
"mtn" 1.15648328051543 7.93126585713603 43.8951147409658 0.000000000184089923400594 0.00000000205226173865107
"gph" 1.35270146041942 7.31176789853931 43.6981306497221 0.000000000200765662278058 0.00000000221087064679374
"nhaA" -1.22878650634067 9.26050391953108 43.4050198829814 0.000000000228442138710945 0.00000000248534037657811
"yafK" 1.44433989647716 7.15811571212289 43.3323822726526 0.000000000235876500646271 0.00000000253567238194741
"ycjX" -1.25902066286549 8.97823599671755 43.0716639009439 0.000000000264628526773272 0.00000000281128893736782
"panC" 1.31596993823795 8.24543442392065 42.8566759349392 0.000000000290979730930077 0.00000000305528717476581
"rpsF" 1.79108476994879 10.8009494252727 42.6628909769863 0.000000000316993747686905 0.000000003280908742313
"rplB" 2.05746563066228 11.7405914536816 42.6434180474563 0.000000000319734185297391 0.000000003280908742313
"pspG" -1.41484037961923 8.57253044978823 42.5473200690901 0.000000000338962247995479 0.00000000343913381954963
"ppsA" 1.29383668261645 9.03530416220491 42.4013710779664 0.000000000355859908001612 0.00000000357046107694951
"rplV" 2.13551277210059 10.4431456518274 42.2861006459139 0.000000000374484270369652 0.00000000371603622136039
"manZ" -1.57740316503285 8.96745159081967 42.0758666881956 0.000000000411020876263063 0.00000000403425925288637
"fmt" -1.03517515642873 8.85907230072643 42.0281783053704 0.000000000419796904573996 0.00000000407609252505719
"serA" 1.78554923495627 10.7733419091961 41.9854480728899 0.000000000427820895441356 0.00000000410981136791005
"dtpB" -1.02965860280487 7.14700320698774 41.9593565340827 0.000000000432796295243911 0.00000000411384268005528
"rplX" 1.76241800859447 10.7984391911122 41.4293697872616 0.000000000547505855912173 0.00000000514997695717388
"pqiB" -0.805811829145988 7.006367896265 41.3345380097737 0.000000000571057458306397 0.00000000531613283351213
"tldD" -0.889871060548166 8.85985089957153 40.680812783058 0.000000000763738780200129 0.00000000703730733184405
"sbmC" -1.11797453437134 7.33113885887518 40.5636999768055 0.00000000080463197305591 0.00000000733921890575239
"tyrB" 2.29514495472714 8.65803557846542 40.5014569081967 0.000000000827257333999059 0.0000000074701337260115
"rpsP" 1.57793822935468 9.36984882617785 40.2761167353063 0.000000000914670912054015 0.00000000817770132262154
"astE" -1.50697627173465 5.16133252633794 40.0451375495273 0.00000000101395569109391 0.00000000897649008880196
"ibpB" -1.74099810961209 8.18906256984323 39.6497837540471 0.00000000120979584727081 0.0000000106062684474324
"ubiG" 1.2317588790178 6.6489691283814 39.6235942475277 0.00000000122404255169658 0.0000000106279848479039
"hda" 1.88725339997385 5.86710903378477 39.509119426089 0.00000000128832823878413 0.0000000110796228535435
"ompC" 1.93659257604534 11.8024147543037 39.4236129405727 0.00000000133855863251087 0.0000000114030041995973
"topA" -1.37154453402259 10.4825530764128 39.3658881961901 0.00000000137358107097119 0.0000000115919972624952
"secE" -0.951200833220015 8.56969583498726 39.0599938493092 0.00000000157519968899669 0.0000000130985863026038
"fimA" 1.67515035534309 9.02253548766918 39.1134206233171 0.00000000158111396122238 0.0000000130985863026038
"lysP" -1.12364827153099 8.37997529467068 39.0090377575028 0.00000000161157584163856 0.0000000132295725909056
"ydhQ" -0.954343630204704 8.84322231842003 38.5749821745059 0.00000000195788802277939 0.0000000159276836447729
"lysS" 1.39784409511545 9.74316356368884 38.54995067993 0.00000000198000945171122 0.0000000159638262044217
"macB" -1.11668734761668 8.58571145888491 38.5022246971151 0.00000000202288793765685 0.0000000161652018380897
"yibT" -1.47680509764884 8.22446033247948 38.1667657967889 0.00000000235190629519627 0.0000000186295735487915
"rpsH" 1.65125161940441 10.5329349088868 37.8373888798644 0.0000000027274909259355 0.0000000214167330966935
"osmF" -1.28338370860933 7.63824695595702 37.7287772236411 0.00000000286416648877429 0.0000000222960546496826
"csiE" -1.94612113448646 9.89035737469634 37.5322329162117 0.00000000312930342179243 0.0000000241518033322954
"yjfF" 1.6545683716594 5.71167454933212 37.2535752640882 0.00000000354822037901432 0.0000000271529067987282
"rpmB" 1.56387159584788 10.4984593811239 37.1890723105244 0.00000000365299459284938 0.0000000277197824986806
"metG" 1.48218748519216 8.97126128455907 37.1506633351613 0.00000000371686016184769 0.0000000278736447907728
"purA" 1.52464118438895 11.0419270276524 37.1398713470526 0.00000000373500666631618 0.0000000278736447907728
"arcA" -1.43651728173218 10.0236237140506 37.037291298956 0.00000000391201767528076 0.0000000289553439408076
"can" 1.1564777019261 9.30065829535253 36.8219145788438 0.0000000043116995335207 0.0000000316541843802373
"rimM" 1.5482414049977 10.8672421749659 36.7530932180291 0.00000000444790731689646 0.0000000323908089286896
"cspC" -1.74767217335952 9.69847813307082 36.0954639405896 0.00000000598974136856432 0.0000000432698916465087
"nlpI" 1.19947700053353 10.1479198833432 35.93366482678 0.00000000644554186851268 0.0000000461930500576742
"tatB" 1.09466868055142 7.23663545282684 35.7620333248811 0.00000000696736336855164 0.0000000492135213642796
"rplF" 1.63498364647209 11.2316496958403 35.7526778534735 0.00000000699700225171374 0.0000000492135213642796
"pspA" -1.75148763477588 11.2649777293723 35.7259861261836 0.00000000708226469222374 0.0000000492135213642796
"malY" 1.16396474371667 5.96862900663669 35.7251342463731 0.00000000708500307569916 0.0000000492135213642796
"ychH" -2.21985060833367 11.0164551003198 35.6465185566795 0.00000000734236719467916 0.0000000504487655054439
"cspD" -1.78787838095463 10.5847493927755 35.6368778477605 0.00000000737457037288882 0.0000000504487655054439
"ispG" -0.731586827171966 8.93292600120103 35.5864377696506 0.00000000754539437889999 0.0000000512292565725315
"lptC" -0.878413147184513 7.45600706689009 35.5480116742845 0.00000000767820501530696 0.0000000517419337971805
"katG" -0.988601917836032 8.50389158395794 35.1686005706615 0.00000000912310258977124 0.0000000610234195449143
"kdsC" -0.750227710187041 6.9226727526254 35.1105834555871 0.00000000936705481079961 0.0000000621944889275886
"cstA" -1.72811168528175 9.1316830811609 34.6518039273394 0.0000000115430801989759 0.0000000760832220414251
"dnaB" 1.28936883408091 7.63798114450396 34.5638845472573 0.0000000120150535261952 0.0000000786202415518423
"xerD" -0.740618478305886 6.56901942222402 34.470285221847 0.0000000125389386769658 0.0000000814579973043175
"atpB" 1.46323307879145 9.3575833904251 33.9916279554585 0.0000000156011163725424 0.000000100627200602898
"grpE" -1.36299244214075 10.2856704612664 33.8386364110152 0.0000000167311204948611 0.000000107150367424536
"rplE" 1.69942018226647 11.6005160106969 33.7578449363704 0.0000000173608088390373 0.000000110400073110216
"manY" -1.49354237124978 8.80284618557876 33.6560241637494 0.0000000181885748840325 0.000000114855126715254
"ybaP" 0.987736846558469 5.75371940742903 33.537046278088 0.0000000192064242609311 0.000000120440285469589
"mraZ" -0.898516123772827 7.52604325695144 33.4088084504591 0.0000000203679623671989 0.000000126843241500556
"yobF" -1.9878602313448 8.61796385544626 33.0753989706775 0.0000000237307030715585 0.000000146424693832806
"ybiT" 1.00124088794053 8.08438793936257 33.0656927643051 0.0000000238365780658056 0.000000146424693832806
"mreB" 1.16997912204343 8.98485483712954 32.9706152758512 0.0000000248992169989288 0.000000151918871284005
"aldB" -2.17266675284876 9.84365770491841 32.9423885658079 0.0000000252238025455871 0.000000152582537643557
"dadX" -1.23690436109557 9.31897053580076 32.9318622965568 0.0000000253459364856408 0.000000152582537643557
"pfo" -1.14238866689456 9.5304587294138 32.5312656055845 0.0000000304656469927102 0.000000181273062131747
"bfr" -1.19170782547243 6.69941620870902 32.5278656705232 0.0000000305132950653661 0.000000181273062131747
"manX" -1.50908415685396 9.37539940432317 32.4020484859827 0.0000000323304452675058 0.000000190813020108221
"ybeL" -1.47481027315741 8.4811803001743 32.3377303051667 0.0000000333011662831433 0.00000019526592956934
"mlaA" -0.827488521946976 7.54887061746028 32.2874483739816 0.0000000340804861037664 0.000000198546315817426
"ytfT" 1.75762500591325 5.99618707583372 32.2319352965841 0.0000000349622773016235 0.000000202377797457474
"ycgG" -1.2258804142093 3.2765874250465 32.1979201001957 0.0000000355139258451748 0.000000204261624447088
"fecI" 1.38030994943655 7.61115302831345 32.0583095449791 0.000000037871636459702 0.000000216443593184246
"nudE" 1.36444300905998 6.30997724935641 31.9388456804812 0.0000000400141737853715 0.000000227250307724469
"lon" -1.43576786913565 11.3582992861478 31.8590284425321 0.0000000415134242202588 0.000000234291387943086
"rsmH" -0.841415490529955 7.6738340160267 31.7009469260457 0.0000000446521863744341 0.000000250440523578348
"acnB" 1.44952992399271 11.1096263398333 31.6326268394289 0.0000000460818101574946 0.000000256863423285294
"hslU" -1.36648753488491 10.9910692918926 31.4968923707207 0.0000000490606401292851 0.000000271789926605794
"treA" -1.54349210686721 8.11891682140238 31.4015407202685 0.0000000512687364544879 0.000000282290664746357
"htpG" -1.62209479525143 11.68811164618 31.3096529783925 0.0000000534914829225859 0.000000292744297449061
"yohC" -1.59926235878292 9.80934993366882 31.1852383609111 0.0000000566568702547932 0.000000308199721928182
"ycbX" 1.08226479737928 6.79175559857569 31.0800842054204 0.0000000594792372408206 0.000000321615276817132
"rpoE" -1.15427269802977 9.853311329282 31.0638435173388 0.0000000599276182457427 0.000000322110948070867
"rpsN" 1.54215718627056 10.9406598872835 31.0078019071752 0.0000000615012000981212 0.00000032861292123434
"tyrS" 1.12192407237897 8.99525236583288 30.3660619263858 0.0000000827891240471481 0.000000439756347144558
"speE" 1.3791036835025 8.10621091589397 30.0050187829516 0.0000000978933611576108 0.000000516945644007734
"trmD" 1.54529639029467 11.1045279938996 29.788972929248 0.000000108232522036117 0.000000568220740689614
"ushA" -0.872269051306095 7.70984538674832 29.6292278034968 0.00000011658026217869 0.000000608508536111892
"rpsE" 1.53700938606442 11.1197083914753 29.6071582018101 0.000000117783552085278 0.000000611256020304635
"crr" -1.35039003132472 10.7046535955697 29.512638630567 0.000000123080445146725 0.000000635095096957101
"dadA" -1.41519217815597 10.6770226468339 29.4185373938502 0.000000128592789434961 0.000000659768686703238
"rhlE" 1.3214972760344 6.7885051433731 29.3910935647438 0.000000130246869371444 0.000000664479791200078
"yegE" -0.70504681686489 6.80740779655801 29.3093620104005 0.000000135301267718863 0.000000686387891854682
"serS" 1.13448545256297 10.1859768247176 29.1649796749882 0.000000144718862656186 0.000000730062195410815
"groS" -1.50094172522281 10.2996828924516 29.1297499713862 0.00000014711551214602 0.000000738029485932535
"acs" -2.06388894386986 9.9176908648038 29.0955794968148 0.00000015321190241392 0.000000764366562871654
"atoS" -1.08268382386967 4.83211747190054 28.9592402090631 0.000000159293748161638 0.000000790342058186586
"nusG" -0.902466990662599 8.89384292233425 28.9292701485372 0.000000161537151473358 0.000000797093157270177
"bssR" -1.66154337331275 10.5505922783232 28.8092830923657 0.000000170842821884052 0.000000834560167084102
"dkgA" -1.37854395794311 9.05297012746658 28.8075822468777 0.000000170978550288548 0.000000834560167084102
"insB1" 1.02846990515941 6.96108431316219 28.4855233994288 0.000000198744062739352 0.000000964870369105563
"rpmA" 1.25075978238388 9.51753093537648 28.394706681936 0.000000207366885935943 0.00000100134918716661
"secB" -0.868504782962955 8.87591856209895 28.3353551858658 0.000000213205251666523 0.00000102406565029186
"focA" -0.940146208950826 9.0869391781033 28.1995061352863 0.000000227201021257051 0.00000108551599045036
"hspQ" -1.31700381007257 10.5758442124542 28.0744239522245 0.000000240906651785401 0.00000114494056085377
"rlmI" -0.873473737915203 7.28363072550821 27.9179873595294 0.000000259229084938783 0.00000122556996701425
"purB" 1.82315127239306 8.87034283112234 27.8705637075429 0.000000265056714921307 0.00000124173016813393
"trkA" -0.669809744373591 7.3811701391785 27.8678233355399 0.000000265397477796067 0.00000124173016813393
"iscS" 1.09256304035953 9.80595038227534 27.7438767571997 0.000000281281532485617 0.00000130926404038408
"dnaJ" -1.25448364673839 10.5227734377629 27.7080464460315 0.000000286049655175421 0.00000132462994165849
"aroG" 0.954878479188058 7.96710099433531 27.4189980485752 0.000000327624082710025 0.00000150941095248547
"psd" 0.800635223497172 8.0003557542715 27.0037009840913 0.000000398276285554375 0.00000182560145104366
"mscK" 0.880465647009125 7.28829894296516 26.8642428578732 0.000000425303498853021 0.00000193964171446605
"shiA" 1.39127301587194 7.72429633641592 26.8095687017782 0.000000436398128454366 0.00000198023874368991
"rpsC" 1.58261496661469 11.4803382494421 26.7365720137863 0.000000451667760641282 0.00000203927993929539
"yiiD" -0.731591382505237 7.20334089486932 26.5694328465782 0.00000048869382875873 0.00000219547526054295
"curA" -1.23957177058386 8.2646332238968 26.5248186845985 0.000000499085472064473 0.00000223106030333772
"bioA" 0.784589630846081 7.74190466220964 26.437766091133 0.000000520008889061849 0.00000231314298927512
"ssb" -0.90013116575487 8.50809567233007 26.4099113235669 0.000000526889210901563 0.00000233225959531427
"opgG" -0.755951981281672 8.93122860089929 26.3146627080065 0.00000055111847624567 0.0000024276096782919
"ymdF" -1.28853930588033 8.94369070955163 26.1693549179747 0.000000590267633943778 0.00000258743530801569
"cynX" 1.17726004570044 3.67690256249426 25.7091347563582 0.000000733796626097966 0.00000320105484718098
"dusB" 1.4736166268146 9.02941817741899 25.6897449928483 0.000000740564120775306 0.00000321504519740434
"dosC" -1.22189821293323 7.76390714766163 25.5903754041007 0.000000776248602683788 0.00000335383965657158
"ycfH" -0.952716239405902 8.92731997260334 25.3740693822235 0.000000860048374787685 0.00000369820801158704
"csrA" -1.1329913337738 9.91823632953593 25.2938715454465 0.000000893390465031506 0.00000382337246409218
"ycbZ" -0.731531286953188 8.51389619224944 24.9852517761525 0.00000103434608960366 0.00000439716779325786
"pyrG" -1.08852413573644 10.506646611444 24.9794400767942 0.00000103720569209737 0.00000439716779325786
"ybgS" 1.23846786763769 9.43467071086531 24.8900371057339 0.00000108221561300819 0.00000456654532031025
"lepB" -0.777556226086003 7.96604399494052 24.6431211504901 0.00000121704604286663 0.00000511159338003986
"ygdH" -1.00688138434208 8.71260650513176 24.5131424047118 0.00000129471522600003 0.0000054126289309168
"rof" -0.881373190738426 6.48360122304307 24.5009610604951 0.00000130224605253834 0.00000541902389604665
"ybaE" -1.22001870870218 6.8609933036043 24.4903234950736 0.00000130885865396161 0.00000542155671801531
"sucC" 1.16070923346356 9.79288995749836 24.3406590275421 0.00000140557194169283 0.0000057955774582129
"ihfA" -1.09206337947666 10.1629389167843 24.0245942933544 0.00000163421296257596 0.00000670770138730041
"mpl" 0.803638882789429 8.0695594806044 23.9483486504287 0.00000169478130084973 0.00000692483038310998
"yejG" -1.22711609558224 7.23433285923865 23.9377989775265 0.00000170333852937848 0.00000692844455868813
"mfd" -0.82966209998991 9.43147656266926 23.7220158156771 0.00000188827242262284 0.00000764623317322165
"uspB" -1.2536451474395 8.80929501279236 23.5047460302257 0.00000209500036387128 0.00000844547021685608
"miaA" -1.15588665637185 11.049804574095 23.31835547637 0.00000229049385289704 0.00000919251532962679
"folE" 1.02677302088938 8.28602068020621 23.2972666783369 0.00000231374284613358 0.0000092447335843302
"cyoC" 1.35972752963409 8.75101168077562 23.2649609557528 0.00000234982097369921 0.00000934752572356998
"pyrC" 2.16673547286558 8.86954447717463 23.1664194427974 0.00000246341905260495 0.00000975643598465906
"yggE" -0.767557633624299 8.50579793682898 23.105163251174 0.00000253681547315066 0.0000100032505338648
"atpF" 1.4033220017847 9.69491653362511 22.9611686321183 0.00000271817112446809 0.0000106717761973682
"rplU" 1.19603316310159 10.2001063122259 22.7432226972234 0.00000301791032442168 0.0000117972858136484
"ybhL" -0.914744094069503 8.66253784847449 22.7282345763448 0.00000303971121299186 0.0000118312897643606
"secA" 0.847710832766675 9.40327046717145 22.5880839832887 0.00000325142789341658 0.0000126010274152582
"rpsT" 1.9312378916599 8.87076668392375 22.5589872901827 0.00000329721747068851 0.0000127238776753493
"atpH" 1.39684339840625 9.22521301968956 22.4697946039838 0.00000344168125082621 0.0000132248432744513
"mukE" 1.14015008769716 6.48514070418729 22.3359085476098 0.00000367063460761675 0.000014044843435076
"sixA" -0.878494314011955 8.61498785985095 22.244049893152 0.00000383656464944208 0.0000146177969554692
"oppA" 1.299348070398 12.5842173499931 22.1850365218798 0.00000394714323436511 0.0000149759258009735
"groL" -1.64290552784674 12.7564305783755 22.1723655973508 0.00000397130279310637 0.0000150045456994772
"alaS" 1.14945085369224 10.2074195775359 22.0245789888157 0.00000426437165048842 0.0000160446983349627
"argH" 1.38309015953164 7.84855195894663 21.9226262930517 0.0000044792016341638 0.0000167830667039416
"dacA" 0.930145362486809 7.83366323385523 21.7903304966006 0.00000477436481961449 0.000017770965491734
"rpoD" -1.06906310918138 10.9007836218262 21.7869237047104 0.00000478221994960285 0.000017770965491734
"flc" -0.835716854382541 5.75755625474035 21.7304234941007 0.0000049144152691553 0.0000181873647051116
"sucB" 1.06301680292277 9.9667055524523 21.4390550426269 0.00000565713652361547 0.0000208505889013256
"nfsB" 0.925717715750947 7.30423813347938 21.3706768066563 0.00000584729154848864 0.0000214638384889644
"smg" -0.709141691270221 8.46067252300778 21.2480019197058 0.00000620478671216255 0.000022683896360659
"ytfQ" 1.56674977245617 9.11311500210694 21.1113328269039 0.00000662915772424824 0.0000241052079919913
"ftsH" -1.16194593770573 11.6501408356383 21.1057973974898 0.00000664695104098099 0.0000241052079919913
"gyrA" 1.0105394680617 10.3629113964332 21.0550125720489 0.00000681246607771562 0.0000246066274727088
"yncE" 1.55468835275166 10.0364215582503 20.9595966590845 0.00000713479415147306 0.0000256682036604788
"ybdK" -1.07072231021446 8.38956189053348 20.895980062842 0.00000735822456378928 0.0000263669713535782
"bamB" -0.755955522022297 9.33824051503266 20.8821103958574 0.00000740786848663704 0.0000264399416736492
"yeaG" -1.60350128791449 11.9951614534884 20.7980595104102 0.00000771604151507034 0.0000274154415127279
"mak" -0.803472639597382 6.40394913377658 20.7911613375545 0.00000774190208831185 0.0000274154415127279
"rplA" 1.32484474103547 11.4970530121057 20.7409832829168 0.00000793267050085746 0.0000279812557120089
"aceE" 1.35698236159201 12.0664934542306 20.6515500879941 0.00000828454353677234 0.0000291087269015775
"bamC" 0.852717065831087 9.07659504794651 20.4765323613576 0.00000901948493887479 0.0000315681972860618
"opgH" -0.759570106726585 8.88965512088572 20.4512851122778 0.00000913081421963489 0.0000318344603873757
"accB" 1.07180799051318 8.48882768120215 20.4261282290776 0.00000924312704244714 0.0000321020912281914
"secG" 1.29074431980941 8.72980260237223 20.3794683953379 0.00000945515121171359 0.0000327126495945493
"ybiB" -0.767623951153273 7.54892255494009 20.2790634788288 0.00000992822494930203 0.0000342182714855715
"fnr" -0.774457691387237 9.42638341003853 20.1334935319478 0.0000106569493099504 0.0000365902099881566
"yoaD" -0.807178885376989 6.06039591849163 19.9329907261052 0.0000117501154556126 0.0000401907358197657
"fabZ" 0.721976113961274 7.80256380847023 19.869442985398 0.0000121197332523372 0.0000412985627428696
"yccJ" -1.14941603723619 8.7297290429174 19.8055281762982 0.0000125033502902717 0.0000424455838801328
"clpX" -1.04149367618036 11.1470812631935 19.7771795522187 0.0000126774077649544 0.0000428752779466436
"yiiM" -0.620157652709812 7.17959286760051 19.7693341061167 0.0000127260094310842 0.0000428790541651831
"thiC" 1.51188905469383 6.71860580126563 19.7147062766905 0.0000130696875517914 0.0000438733377667943
"rpsR" 1.15621933718333 9.40133680827431 19.5921576974369 0.0000138752210691291 0.0000464049060200872
"uspG" -0.891872671787546 7.33693607335831 19.4121012377469 0.0000151508008273696 0.0000504840337531911
"speA" -0.891039902368284 10.2018095995237 19.3573957078355 0.0000155613735681066 0.0000514747931743783
"lolA" 0.639828487710869 7.22263131002021 19.3572940675704 0.0000155621467736493 0.0000514747931743783
"gcd" -0.942854454561296 9.89036646975822 19.3370967524719 0.0000157165669416569 0.0000517958392274313
"ptrA" 0.722503390391601 7.06343489198041 19.2000220340191 0.0000168063498389027 0.0000551859414710151
"luxS" -0.775304667821035 9.10806204632146 19.1754766714289 0.0000170094151096344 0.0000556503689999995
"yafE" 0.57572600101056 6.08490275186018 19.0669190615789 0.0000179377059849242 0.0000584756263696265
"uvrB" -0.7152317459392 9.2598935119294 19.0412780977543 0.0000181643473400875 0.0000590014591658237
"fes" 1.15881487875971 8.30228857385646 18.9892250097618 0.0000186333960914601 0.0000603080884250483
"ybjT" 0.643550577410531 6.77535376722259 18.9351144032947 0.0000191339812107406 0.0000617070894046386
"nrdE" 1.25449358231644 9.70599698183205 18.6789291659222 0.0000216951647905914 0.0000697179139000143
"wcaN" -0.634828246969558 8.98285473877011 18.6634295994948 0.0000218608137560631 0.0000700011163890957
"yqeB" -1.29331531710903 4.98040300180832 18.5893308987281 0.0000226705882968317 0.0000723376015266397
"queG" -0.624696236608643 7.07970468759828 18.569748807226 0.0000228896130423046 0.000072779297807046
"mukB" 0.756047963112903 9.20834358229634 18.5360315137996 0.0000232717684112409 0.0000737347609661421
"uvrA" -0.779867463091327 9.78215789139474 18.5007460972376 0.0000236786126462151 0.0000747614937745883
"yegQ" 0.857831634751244 7.707238295511 18.4665388051352 0.0000240798957894118 0.0000757635745569297
"hinT" -0.639334335044934 7.07925488392512 18.441798872303 0.0000243743996886248 0.0000764238990237089
"clpB" -1.35742427644895 13.0731053065131 18.3993065161589 0.0000248887598343511 0.0000777666094478168
"blc" -0.914092794839877 7.27529270890881 18.3737285959604 0.0000252036557905957 0.0000784789695824411
"ihfB" -0.877203864566963 8.97697792858715 18.3637195068085 0.0000253279747558041 0.0000785950556855364
"hfq" -0.870926613449322 9.44460080244047 18.3100302374782 0.0000260054970373132 0.0000804211089886775
"ompR" -0.706494240804448 6.74700774815456 18.2702714478664 0.0000265190201525421 0.0000817292668865033
"prlC" -0.892290988702968 9.98506882501853 18.2389662249231 0.0000269305686763008 0.0000827153180772095
"ibpA" -1.02779349525009 9.45653668636306 18.2215636532289 0.0000271621372432647 0.0000831437624768406
"ddpA" -1.26873190872536 4.93861629710061 18.2006404993278 0.000027443221985211 0.0000837203697724511
"cpxP" -0.886740765866215 10.0386759352036 18.1923891725777 0.0000275548791428417 0.0000837779658787409
"pgl" -0.980586745098028 9.30240265658405 18.1819410763784 0.0000276969228710008 0.0000839272528607844
"degP" -0.983330809227885 9.65188823201024 18.0809451071247 0.0000291087694615702 0.0000879104308488224
"erpA" 0.700637329866645 8.23315052488211 18.052365827942 0.0000295213521209669 0.0000888592698841103
"sdhB" 1.08240784747991 7.98372717287286 18.0428161617432 0.0000296605302186424 0.0000889815906559272
"yohF" -0.891646015718296 6.91852052620943 17.9262586664978 0.0000314137454232407 0.0000939291791959812
"mtlA" -1.07103079775719 8.62523868464491 17.8902764659409 0.0000319758875927374 0.0000952944768852868
"atoB" -0.864437898646264 3.93224884233397 17.853421975735 0.0000325622145827896 0.0000967226308166415
"rpsI" 1.16967550536733 10.5848467603465 17.7617927121721 0.0000340675716984108 0.000100862351618574
"eno" -1.17267508686574 12.127717375098 17.7415767290574 0.000034409070369369 0.000101540491972354
"purL" 1.36387005602934 10.093880646466 17.6778323643383 0.000035508728698916 0.0001044442410916
"accC" 1.02337431423215 9.67545441767568 17.6705677670276 0.0000356362878700951 0.000104479116710051
"wrbA" -1.06972207144439 9.87080024734746 17.3205848336656 0.0000423642988372373 0.000123802465534062
"intA" 0.677880263917747 6.10405745392757 17.2528416259362 0.0000438082932932734 0.000127609318851051
"cohE" 0.915188326038949 5.26533427960996 17.2721367610877 0.000044105518324739 0.000128062003367329
"lpxA" 0.609486672738943 8.64592329792386 17.1456131623156 0.0000461965277465771 0.000133703412035766
"hisG" 0.985729071044641 7.56909759143702 17.0568127418867 0.0000482738530583949 0.000139269294925657
"metQ" 1.04918050795665 8.10448313531931 16.8887432272688 0.0000524681178944786 0.000150887612925841
"yjdN" -0.922044444041542 8.40448312638368 16.8101711622009 0.0000545536884027072 0.000156387240087761
"ysgA" -0.871631688846029 8.32479226686227 16.7926526377291 0.0000550300207221728 0.000157253508582665
"sucA" 1.06304397713621 10.6322805528677 16.6361310689726 0.0000594772999487815 0.000169425873355677
"yhjK" -0.476049804192698 6.5900396436677 16.6209956591943 0.0000599261986210446 0.00017016779042391
"yohK" -0.693075747524485 5.21182819621903 16.595033364998 0.0000607042157015093 0.000171836698365087
"iscR" 0.741470815832829 9.04423557816769 16.2441692511562 0.0000722800478286092 0.000203965259966356
"mdh" 0.764945237370436 9.95159264082819 16.1851947367297 0.0000744347555945301 0.000209391228354706
"ytfK" -1.31087747467995 9.14747533970621 16.0743939795916 0.000078660596003802 0.000220591671401967
"pepP" 0.708780754103835 8.88820647858342 15.8947453949961 0.0000860352797796514 0.000240525875049614
"dnaK" -1.37664993070526 14.2028597472143 15.8312853442572 0.0000888046197879894 0.000246776827929423
"yphH" -0.686349338221701 4.8202740511895 15.830988242975 0.0000888177952126936 0.000246776827929423
"clpP" -0.755433277598107 10.0878124041205 15.7769491458972 0.0000912474887737371 0.000252749945897805
"iscA" 0.632723680899425 8.46479346569201 15.689570424953 0.0000953195427604317 0.000263221856613669
"ompT" 1.30411149309651 10.094478736962 15.665874503456 0.0000964552363646709 0.00026554597084542
"oppD" 0.906659350982696 9.45901859518249 15.6371303230548 0.0000978513038755988 0.000268570599998984
"atpA" 1.10972068704543 11.2693081978268 15.5419588616 0.000102621490522956 0.000280766774247898
"fhuB" 1.24295857926573 6.17746297106103 15.536216729887 0.0001029167245582 0.000280766774247898
"adeD" -1.00271836471455 4.94209557992344 15.5158301363167 0.000103971879661409 0.000282790985946544
"yidC" 1.02187315008882 9.31849674706046 15.5035659268596 0.000104611916428643 0.000283677358964159
"sufB" -0.958005604537677 9.58451362338477 15.4929460700129 0.000105169363615005 0.000284335135761525
"ycaC" -1.0464968834604 8.49345111066894 15.4044261515015 0.000109934570786171 0.000296331096775857
"aceF" 1.08960066267066 11.3187223989952 15.3808709549802 0.000111239064068396 0.000298954984683814
"ahr" -0.893233170604227 7.88770987403394 14.9878329881396 0.000135475354446014 0.000363009629272257
"yeeA" -0.576479084854919 6.0954376125656 14.9570415095258 0.000137586666345518 0.000367576212159772
"artQ" 0.639371659295907 6.47632756501558 14.7105717057213 0.000155735114689882 0.000414834243554464
"yhhA" -0.955493683994653 8.39360371135779 14.6991978114165 0.000156628926242115 0.000415988001166559
"gstB" 0.833296428483087 7.6549468285601 14.6724017669415 0.000158755297736207 0.000420398926263327
"nfsA" 0.72610533888225 5.87538410718391 15.4250929163988 0.000159266367591297 0.000420519093377021
"sucD" 0.814508295561783 9.3893056786311 14.605577700384 0.000164186477297633 0.00043224603206928
"rssB" -0.664875259865839 8.52531535514362 14.4966671104597 0.000173445215930544 0.000455293691817678
"yodD" -1.018994308506 9.18967220808768 14.4250876221089 0.000179817047783443 0.000470651577241882
"acnA" -0.900254759072209 10.46157504128 14.3919650523895 0.000182845384630514 0.000477194746593509
"lldP" -0.881235145177627 6.39599203890172 14.3488594430353 0.00018686406366458 0.000486277376049324
"ptsI" -1.01923643675737 11.6549534984543 14.2943391887242 0.000192075514228592 0.000498402842955226
"proW" 1.30744332596028 6.92113339296405 14.2396296204523 0.000197453308429401 0.000510889219231374
"sodC" -0.955956175384079 8.64887027622952 14.1870835799151 0.000202762221107643 0.00052312653045772
"yifL" 0.711283924678601 6.44132912389141 14.0669877716982 0.000215446236286713 0.000554267667711971
"rna" -0.449352290243199 6.89182411458449 14.0387786563564 0.000218540538761741 0.000560630984380261
"usg" 0.682966889216918 7.21311247806596 14.0309284725421 0.000219409630102489 0.000561265994284837
"mscL" -0.832493753296501 7.36320357319251 14.0224458402751 0.000220352681652999 0.000562086077775869
"ydgA" -0.725919027452662 9.97744057238655 13.9323077302121 0.000230631405110052 0.000585976160250215
"glmS" -0.66261125447495 9.57076589225427 13.9290140577386 0.00023101607203663 0.000585976160250215
"pheT" -0.904837622178828 10.7976957080489 13.8934672625656 0.000235209227060202 0.000594940986093451
"maeA" 0.600443142469576 8.47365522648021 13.8869829896268 0.000235982410004545 0.000595229374955598
"prs" 0.840459724419979 9.43185648783192 13.8639164112541 0.000238753827270872 0.000600542356617263
"fumC" -0.660569366626392 6.79578129211024 13.8542720331313 0.000239922355207617 0.000601805240979106
"rluA" -0.563349000919898 6.31429239234193 13.7907321097951 0.000247767387961737 0.00061817209243697
"sufA" -0.840888790631918 7.79281096300837 13.79034081357 0.000247816497743282 0.00061817209243697
"gcvT" -0.908503076716616 8.71966638829963 13.7333668629902 0.000255073500190441 0.000634521682291924
"proA" -0.507069864988381 8.00847230467784 13.7033731322149 0.000258980198271207 0.000642470107249724
"sstT" -0.814472948439185 9.40755580934983 13.6139951983473 0.000270985626688375 0.000670411016163295
"entF" 1.29906538685147 10.5473161617691 13.5516494229761 0.000279693082016453 0.000690062440056986
"sdhA" 1.0303251185063 9.28950647228539 13.3341831855941 0.000312351048855279 0.000768536776883698
"kefC" -0.6792829046619 5.58121828683152 13.1350674721979 0.00034564281035202 0.000846901049076451
"slyB" -0.71657773940148 9.90116782325206 13.1326078326499 0.000346075843974762 0.000846901049076451
"serC" 0.753632739458429 9.81616262630678 13.0519209390744 0.000360590898993108 0.00088003670754264
"ptsH" -0.79115156445871 9.79696353956181 12.8595151809784 0.000397749934508961 0.000968108331163321
"adhE" -1.09177383119823 12.1627740433623 12.769992053772 0.00041634299814073 0.00101063905193838
"trxC" -0.735144207939315 5.95808518430663 12.5810492890092 0.000458536563153277 0.00111007645181611
"murI" 0.632137592370105 6.07128320474582 12.5035643552231 0.000477073190951722 0.00115186388082729
"apt" 0.992359435383432 7.24929584855208 12.4857676577615 0.00048143712776845 0.00115930060366643
"menF" 0.595015867351312 7.72469929961572 12.4421198333047 0.000493160945153193 0.00118437322732269
"yeeN" 1.56529990963956 6.0085297167506 12.3899711697363 0.00050563402391733 0.00121110748964814
"cysS" 0.903240744545157 7.20216199704933 12.3836396962797 0.000507276153473017 0.00121182636662999
"acpP" -0.793834291258873 10.7065323120588 12.2945910093291 0.000530954444950296 0.00126504449548844
"secF" -0.588360864474328 8.23183860701237 12.2434852023733 0.000545047887946547 0.00129520590214666
"fruA" -1.06640717512793 10.762617181726 12.2190525488378 0.000551919438410575 0.00130809252725656
"fpr" 0.64076292429851 6.63828935387239 12.1886401300966 0.000560595936780067 0.00132517835317382
"gcvA" 0.471795928675383 6.03375246641312 12.1734657840954 0.000564976814578599 0.00133204716335372
"mtlR" -0.568801510815352 6.9969873154147 12.148414544213 0.000572285469603655 0.00134576504961484
"cvrA" 0.520174219803963 5.8760217113689 12.1397738266427 0.000574828615001248 0.00134823438791202
"pgm" -0.58470210742901 9.30194878186459 12.045989446314 0.000603181684517199 0.00141107010652599
"bcsC" -0.515220004611897 7.48370914585564 12.0093189861869 0.000614650987580243 0.00143418563768723
"thrC" -0.910026764034589 8.48386298213207 11.9427476899132 0.00063604210921758 0.00148027325933885
"rnb" 0.971214205520936 8.86144024637081 11.9267900975769 0.000641281226680012 0.00148862968558368
"cmk" -0.572732331522626 8.52628717677911 11.8208436431199 0.000677195994008306 0.00156796918612692
"oppF" 0.787348583264877 9.55152960960481 11.7112294990347 0.000716510425457421 0.00165475425623543
"kdgT" -0.880251988138134 4.09467036832895 11.6937950308211 0.000722974170556659 0.00166542264288945
"cyaA" 0.713526444584047 10.1319758025721 11.6010053087764 0.000758387027176933 0.00174255339832257
"deoA" -0.721004880958053 8.84697501318722 11.585219472395 0.000764584991581961 0.00175233565329571
"phoB" -0.522204705909066 5.90097895836794 11.5495603348696 0.000778776142668131 0.00178034140969449
"csrD" 0.457408108618172 6.98861367741577 11.5007136716357 0.000798651586537605 0.00182116763293802
"ada" -0.536582635971456 6.94740635812358 11.4663904250097 0.000812925581520054 0.00184904735544738
"gspO" -0.589336608651349 4.52720169546647 11.3989711169322 0.000841723619506553 0.00190973976988547
"nudC" -0.42915427708498 7.07638453253381 11.3791973750127 0.000850365257386194 0.00192451084566349
"pykF" -0.797597806370169 10.8898285487977 11.1423974613223 0.000961149577111317 0.0021697951703288
"sufC" -0.82049624803863 8.22932920917911 10.9766158038944 0.00104735812603859 0.00235851468282506
"pfkA" -0.647079103246627 9.9777663466564 10.9070302804515 0.00108585218872761 0.00243911573736576
"patA" -0.946232970278738 10.851780327598 10.8236184764719 0.00113389943327513 0.00254072255148248
"rbsD" -1.01702314311319 7.77229870357211 10.80736426565 0.00114351148802896 0.00255591800418354
"mqsR" -0.801258995466034 8.3494425739109 10.7766469313224 0.0011619036603778 0.00259061482795346
"ldtA" -0.640377829237172 7.91055777257099 10.7185834594421 0.00119749688184799 0.00266339823721364
"allR" -0.707419085527898 9.29814681126172 10.7070364442423 0.00120470663066406 0.0026728503378124
"fecA" 1.29094777104126 5.76634856983368 10.9301085570538 0.00122600274771046 0.002713432551918
"yciK" -0.490535691237209 6.38693074202242 10.6162598685741 0.00126294857263272 0.00278836812001796
"fepD" 0.779044113085514 5.51458519197637 10.6076289351293 0.00126863341245171 0.002794087735229
"yfeR" 0.71926487619434 4.00718184323643 10.7130584273871 0.00127534318009698 0.00280203136649045
"tig" 0.82721692047078 10.7455851544922 10.5826833482613 0.00128521105776494 0.00281685821641199
"ydcP" 0.836811645932676 6.48135211016022 10.4014843525477 0.00141244521143477 0.0030882276656794
"rseB" -0.453223695431922 8.41077568488711 10.3787927102727 0.00142925897429846 0.00311744167582489
"rsxC" 0.888524323652346 6.7997692248586 10.3264194105693 0.00146884909177267 0.00319607404788125
"fruK" -1.02678760355838 10.1505022034242 10.2951332395814 0.0014930305826711 0.00324088128882694
"degQ" -0.521098718333285 7.3365536871031 10.2874297268966 0.00149904674830126 0.00324613720315596
"otsA" -0.666093749488566 9.73303732909332 10.235690767841 0.00154009860836834 0.00332705512764739
"slyD" -0.583210940096452 9.85004863749998 10.1462485572795 0.00161378945304811 0.00347792810525643
"fabG" -0.64507146613982 10.3900913770297 10.0379811233589 0.00170782191765975 0.00367181712296847
"atpE" 0.867293120082094 9.11776290004133 9.99056529404031 0.00175074559703294 0.00375516217130819
"aas" -0.392986501837988 7.16226002853848 9.9493621973055 0.0017889381986371 0.00382614809379386
"amiD" -0.508521110394634 7.19145795871514 9.94576226316619 0.00179231522001639 0.00382614809379386
"mdaB" 0.535335812871624 6.25143447097202 9.91195678455694 0.00182434646653656 0.00388534164925122
"pheP" 0.945479638169785 5.64467544419492 9.8875501050807 0.00184783473958985 0.00392610534082268
"ilvE" 0.823224443119714 7.01912196549354 9.70640282708019 0.00203209458739586 0.00430746810426868
"nusA" -0.59914477374633 9.44425327770446 9.62362344715484 0.00212243833335587 0.00448843516398209
"tdh" -0.51039804442426 8.20660483643559 9.59393457166421 0.00215583035097879 0.00454839908162115
"rpoH" -0.659823435104539 10.3167285588294 9.55061374548593 0.00220551970136954 0.00464238762316246
"yodC" -0.831491078534742 7.57092707257079 9.52519344057045 0.002235219891245 0.00469396177161449
"tomB" -0.613526119093719 6.81698719263237 9.50290906371305 0.00226159200599913 0.00473566896271904
"nrdD" -0.568370244434404 9.33604171379973 9.4995713830182 0.00226556920475595 0.00473566896271904
"yhcO" -0.732793782427988 6.23761925391999 9.4306960359387 0.00234925530134346 0.00489925528201649
"yfhM" -0.485440808926984 9.06295681720804 9.37325675999981 0.00242145729968809 0.00503819341386715
"cdsA" -0.47300859186498 7.39576031188664 9.2361584746864 0.00260309688940283 0.00540367009455346
"proV" 1.29110413323147 7.49401268109493 9.08550285242794 0.00281882162709264 0.00583806405794645
"tpiA" -0.552718333849769 9.86196953491753 9.02912681307476 0.0029041714919639 0.00599573860831984
"yfdK" -0.714593524223123 3.24744999102944 9.02648709395191 0.00290823201599567 0.00599573860831984
"deoB" -0.792745349830305 11.3922101748986 9.00890453161071 0.00293542673826569 0.00603801900832327
"fhuF" 0.625098168696329 10.0896364019362 8.94579010262926 0.00303520544192687 0.00622906935013628
"sodA" -0.688456726340079 11.1910694367084 8.9165630948258 0.00308257932826291 0.00630507628558457
"yidH" -0.55225354903773 4.60218669565167 8.91434480777721 0.003086205668027 0.00630507628558457
"yghQ" 1.3120472478129 3.1451923194181 8.87515036348298 0.00319197252619333 0.00650643609740987
"gltX" 0.563036305357726 9.02147334966174 8.84213575059125 0.00320666308048088 0.00652165937314017
"rnk" 0.462219958778572 6.44703640338645 8.73876761756101 0.00338752589671564 0.00687401322412185
"atpG" 0.781427239846754 10.1918643811337 8.73285855894967 0.00339817502255816 0.00687803515740191
"qorA" -0.680753636352322 8.67029785110564 8.72637869878554 0.00340989221420645 0.00687803515740191
"rpsD" 0.763781951398373 11.830360117166 8.72501767689275 0.00341235852770328 0.00687803515740191
"hns" -0.642631850838495 10.6019393248796 8.68854055116966 0.00347914339214736 0.00699703002919613
"parE" 0.443573893263204 7.91087967559824 8.56977726449541 0.00370599952994891 0.00743670572343081
"rpsM" 0.753960645133509 11.2303771483144 8.56162033992194 0.00372212559302696 0.00745250423614933
"yfaD" 0.802983027932852 4.54115281629701 8.53221585259125 0.00378085629965458 0.0075533478729825
"clsC" -0.440637281312094 6.90278552231126 8.5274972880767 0.00379036883670263 0.00755563589302975
"clpA" -0.758837616718344 11.3821206876611 8.38650151689925 0.00408621421600839 0.00812742607280965
"yiaG" -0.841007528580842 9.31789096090885 8.35743134539969 0.0041500954025168 0.00823634318345641
"pcnB" 0.472454138900074 8.41320883229343 8.22717574622038 0.00444913962436798 0.00881046728246555
"ygfZ" -0.452656706318518 8.33557022442067 8.16179553770195 0.00460747748839964 0.00910405289283343
"panE" -0.350508631456799 6.9783071692218 8.13190805989775 0.00468177159297838 0.00923065447261894
"yrbL" -0.572617043733707 10.5651054418084 8.12745523242434 0.00469294505905582 0.00923252590049544
"uidA" -0.609824569511067 5.84468826114089 8.10399289326554 0.00475227220872967 0.00932891696626716
"asd" 0.660099640681123 10.1136565284484 8.09778353517255 0.00476810156927788 0.00933968702181763
"hemX" 0.392193956040015 7.49922504710265 8.05791997199162 0.004871020663097 0.00952063129605323
"pheS" 1.06908666736885 8.34508035523391 8.01388797307014 0.0049873530915233 0.00972695430161023
"gapA" -0.83597697083015 13.2300785155111 8.00062851610224 0.00502293985287856 0.00977524717058047
"rpsK" 0.702700257519717 11.1988195254996 7.8958974630739 0.00531334038321903 0.0103181642280576
"asnB" 0.772798177937347 8.45421360750447 7.77214062967902 0.00567881625001981 0.0110042297720341
"gsk" 0.531114611453173 6.50624574852362 7.68410753960955 0.00595442120975506 0.0115135810544086
"hokB" -0.774478265884592 2.7674976346556 7.64896888455664 0.0060726091928522 0.0117042379354407
"ettA" -0.43410971308338 9.20493336750548 7.64569584630575 0.00607894528429865 0.0117042379354407
"yebF" -0.555154422533064 7.45231101893401 7.60766143723915 0.00620488285881937 0.01191298271331
"glmM" 0.48717292463655 8.46873412943934 7.60501388207535 0.00621374845843746 0.01191298271331
"yceD" 0.640484463996953 10.5054337950697 7.57158566041321 0.00632681211823509 0.0121040494550133
"zinT" 1.46956825858368 10.2372600014312 7.56750606709731 0.00634075441920893 0.0121050766184898
"yidD" 2.0194506581364 5.63069724474057 7.56137377571802 0.006361771373636 0.0121195771105344
"ldtE" -0.748188832022416 10.4342349884441 7.4769237965813 0.00665859389537349 0.0126583374474153
"yejK" 0.54324087083762 7.09332032380071 7.45623076832223 0.00673347248036587 0.0127737933818705
"wzxB" 1.20081850516125 5.3333023293901 7.41917174690736 0.00686974253053778 0.0130049842873703
"nlpD" 0.692284762596283 11.636980792584 7.41027599060836 0.00690287309252676 0.0130403648588947
"msyB" -0.653269410042982 7.94972445201187 7.35815886662113 0.00710030167218142 0.0133853286220873
"lptD" -0.475073161955198 10.3280345571153 7.33982368346203 0.0071711312842711 0.013490690728535
"hycI" -0.491959049573352 4.80734723572955 7.27842468425076 0.00741365462180147 0.013917942044671
"rpoA" 0.785094000590908 12.623200306461 7.26313359494524 0.00747535557086831 0.0140046599180375
"raiA" -0.856627599436608 10.3836660395397 7.20486174461622 0.00771537184045601 0.0144210334189721
"orn" 0.531996273859271 6.10907386025982 7.20147901652953 0.00772954615147564 0.0144210334189721
"fic" -0.605650013103971 8.25371194861319 7.17090526052027 0.00785887836716616 0.0146320972485588
"sufS" -0.63851216236635 8.80954271439756 7.14364513115788 0.00797607121337483 0.0148037317950652
"rplQ" 0.68884987015217 10.5835057435503 7.14185011630845 0.00798385092380594 0.0148037317950652
"mscS" 0.571875574418402 9.28217525474574 7.08774065372351 0.00822206866351344 0.0152141967277718
"pflB" -0.732029464955419 12.4102707679567 7.08381441074865 0.00823963625527873 0.0152155246186436
"dinJ" -0.439906905838548 7.25284421980295 7.04824484061945 0.00840056075954912 0.0154810333997405
"deoD" -0.594497105096595 9.82015289485615 7.03911799773437 0.00844237198756898 0.0155263989913947
"rpoN" -0.403462683187028 9.31318392452642 7.01051993770066 0.00857477661216144 0.0157378521967109
"ydcF" 0.437485702755256 6.62158910846427 6.97693573963912 0.00873300083826392 0.0159957398721142
"fliY" -1.10666342317346 9.31441126381871 6.9715782675941 0.00875851812106477 0.0160100037719058
"adhP" -0.682336775891069 9.47476241487432 6.96441773478827 0.00879274324825977 0.0160400952589466
"mrdB" -0.396385077626921 6.48808325467358 6.93023286018606 0.0089580455739215 0.0163086999057482
"lpxC" -0.701557852872503 12.0376702341486 6.88787620710632 0.00916731420279197 0.0166561060867629
"yfcC" -0.738068510481646 3.10538827037211 6.87626587110184 0.0092255517492494 0.0167282594971329
"rpoS" 0.688163082582635 12.4365909196395 6.8424591663786 0.00939730794337702 0.0170055492442274
"otsB" -0.544127329009314 8.98113171769851 6.83212866825085 0.00945044730703998 0.0170675078365142
"kbl" -0.403854498615836 8.06264371717828 6.81234349742408 0.00955308737857128 0.017218438927844
"yfaY" -0.34693495467033 7.0766631178733 6.76874859816979 0.00978332239253082 0.0175982870925405
"tabA" -0.488471242272588 5.42380669270263 6.6701114842526 0.0103256152729286 0.0185368401420567
"rraB" -0.428559577951565 8.70075739246436 6.6343062514382 0.0105300584903347 0.018866354795183
"fepC" 1.24014270240411 5.48745292677015 6.62385971338199 0.010590490650755 0.0189370555596669
"ahpC" 0.620292543451907 11.1119078561976 6.61128602205188 0.0106637031574247 0.0190302844884476
"cybB" 0.836801180407459 5.85275576577422 6.58899530072522 0.010794781455784 0.0192262083916627
"kdpA" 0.86157150774454 2.49078830003886 6.94623628175463 0.0111214237030526 0.0197689874091663
"nadE" 0.436203036158277 8.46907239351158 6.48628416631109 0.0114206059293879 0.0202609177882853
"rplO" 0.714693781299218 11.2729074642937 6.45708191276024 0.0116052922220078 0.0205481938754374
"cysK" 1.00032088667461 11.6206502044176 6.39472717549 0.0120100493108226 0.0212232378232345
"ytfP" 0.457117410994433 6.69473824338581 6.36646259718892 0.012198298774313 0.0215137964711027
"caiC" 0.845602596930623 3.45168473606166 6.35137600935768 0.012300025243867 0.0216509216280934
"fdhD" -0.343731423382195 6.05627874880377 6.30950951883338 0.0125869438294552 0.0221128604630313
"fepA" 0.971416895901364 10.5622733309005 6.23524572639864 0.0131130368834825 0.0229923734092906
"yjeI" 0.46550051708122 7.03934445223855 6.21042020515047 0.0132939341214023 0.023264384712454
"ligB" 0.729919756738481 3.567814388387 6.1626880422794 0.0136490380879698 0.02383961584804
"cysM" 1.30260391406232 7.53457976121418 6.13519074529642 0.013858047557962 0.0241579477699607
"pgpA" -0.33758503482089 7.21401664696096 6.11154148553545 0.014040457378269 0.0244287726639246
"gloB" -0.537573651794643 5.82474070203079 6.03372572693702 0.0146584084413401 0.0254548900433272
"yggS" 0.538248906745152 5.61862317482468 6.0216537739803 0.0147567694748517 0.0255765121608274
"recR" -0.386527727169094 7.67401410095909 5.96935201286678 0.0151908840499456 0.0262784833277794
"creA" 0.603636469695067 4.97874137411516 6.24758258488169 0.0154820956590036 0.0266897775322704
"insL1" -0.405519162244838 8.5736286257315 5.93446943745864 0.0154877557330119 0.0266897775322704
"ftsX" -0.314920398536913 7.30462296956487 5.92841046775181 0.0155399311730654 0.0267286816176725
"galU" -0.375250286135184 8.55602606508224 5.92330801229784 0.0155840111448551 0.026753540045255
"yegH" -0.300941303402267 6.48908331315471 5.88019958510957 0.0159616381747058 0.0273498278401505
"aidB" -0.64660692447802 8.54995729248357 5.87408727189445 0.0160159447929237 0.0273909055833525
"glgP" -0.505631283175371 9.65346597842317 5.79976744093393 0.0166918070028281 0.0284928198932964
"yraJ" -0.403870046589692 5.86896941077337 5.78491083704792 0.0168304249751333 0.0286752334953686
"rplP" 0.664783137433021 10.7568910413405 5.75028957520081 0.0171581113221215 0.0291784830958111
"ispU" 0.486261653786502 7.61447021452653 5.7422721202491 0.0172349357471359 0.0292540356760596
"uxaB" -0.573562936312147 8.45562671317862 5.66546130494701 0.0179893068168378 0.0304771933501024
"ybgL" 0.350217773057705 6.3526182566498 5.64134318119612 0.0182331867805544 0.0308325237131846
"lldD" -0.507668385874888 6.41373642286173 5.62306507997147 0.0184202998894822 0.0310907117760792
"fruB" -0.908035762818935 10.7054775886575 5.61707677733583 0.0184820352770617 0.0311367124163931
"rluD" -0.322706495966451 7.54190224110185 5.60473972715886 0.018609900812403 0.0312937438242083
"yheU" -0.552258658584735 4.00876351382718 5.53351716654305 0.0193662759288913 0.0325051062523956
"kdsD" 0.283112214654686 7.06607921509886 5.44130159161561 0.0203933758829316 0.034155545365854
"rcsD" 0.365923118036485 8.0164554391078 5.43851833203897 0.020425243075926 0.034155545365854
"potA" 0.568016416401337 7.34911467266356 5.37933821235732 0.0211152438768062 0.0352441131622107
"tktB" -0.72055544717964 11.3153794575655 5.35153968474024 0.0214476931691798 0.0357329648187627
"roxA" -0.311701124679341 8.64904871225818 5.23801416582929 0.0228630335703258 0.038020845882144
"glpK" -0.986495285890856 9.10073906286107 5.23224314940179 0.0229375323321237 0.0380746170880657
"sseB" 0.626302019594335 6.31273831579745 5.22011292016832 0.023094949508042 0.0382655768913063
"hyfF" 0.539007187059786 3.46394208524385 5.20126355440728 0.0241637234811262 0.0399630811418625
"mntH" -0.675035964061817 11.0093291277957 4.99546894778145 0.0262232759131756 0.0432899783356446
"gshA" -0.350903912774071 9.22425381834142 4.98208795838835 0.0264230574673455 0.0435401841113375
"ahpF" 0.338894262076742 8.43227376483631 4.967153804236 0.026647908776394 0.0438307133425934
"fre" 0.261186469191515 7.68131411831168 4.94509850739338 0.0269836441141365 0.0443022375183005
"pepQ" 0.325978195534071 8.1980355480685 4.93843643683965 0.0270859248926325 0.0443894558585247
"gcvP" -0.519172808579583 9.6873857215927 4.87728590812794 0.028043921164438 0.04587619712226
"fbaB" -0.613738519138705 10.6630380451392 4.84384145673832 0.0285828104524049 0.0466731968146864
"acrA" 0.34464990127305 8.71368720792769 4.80267950188336 0.0292609773972497 0.0476462081379752
"talA" -0.611894175403991 10.3152466567639 4.80128688257432 0.0292842143040711 0.0476462081379752
"ecnB" -0.75742392205074 7.6485983022687 4.79015604193404 0.0294706371625334 0.0478632830175677
"fabI" -0.400591913872695 9.61136176182987 4.78452608702472 0.0295654026493396 0.0479309849054823
"rnr" -0.349094847299504 9.39549275075805 4.71463756175956 0.0307687533674735 0.0497924449656426
"rpmJ" 0.487429070369059 9.65446030817358 4.68997031340882 0.0312056495864934 0.0504091262551047
"lpp" -0.855063513700826 11.8940725879659 4.58900540420049 0.0330629207828975 0.0533139597624222
"yfdE" -0.48330116579327 3.56619693171871 4.57143535217946 0.0334077203868407 0.0537739242590323
"sad" 0.446747509671932 5.16148106101371 5.31148769640575 0.0336526633819553 0.0540718061101524
"glgC" -0.432765981541026 9.31656995762569 4.54208045574268 0.0339653021913979 0.0544772076000574
"yfiF" -0.336018004224182 7.36184190701711 4.48839518570771 0.0350295345650344 0.0560845207663583
"fhuE" 0.758804680743541 8.31406533136643 4.33704498184994 0.038223120230744 0.061089340828959
"btuD" -0.329592707137771 7.03615070197215 4.31125657504927 0.0387971869234779 0.0618972787842766
"dctA" -0.615816092364527 9.23994027401723 4.3051107788656 0.0389353336133552 0.0620081239027509
"nrdA" 0.472885189506062 8.66212539776635 4.29991007993084 0.0390526415354748 0.0620854494833341
"ygiQ" -0.480410670929337 7.2387243001044 4.24437964895359 0.0403287056750288 0.0640014432768911
"glgA" -0.442693992102943 9.26588896611871 4.23436488829049 0.0405634879830864 0.0642611046468896
"zapA" -0.433238528267982 9.46945402309309 4.17535804163591 0.0419764606054954 0.0663830891887257
"ybfA" -0.59345510421766 6.46770471164582 4.1163020856305 0.0434428082331118 0.0685546910722538
"fhuC" 0.422952077150629 6.04558749607473 4.11398312869698 0.0435014817103006 0.0685546910722538
"infB" -0.484869413705933 10.7311569290682 4.10102682460802 0.0438308446560448 0.0689534019588998
"putA" -0.586971822770279 9.37687280022352 4.07656107204998 0.0444600094718016 0.0698215453096293
"yagE" -0.52511445075564 7.23830200120259 4.05140280162296 0.0451169659973121 0.0707302435687029
"gatY" -0.677228550425762 12.3959915197066 4.04269240511806 0.0453468099073664 0.0709673645517363
"ftsK" 0.284728032618431 9.15645741190404 3.98104612259349 0.0470093843004293 0.0734419965800825
"rpsB" -0.530844423998247 11.8882731055943 3.97588543086728 0.0471514679997533 0.073536745429667
"ubiE" 0.270410987986303 7.44170779498198 3.97259164219915 0.0472423903937026 0.0735515146991611
"udp" -0.481551950466755 8.86268957100001 3.94412524517834 0.048035977255553 0.07465832609598
"pepD" 0.378891425788739 9.92282177597428 3.91693385285394 0.0488072422184356 0.0757267005554079
"eamB" -0.577413139875815 3.61639543226628 3.90942090333487 0.0490226524794552 0.0759304548695506
"aroB" 0.293449430184166 8.74280780036309 3.90536947207665 0.0491392334230461 0.0759806982551553
"atpD" 0.522050342826783 11.021405383438 3.83371869711618 0.0512504196256917 0.0791096220888882
"znuC" 0.371338694059602 7.84426538344196 3.82572219197157 0.0514919500300101 0.0793468103704763
"mdlA" 0.324058534845444 5.37689534288121 3.81786697959635 0.0517303920911049 0.0795784396222618
"pgk" -0.500100346595958 11.1124456573535 3.73140354253521 0.0544340286225642 0.0835951153846521
"dld" 0.395497363121727 8.62831404574161 3.72244770554481 0.0547225536448236 0.0838480327607575
"yceI" 0.96073358088487 5.57543139018167 3.72053364753054 0.0547844289356002 0.0838480327607575
"glyA" 0.592642989800652 11.0266561792656 3.6604889949515 0.0567638645110988 0.0867305747098515
"acrB" 0.361705317211618 9.84671587687553 3.6188610568583 0.0581809034718422 0.0887455335051918
"argS" 0.348668082168024 8.20912756199035 3.61256534938421 0.0583984820146438 0.0889271994253344
"cca" -0.292182267612756 8.27990413115619 3.53973097417549 0.0609798519598256 0.092701694140947
"dsbA" -0.37366738843889 7.75224407469636 3.53025167000573 0.06132469099303 0.0930692369188338
"rpsQ" 0.475488550240318 9.7924160590009 3.49957685314394 0.0624549696009545 0.0946255663584932
"ribA" -0.237995331832394 6.77247877665196 3.49554174194968 0.062605304826397 0.0946944560439472
"elaB" -0.558796000360538 10.2537268180313 3.47485597973225 0.0633821039587809 0.0957090967805672
"yedQ" -0.272264857980074 7.45421831337794 3.46156438559193 0.063886683087585 0.0963099746712675
"aldA" -0.546702953089167 8.99329180784216 3.43383894550204 0.06495312485246 0.0976310630916479
"rbsA" -0.516911047962498 7.63129530800158 3.43316570903771 0.0649792568306538 0.0976310630916479
"nuoG" 0.388782501088643 9.3759239288793 3.40508200848627 0.0660794566796077 0.0991191850194116
"rbsB" -0.380129252723387 7.95576224979022 3.39104081807612 0.0666370170182617 0.0997897618034665
"yciM" -0.233710028721819 7.56480570131196 3.38343540646616 0.0669411280351661 0.100079203006217
"phoR" -0.303501128627598 5.38591688604201 3.30821178812155 0.0700306969522731 0.104525155946946
"cspE" -0.794065819196864 11.002118444534 3.26595033050364 0.0718335111571939 0.106922374128232
"pntB" -0.340677315213988 8.91050575527811 3.26455170853479 0.0718940229350193 0.106922374128232
"umuD" -0.522011880865627 2.65608706361762 3.26017464209993 0.0720837533388416 0.106922374128232
"yeeJ" 0.215310295137885 6.69820668860054 3.25956001700115 0.0721104383655519 0.106922374128232
"ynbC" 0.480785316305992 3.25206788619403 3.25497667297067 0.0723097684828641 0.107042165475453
"flk" 0.470421165051285 5.4516018285216 3.22858990829485 0.0734689522651793 0.10858013730844
"ilvH" 0.607571575524886 5.70367499899023 3.1982893345053 0.074875922249929 0.110478689202101
"dps" -0.650866989671232 13.3139212104671 3.16390911336589 0.0763961450616553 0.112537877635685
"moaA" 0.234120023085307 7.72960023200543 3.14907697171572 0.0770850012110301 0.113367680934137
"yfeO" 0.233997817707963 6.97977470172465 3.13837046073776 0.0775864229774727 0.113919577152289
"helD" -0.215069277388082 7.42156267192532 3.1131139841566 0.0787833084470144 0.115489168064373
"osmY" -0.450832121280661 11.2094514115593 3.03157905584625 0.0827857479948693 0.121159692770449
"hdeD" -0.528181785611771 8.3806068741929 3.02633374716878 0.0830506798312677 0.121350750627241
"potF" -0.358201921564612 7.6367187370978 2.9786663488611 0.0855009426348747 0.124671226385293
"cbpA" -0.350293215430666 8.68332730868495 2.97678417809429 0.0855992916488167 0.124671226385293
"fabH" -0.25524534184777 9.069958139189 2.96799169513077 0.0860603580157608 0.125140907066396
"rpoB" 0.485406207781545 12.8563599095519 2.9611387626341 0.0864215905706695 0.125464141937805
"nrdB" 0.34251644833661 7.53225745115982 2.95546742879948 0.0867217865093544 0.125697870333783
"malP" -0.336691781159072 8.60426371692552 2.92774611201372 0.0882055651686215 0.127643630364207
"holE" -0.387144882984762 5.1636892246792 2.88826600888385 0.0903666951434431 0.130561801143247
"glnH" -0.317604253671653 8.62042860570135 2.83127858547418 0.0935887408121988 0.135001011107693
"rplT" -0.377389501842645 10.6949728746652 2.8144520059893 0.0945639602446513 0.136190201117895
"cyoE" 0.377755402476594 9.7474132232621 2.80766974902406 0.0949601788579471 0.13649884571195
"gudP" 0.674028364554403 2.41884619770048 3.15233854631006 0.0951403780106113 0.13649884571195
"btuB" 0.363591744503244 7.10188967456028 2.80303895526105 0.0952317528222908 0.13649884571195
"rbsC" -0.360067874089974 6.6956680428289 2.78742889420105 0.0961534907272976 0.137601588156497
"hflK" -0.302290895521149 9.89891625312564 2.76584027937003 0.0974443891961692 0.13922829658883
"yqiC" 0.366966498675632 6.61797433592297 2.76034594983179 0.0977759483994402 0.139481329233325
"hcp" -0.695708660263321 2.44938118547321 2.73496804227605 0.0997895699961877 0.142129308685422
"yegP" -0.412054158303964 8.18550836212334 2.72111732857596 0.100179498951394 0.142459980398596
"lsrB" -0.458945230808672 7.89857128503422 2.69488934382155 0.101822652258789 0.144318759439891
"yccA" 0.307297715599862 9.52564652835471 2.69351043509765 0.101909855095436 0.144318759439891
"ydhS" -0.317456242848502 7.22871045117267 2.69262208753395 0.101966078098173 0.144318759439891
"fdoH" -0.486588856547056 8.41236423489238 2.64127492681086 0.105274541673023 0.148768249030891
"skp" -0.280898760191133 9.39541007678855 2.63697508945012 0.105556912106096 0.148934205674695
"xylH" 0.305924166931717 3.85268788893252 2.60275860631147 0.107833903949735 0.151842177998955
"pfkB" -0.306227511853035 8.32472472180549 2.60097254568059 0.107954239507563 0.151842177998955
"recA" -0.261731827992332 8.81052942181431 2.5690104237478 0.110132949447075 0.154473825804339
"pepA" -0.254871267233255 9.05371618271053 2.56851094859422 0.110167379643404 0.154473825804339
"yjbJ" -0.577606812635206 9.90702103563964 2.55980128074675 0.110769678084705 0.155077549318587
"gatZ" -0.553003947746666 12.0821504720941 2.54633617430656 0.111708008845048 0.156149120723032
"atpC" 0.377931773322053 9.24022846863137 2.53028639033962 0.112837964763287 0.157484825627895
"xylB" -0.247768005282618 6.04144384641044 2.5156985843404 0.113875981244206 0.158688288678269
"yqjI" 0.270426211392529 6.25278328756791 2.50680484645829 0.114514017736041 0.159331522366172
"znuA" 0.576897211221381 11.2997365337114 2.45783568813988 0.118098878186429 0.164066595388223
"gspE" 0.650073968084009 2.50121550586463 2.69057033573924 0.118970418279148 0.165023483419463
"xylA" -0.258186934585243 7.21552355604942 2.44189839538712 0.119292342067945 0.165216234489808
"ybhJ" 0.439989943607205 3.68575145252873 2.63892246287132 0.119475581355071 0.165216615564516
"hisS" 0.273990709060267 8.84734830892695 2.4333657083785 0.119936820959564 0.165600839948756
"rbsK" 0.290412204684163 6.25232355611931 2.42294980731247 0.120728797540497 0.166216255358397
"lsrC" -0.425316207044588 7.33211613013634 2.42283185896589 0.120750679418725 0.166216255358397
"pldB" 0.195297283754521 7.19872081052012 2.41681533695908 0.121197957307792 0.166578014381943
"ybaT" 0.332379937076138 8.39443043694325 2.40569408872623 0.12205368900251 0.167499211503445
"selB" 0.341688447804722 6.79202844767353 2.40094328684049 0.122421293039588 0.167748752070938
"gpmA" -0.403300418824028 11.5384181733652 2.39716035905836 0.122714888274805 0.167896278957802
"emrB" -0.253989874987375 6.32767590321321 2.38554348394584 0.123621399450438 0.16888067126134
"yqjA" -0.200475038679399 7.4668539160461 2.36744651518889 0.125048501263127 0.170572200363449
"metI" 0.654149621366093 5.9208027012177 2.35749243021749 0.125841301595406 0.171394713937634
"chrR" -0.268979864630966 7.17910631003671 2.33708028372119 0.12748467176605 0.173143059875966
"frwA" -0.457859511865524 3.1666239946525 2.33678703860467 0.127508454947417 0.173143059875966
"pnp" -0.351557914492773 10.9723996850581 2.33070849662438 0.128002564972217 0.17355302728215
"hsdR" -0.294242269425519 7.563302089964 2.32356812516655 0.128611754837286 0.174117563145531
"pstB" 0.312156889533922 6.61530249089735 2.31132905719309 0.129592236932658 0.175074063490249
"bamE" 0.326248958478404 7.38275222602106 2.30995200018303 0.12970603374859 0.175074063490249
"yicC" -0.23253426711471 7.76350110520217 2.29235759567408 0.131169893411144 0.176785692164572
"mreD" -0.238090625923825 5.79965473089231 2.26462879379835 0.133514705139141 0.179580416155339
"ileS" -0.325650338785893 10.755903737806 2.26314802082848 0.133641239929554 0.179580416155339
"damX" 0.201208062487465 8.98184693615995 2.21376007801328 0.137939781360178 0.185081162805707
"ddlB" -0.235891340565049 7.62121968856254 2.19877588490327 0.139274567466915 0.186594858193805
"yejM" 0.238738998404467 7.44550695467088 2.18915459340706 0.140139304981622 0.187475247997636
"aroF" 0.92141631912133 11.2087007089934 2.12216739479997 0.146330872187004 0.19546860589477
"ansP" 0.528237639001884 4.29802333437184 2.11439667017985 0.147068946997087 0.196164341415612
"recF" 0.302112553201116 6.38701243970741 2.11027989470899 0.147461674325834 0.196398070672903
"tyrA" 0.870562044320028 10.529442132063 2.06814599778049 0.151550310363309 0.201546289039865
"fdoG" -0.450053485229292 10.6948733857997 2.03469274633711 0.154888542142559 0.205682872874603
"malQ" -0.232189533114883 7.98540525496931 2.02286737844859 0.156088561202702 0.206972056925169
"rbfA" -0.219333865052499 6.45551304845876 1.97996878862218 0.160531863310272 0.212551719309641
"ybaY" 0.319464584960808 9.76122816361625 1.97392868527145 0.161169025998879 0.213082914314769
"yegI" -0.318530094136729 4.02694796104541 1.96144962932504 0.162494625218142 0.214521413116933
"ubiJ" 0.227461846785987 6.44226121459589 1.94680961400375 0.164065742035249 0.216279365047927
"entH" 0.507580563080395 7.60135395875971 1.93488309384002 0.165358554033733 0.217665851738282
"holA" 0.209964072269604 6.78062590306191 1.91656340350627 0.167367247582084 0.219989264289114
"rplL" 0.33782869155736 11.0639967371971 1.90066142334437 0.1691336390502 0.221987901253387
"gnd" -0.349278742780654 10.9682623962916 1.8939037113718 0.169890781795485 0.222658020263169
"galE" 0.272685367578304 6.70690984819298 1.87382057629376 0.172164101468742 0.225144388197731
"gyrB" 0.235542437946231 9.53735007325024 1.87274736177618 0.172286569484643 0.225144388197731
"insH1" 0.274202137132592 9.84046121541462 1.86784045758109 0.17284779592879 0.225551386883956
"ispE" 0.219350432248517 8.04254201240094 1.83286989761779 0.176909353590557 0.230518248617998
"narL" 0.334673051557059 5.89869318861643 2.21173738662322 0.177514840607115 0.230973920847586
"ugpE" -0.51712613699103 3.76645280809982 1.81040223080975 0.179577149188842 0.233321101751833
"tufB" 0.357413258973812 12.4543398934085 1.74295113500369 0.187871855675608 0.243747536889474
"yqeG" 0.269601407269878 4.9607682462934 1.73944445561295 0.188315166116666 0.243972159258751
"sra" -0.511842980983011 9.84542906005154 1.7355920778472 0.188803590139212 0.24425450128325
"plaP" 0.693035780205503 7.51982591788451 1.72592663854408 0.190035562510576 0.245496585045852
"gsiD" 0.527666715267617 5.07789169468245 1.66339081798458 0.198238321498158 0.255615941072448
"relE" -0.241410519278135 9.25850269714307 1.66192918604444 0.198434966436086 0.255615941072448
"rapA" -0.202050726680538 8.45794548450508 1.62954596752133 0.202851360524851 0.260932732982821
"gadX" -0.295942661959722 7.85126973733362 1.60757633903292 0.205913786297496 0.264495233323811
"puuA" -0.338170037629585 6.94422328932326 1.59412670639501 0.207815629814546 0.2663845572694
"rpmC" 0.326599715856476 9.19683780956144 1.59300872631459 0.207974654346541 0.2663845572694
"msrC" 0.225856207943473 7.23652701463495 1.52908127918773 0.217313802464031 0.277952356409376
"pliG" 0.434682268921216 8.05226219925749 1.5175119145825 0.219057065344972 0.279785756727737
"ygiW" -0.359001005018828 10.2796126736702 1.50387017010668 0.221134180992896 0.282039781690091
"yjbQ" -0.213553458101357 7.84689236906453 1.49659532186092 0.222251527387173 0.28306506238451
"epd" -0.240727173050014 9.47198520319907 1.49003899154886 0.223264334709322 0.283954498933123
"fabF" 0.254060166238035 10.048611668828 1.48428200873968 0.224158241828838 0.284690425276288
"cysA" 0.615127130256382 8.35457046415055 1.47132819874184 0.226185436830263 0.286861586317033
"yiaU" -0.25382159982314 4.23747411330062 1.44892465936274 0.22974392929439 0.290966014239599
"fusA" -0.357036643894777 13.4761018705181 1.43741927450619 0.231597700020898 0.292902973555841
"mdtF" 0.316001583949858 7.85984197874696 1.42868398493849 0.23301725896771 0.294286132654325
"yebV" -0.389133589943625 10.3103057818525 1.41239315652559 0.235692974824159 0.297249659589687
"crp" -0.188826263927087 9.20718932981652 1.39314192207687 0.238903263995569 0.300623196891354
"ybiO" -0.219431792003104 6.66299535456902 1.39236624469058 0.239033726874853 0.300623196891354
"lamB" -0.385154143509334 6.22306159098928 1.33607641864128 0.248738296528839 0.312393159618278
"ldrA" 0.248076984793191 4.50939231111247 1.29077899970729 0.25690141914817 0.322197196514996
"yjiY" 0.868002453123824 6.90679924720509 1.28041050068559 0.258850195355016 0.324191021366962
"yajQ" -0.174738378082068 8.12488134894553 1.26980614302251 0.260793174168163 0.326172072401456
"hdeB" 0.350732438144488 9.42924261057611 1.25980760012439 0.262674308141532 0.327929434512909
"pgpC" 0.172468449657399 6.8164594928252 1.25848399844401 0.262924596442244 0.327929434512909
"fbaA" -0.288309980335402 11.3236982290466 1.24744743911648 0.265023190999256 0.330090953754935
"pepN" -0.22494162839085 9.95903656601675 1.23894343212393 0.266654502932924 0.331665311499216
"fliG" 0.615502893547244 2.76942795573857 1.23048390893724 0.26828976004892 0.333240238410144
"etk" -0.151556261305101 5.90836250129383 1.20392910153798 0.27350526343244 0.339251720988314
"yahK" -0.240511973087059 8.97268373365538 1.20128025972342 0.274043208606587 0.339452698726678
"ompA" -0.354353563425549 14.5755321288794 1.18607237033613 0.277084277176905 0.342749455192802
"katE" 0.264724436936863 10.0551777815857 1.15244915239166 0.283985609589224 0.350805753021982
"grxB" -0.232939596635894 9.23534468309667 1.14194550642888 0.286186183775074 0.353041152935645
"zapB" 0.249470690125778 8.09269751057157 1.13539061772615 0.287570487452863 0.35426487062747
"hicB" -0.197247299924864 4.42010759086175 1.12662451254604 0.289435157406033 0.356076222258376
"secY" -0.304000134684708 12.6277085003346 1.11450753135829 0.292038142800744 0.358789718298057
"dgoR" -0.20345278956686 4.65092916602154 1.1110101706962 0.29279502335425 0.35923085066425
"tyrP" -0.342087372804701 7.40162044007509 1.09046359740295 0.297292867965444 0.364254355186969
"rplJ" 0.26620580808755 12.0306125476077 1.07593946917756 0.30052615129933 0.367716957484139
"yhbO" 0.217931538311359 8.21430825440375 1.07074626979203 0.301693255835476 0.368645480405189
"miaB" 0.18543777529751 8.15784479745877 1.05664335959054 0.304892468106238 0.372051214459368
"malM" 0.251360591417014 5.43432613565881 1.04580651866444 0.307380769276326 0.374581423288154
"entB" 0.366999031233796 8.92720467517272 1.03939375267346 0.308865696529836 0.375883725022159
"gsiA" 0.271566727150727 8.15007196327568 1.02518576488946 0.312189177573401 0.379416995085842
"artI" -0.189438648628705 8.38058508068595 1.02199414618096 0.312942174821166 0.379820946053109
"dcrB" -0.155947836950876 7.18089276530067 1.00315951596278 0.317434684533546 0.38475640286415
"fhuA" 0.184378861905675 9.7067382295676 0.979751892468637 0.323137095675276 0.391143160046615
"ldcC" -0.183152078835521 8.10433049833017 0.96776074906699 0.326110855680774 0.394174313051903
"valS" -0.192478885596851 10.0855808024113 0.964820256834211 0.326845630392591 0.394174313051903
"cfa" -0.237706628369717 11.0141374773273 0.964400150772516 0.326950786794989 0.394174313051903
"hscC" 0.316506840537196 2.95041515604883 0.955092319022813 0.329292220360148 0.396467833313619
"ycaQ" 0.22991847349944 4.61012235131912 1.0561794985891 0.334871243611243 0.40264811315706
"narK" -0.238577143701439 5.76453808215162 0.871159826642417 0.351468867253692 0.422043067992133
"kdsB" 0.140075388323247 7.51921787397276 0.868484674393601 0.352199092762027 0.422358274587132
"infC" -0.229535883498642 11.6097747715248 0.863863646772159 0.353481337937791 0.423333750872447
"entA" 0.326106010854151 8.45031781106382 0.851982687233985 0.356807619843243 0.426751365189999
"polA" 0.128085523792117 8.7262254317613 0.840924507333739 0.359942386249987 0.429931183576374
"ychN" -0.160701579751393 6.01528860126415 0.809826737321062 0.368965084123835 0.440126117521563
"trpC" 0.557892829947291 10.3770516795593 0.803388725695037 0.37087229589497 0.441817524001528
"yqcE" -0.405407958745003 2.27850944960207 0.797587702546263 0.372602650041168 0.443294061906687
"fiu" 0.39329931742178 10.7754006218652 0.783749368675635 0.376776475975489 0.447669944481403
"rcsA" 0.398275480584886 4.39264549389535 0.781146784011361 0.377568802759875 0.447732759713779
"ydiU" 0.127160670843477 8.07068325652727 0.778896465409887 0.378255784473913 0.447732759713779
"yfeY" 0.183226044829156 5.92116343818207 0.778696787072599 0.378316827975209 0.447732759713779
"rpoC" 0.242962111311485 12.7367029786381 0.774099703850647 0.379726060475003 0.448680237608731
"lnt" -0.125407308805628 7.27566341991498 0.772847647929662 0.380111164751583 0.448680237608731
"yddB" 0.410791571305627 4.5877277289377 0.752469565997131 0.386457784942104 0.455576213841671
"uxaC" 0.172935412534406 8.64515663029211 0.741495296055657 0.389938434098883 0.458385393664094
"pal" -0.169004287315156 9.68043447739648 0.740417331691137 0.390282746603292 0.458385393664094
"gsiB" 0.242766591980494 8.06735992048122 0.740164268050743 0.39036364089445 0.458385393664094
"soxR" -0.138286617367654 4.67477755015716 0.734673153286197 0.392124879767091 0.45985554081777
"srmB" 0.122169664500223 7.39402103989551 0.706321392785546 0.401403647351332 0.470126450788914
"galM" 0.127487248606436 8.0797924419365 0.68419991346976 0.408867108009395 0.478247407425497
"rhlB" -0.117569446349988 9.24575736935851 0.658529544467163 0.417786948668479 0.488048660604963
"hemC" -0.11789719975651 7.97125430985033 0.655530770455981 0.418847765904128 0.48865572688815
"aceB" 0.212135046594528 10.5836961031512 0.650118394161359 0.420772605842076 0.490267952355348
"thrA" -0.252067401002697 9.67667681572108 0.642203217678864 0.423611477687518 0.492939644783284
"ydfG" 0.130746012769785 8.17295258274088 0.636337717115573 0.425733817934289 0.494771734356065
"pstS" 0.178051591801255 7.33027824308443 0.630996090857193 0.427680582204567 0.49639532870273
"lsrF" -0.219217336447639 7.76824464488453 0.621679009842094 0.431108598545285 0.499731790098065
"yahB" 0.237838610682126 3.47818474701541 0.657023966389743 0.431690892214724 0.499765225217816
"dppA" -0.226127348149271 10.4925018314973 0.618545758877076 0.432270787477889 0.499795801654972
"rspB" 0.250743481919032 9.52469133118381 0.603907409265971 0.437771796023818 0.505508864206531
"trpB" 0.43306057530626 10.8039786188526 0.596810377568071 0.440466319694375 0.507905464621573
"metE" 0.373112934673986 10.5583919963288 0.595489122921844 0.44097218633811 0.507905464621573
"hemN" -0.105196659763279 7.59396728420781 0.589236818741379 0.44337820528457 0.508846402139956
"cysP" 0.424395464590739 8.77920590977461 0.588092037604002 0.443820940007099 0.508846402139956
"hyaB" 0.167279406930675 4.06085834567622 0.587870729411583 0.443906608117683 0.508846402139956
"malI" -0.159872051617559 4.39435853499912 0.586329097955598 0.444504083307895 0.508846402139956
"maeB" -0.142204386715298 9.08019519143788 0.586064755891587 0.444606657019297 0.508846402139956
"gor" -0.11480500281557 7.88726923929127 0.577754171180821 0.447850292294561 0.511758998610851
"glsA" 0.179291798185011 9.21288137901164 0.576647478638538 0.448285014287024 0.511758998610851
"flu" 0.390689489067522 7.70665014895133 0.569838927774047 0.450974051642636 0.514178748274369
"wzzE" 0.118735863837095 7.00146847035469 0.565231312351769 0.452808186954065 0.51561890645589
"poxB" -0.190961352091805 10.1078980162754 0.550437947620827 0.458777004773501 0.521757727091273
"pgaA" -0.200601049504948 4.38970486299904 0.533508306677178 0.465762354650696 0.529035731131546
"entC" 0.228747119294124 9.33508178673766 0.531631123946292 0.466547362299825 0.529261643412992
"yheT" -0.109086335933383 5.64751967272018 0.521577868907625 0.470787934418753 0.533402138996404
"mraY" -0.111694500141528 7.16048126644877 0.489902880554599 0.484567006578456 0.548325823233516
"yheO" -0.0988378937649091 7.26023563362639 0.482784685234002 0.487754971065512 0.551242476686054
"baeS" 0.136756952910665 4.5979343661933 0.525271572800711 0.48876838712725 0.551697316969883
"ydcI" -0.150930186729049 6.61458141230773 0.46438613263551 0.496159239378969 0.559190562788192
"gstA" -0.110844914271077 7.75521004150253 0.463337782342387 0.496645438932591 0.559190562788192
"aceA" 0.187356009390862 10.4655791654858 0.455860530061561 0.500136739743937 0.562420268977304
"sfmD" 0.271412560020735 2.36470802136008 0.448555383322227 0.503588199151707 0.565597193823373
"ycdT" 0.432424738961738 2.72287780486595 0.436877997721964 0.509190917262455 0.571179376755275
"tpx" 0.146112848302847 9.86348971935233 0.422366283719505 0.516305490090226 0.578441510609769
"pdxB" 0.0956884275625991 7.97933967577375 0.411809247664323 0.52159140305624 0.58363945100345
"glgB" -0.119718797362753 9.79040257389829 0.39819190638127 0.528552782455366 0.590696983362865
"yciG" -0.167248743684723 8.65432832875307 0.385571887828305 0.535154642264029 0.597335774986919
"yghA" -0.151989247576808 8.20076078833548 0.371450175941803 0.54272206603461 0.604289098543224
"pntA" -0.106054740123239 9.16050716793 0.371449291991197 0.542722545867724 0.604289098543224
"yhjJ" -0.0867767436764013 7.20450107168499 0.368275185657446 0.544450612663388 0.605466629599802
"gadA" -0.207948215241618 10.9024936282317 0.360287108982858 0.548845065102166 0.609602821386539
"cpxA" 0.0874308679088721 7.80757303802198 0.352018148861443 0.553464447277379 0.613978373331048
"ftsA" -0.0867124967627129 8.54595694183982 0.349612078403685 0.554822365076589 0.614729565232098
"yedZ" -0.126503905850856 4.52719087865401 0.342221906883405 0.559032985283693 0.61863576680291
"hldE" -0.0908878846272585 7.85160576167772 0.328523700918284 0.567001789232151 0.626686188098693
"dppD" 0.351196980336006 6.77280688487125 0.322581808888934 0.570527300850175 0.629732354551066
"rpsL" -0.141515905390167 10.9373543905403 0.321535421426215 0.571152600639339 0.629732354551066
"nupC" -0.105635714316764 7.24038398300874 0.31785179312686 0.573364620091182 0.631400307246753
"chbF" 0.25771888629928 3.0979420823704 0.421464828012348 0.577024951894293 0.634657163898351
"phoQ" 0.0693415375531535 7.33110995262683 0.288119021679664 0.591865868621311 0.650079286382989
"entE" 0.178920273958749 9.66610250280902 0.286565142783395 0.592866188412779 0.650079286382989
"lpxD" -0.0851420963780632 9.59607078292784 0.286037977525959 0.59320634770718 0.650079286382989
"yeiE" -0.142904268127047 6.12763705086868 0.262476079184984 0.608838624706881 0.666401549224622
"cirA" 0.239031465035525 11.4002109179651 0.253753831989385 0.614850703246815 0.671432850923182
"cysD" 0.296886141428773 9.09386792344303 0.253439485830831 0.615069784161189 0.671432850923182
"prfC" 0.121472765095301 7.96398900391439 0.25258524384058 0.615666002839862 0.671432850923182
"metA" -0.335738691597207 5.52064102184129 0.249541841171291 0.617800470868237 0.672947919413773
"rpsG" -0.126611434404302 11.3049404849418 0.233235406667008 0.629522428790236 0.684890064093473
"gltA" 0.106220441612814 10.3499407874777 0.229921408447837 0.631966248085966 0.686721446476085
"surA" -0.0768195802065857 9.00552589871254 0.228453928050651 0.633055329967858 0.687078080481942
"eutH" 0.109377911037178 3.29761452226769 0.215243539517637 0.643058197954001 0.697096701983749
"rlpA" -0.0670516682885018 8.15296556171669 0.207532231034875 0.649070881196256 0.702770990072205
"kgtP" -0.10393930954359 10.5947787954403 0.202547329103995 0.653029910069867 0.70621078897376
"ybgF" -0.0781202156909366 8.64087353328095 0.198386237537133 0.656379800206011 0.708984401418694
"bepA" 0.0634734412988072 7.63223932778143 0.190487863262216 0.662856067628613 0.715124288015099
"nfuA" 0.0768694206495854 9.34380081344145 0.184571875133037 0.667812426339407 0.71961171955189
"ptsN" -0.0636208018891787 8.37933963114476 0.183370049491215 0.668830778277438 0.719850050994668
"lolB" -0.0531227910688125 7.37485167748799 0.175003323159307 0.676032039662986 0.72673444263771
"rem" -0.0979729930915428 3.04974469194482 0.172049567657393 0.678622645674934 0.728651901360838
"clpS" -0.0569916638690263 7.31820810045909 0.170506273389413 0.679986582529504 0.729249268437224
"yciW" 0.241433547033316 7.8306991412353 0.166563348804916 0.683504409233706 0.732152409890909
"gadB" -0.144900299528879 11.1342030004089 0.162146946518549 0.68750285080288 0.735562884212086
"uxaA" 0.0679985146379671 8.02657247023259 0.141551615459632 0.707035746462446 0.754643902287797
"menD" -0.0530433693230539 6.54025969530592 0.141202966515752 0.707386584914703 0.754643902287797
"rspA" -0.107413046083851 9.59327121480618 0.140733588095355 0.707844280440492 0.754643902287797
"purD" -0.109490335629946 8.46138716135697 0.12942037796595 0.719312075553217 0.765965571019522
"sspA" 0.0546134928621201 9.13318905260442 0.122518340202805 0.726589095503616 0.772803242920808
"typA" -0.0764144262062688 10.7332665946133 0.111766311062921 0.738398952931371 0.784013916501152
"hupA" -0.0780373516074664 9.05023216811788 0.111352549231918 0.738865828286247 0.784013916501152
"cysH" -0.180724574952699 8.06276043996732 0.110438778612059 0.739900324658307 0.784190132824473
"ulaE" -0.123887643650825 2.696118614395 0.104416161630659 0.746840606503734 0.790617898795864
"glnS" 0.0512080781820348 9.44991420322449 0.102055811715032 0.74962086537233 0.792305512439082
"murD" 0.0490861238545369 7.75045747121753 0.10157663533081 0.750189604801125 0.792305512439082
"syd" -0.0593356843203925 5.3299871840557 0.0956868476609129 0.757304408697756 0.797513829037409
"ppiB" 0.0555253580199797 8.54883540729802 0.0956167213179445 0.757390548480802 0.797513829037409
"acrF" 0.0735874057291266 4.51971463560243 0.172909623397988 0.757770614965777 0.797513829037409
"amtB" -0.0597901440479109 6.10028837422685 0.092268786492231 0.761543962074262 0.80054540713453
"trpD" 0.229749567509953 10.8890046874994 0.0909433782949929 0.763210983046556 0.80054540713453
"tsf" -0.0680051863326733 10.4939126184785 0.0908643981442274 0.76331073703525 0.80054540713453
"pgi" 0.0647634834246683 10.4672184379587 0.0881084348147182 0.766821656860225 0.803294612696964
"sbp" -0.312909089032185 8.11714784134377 0.0852261921763276 0.770557987953197 0.80627330605068
"hmp" 0.0652098401564419 5.00113027757369 0.0905573257525405 0.779194505789999 0.813850982950975
"parC" 0.0532537016735585 7.91974626707715 0.078463679679916 0.779602547345065 0.813850982950975
"gadC" -0.0950271654183825 10.4857716015465 0.0718539085506433 0.788858924978606 0.822563059186699
"osmE" 0.0728214439868085 9.99772090900992 0.0706514292249762 0.790591396934882 0.823010921497394
"exuR" -0.0405296989591376 8.66287681654529 0.0702927112860034 0.79111127337734 0.823010921497394
"ygiF" -0.0371781749421089 7.01217226341749 0.0693069631751605 0.792547236365016 0.823555988996098
"yhaM" -0.0705834330323818 4.10204668501773 0.0749222212038186 0.793511232687706 0.823609934617239
"tufA" 0.0708104668677905 12.9672700060133 0.0671856710859573 0.79567486188683 0.824907463012408
"rpsA" -0.0738964402782334 12.8754768134028 0.0608801061090467 0.80529581783528 0.833924453561075
"gadE" 0.0835375267199525 6.87895972060924 0.0594226831702754 0.80759395009652 0.835346319515644
"yciO" -0.0301603608186857 6.91177544206713 0.0506303210454691 0.822138515380895 0.849417710971337
"yqjK" -0.0417124804947548 7.82793705243164 0.037261309519936 0.847077614107227 0.874184097758659
"insC1" -0.0255155744837353 7.24811527228917 0.0327308119449498 0.856567369187449 0.882968418237747
"hupB" 0.0436985644497529 8.67639375422936 0.0307577211606763 0.860912091957992 0.886435141434512
"grcA" 0.0374766490510098 8.63081664711791 0.0282333231434055 0.86668594025732 0.891103392741252
"dbpA" -0.0268823506193444 7.29102703952111 0.0279205253963812 0.867419581638495 0.891103392741252
"trkH" -0.0172636641554859 6.87928357069783 0.0219235429548014 0.882400045457404 0.905462773918223
"trpA" -0.0873032788378335 10.2750640049885 0.0215445204476265 0.88341366402237 0.90547393713076
"yigB" -0.030648967512625 5.92989422167765 0.0157232824907505 0.900305161250175 0.921740998422798
"pphA" -0.0188358176825553 5.50485502502463 0.0143636859688839 0.904691290947033 0.925182599915256
"hrpA" -0.0208385235095285 8.29888047853663 0.0260974112164028 0.909019445587607 0.927771391226269
"hflC" -0.0184766188515685 9.03058909904528 0.0130086787593433 0.90927760934136 0.927771391226269
"hdeA" 0.0346057620174101 10.7057259559051 0.0116340291026587 0.914185107620765 0.931725905396785
"entD" 0.0568890485141211 6.1250143567561 0.00893391187941872 0.924765973701303 0.941447208852622
"gltK" -0.0363623219480571 4.9146160660225 0.00838446494023975 0.927109485125346 0.942770118320031
"yqhA" 0.0266200315282387 6.08265174301388 0.0182588715298962 0.929177421534965 0.943810136834728
"lacZ" 0.0364779962045277 10.933369219204 0.00732707318282166 0.931848512222151 0.945459782625396
"mtr" 0.0433747935735736 10.9919416897083 0.00668840063193235 0.934879523459831 0.947470493472758
"dxr" 0.0100502611908088 7.24172615418624 0.0063641059026191 0.936474415789876 0.948022867105671
"lsrG" -0.0155031298691728 6.67404012875234 0.00414365219436516 0.948721795285369 0.959345779555082
"ppa" -0.0109220460853423 9.76409463016975 0.00288418342319219 0.957209825614831 0.966846166141155
"pyrD" 0.0428943139403403 7.00567132211973 0.00241314238223252 0.960856622197398 0.96944528474218
"purF" -0.00981826964724846 9.09935195211606 0.00172068145258801 0.966942701743214 0.974496941600583
"ompX" -0.00735050031391538 12.6162617479241 0.000655935365524244 0.979586147151907 0.98613856285192
"bamA" 0.00273036008603507 10.5669114457818 0.000186118240146764 0.989125155536166 0.994118120330168
"rseP" -0.011327165009496 8.75502891869603 0.00575444736466151 0.989714496319846 0.994118120330168
"serB" -0.00230494909531091 6.61868309451282 0.000114499944535164 0.99147024756562 0.994775148390839
"cysE" -0.00108070126676741 7.83364907671752 0.0000708799636846135 0.993288822886283 0.995493681538639
"hldD" -0.00047167571356287 8.82850566457803 0.000011347662112978 0.997314689685891 0.998420360073569
"ggt" 0.000253310550258342 8.10512623416384 0.00000116401464439423 0.999139954864157 0.999139954864157
