"logFC" "logCPM" "F" "PValue" "FDR"
"Actuator_YFP" 5.27202682432005 15.8090300415208 71.6112787693105 0.00000000000000537342398964195 0.00000000000294463634632379
"suhB" 2.29185650635355 7.02649849781937 64.2069497328763 0.0000000000000326547762006777 0.00000000000894740867898568
"recC" 0.934548284509799 7.63897868202251 56.0140983029777 0.000000000000990265988879786 0.000000000180888587302041
"pdhR" 1.46070873477476 7.52562343003125 32.3073507226675 0.0000000337159824215405 0.00000461908959175105
"udk" 1.04922363358512 5.95113754073664 31.7392936202096 0.0000000438016913786469 0.00000480066537509971
"ychF" 0.928371242665322 7.49440104871485 29.9194262339196 0.000000101723199125215 0.0000092907188534363
"xseA" 0.849801231993314 7.51106055646525 29.4309052157416 0.000000127681943123431 0.00000999567211880572
"rluC" 1.09500563111376 6.13092392681404 28.9331086210425 0.000000161037264716105 0.000010272971252602
"sdhC" 2.05708717499071 7.80459010265279 28.8333213492861 0.000000168716681155873 0.000010272971252602
"mltA" 0.856664329058332 6.63769520197299 27.9491169142945 0.000000255160517483879 0.0000129291104538011
"purM" 1.37603992263263 8.85821289916748 27.9129306291794 0.00000025952593976608 0.0000129291104538011
"recQ" 0.919936324055679 6.51203513122762 26.1133341848925 0.000000605442401150814 0.0000276485363192205
"rhlE" 0.972597196569931 6.78725150944393 24.0609037368026 0.00000160463927028074 0.0000676417169318341
"mrcA" 0.845713820195293 6.61299326547071 23.5657191739069 0.00000203294523356495 0.000079575284856685
"folD" 0.820260751507355 7.44483962395051 21.7129737445429 0.00000495213596711551 0.00018091803399862
"emrA" 0.807021753746268 6.40763298857398 20.6030771617841 0.00000847582388664541 0.000290296968117605
"carA" 1.84080571262889 9.65786506423753 19.9328930137421 0.0000117428644182377 0.000378534688305543
"accA" 0.735399169533124 8.5585012454023 18.9561661233448 0.000018926144061358 0.000576195941423566
"rho" 0.817178185542885 9.78615031131963 18.3370310975249 0.0000256478484827353 0.000727672538314511
"glnA" 1.30346890092453 10.5881165746767 18.2661788554542 0.0000265573919092887 0.000727672538314511
"yliE" 1.30748472631435 3.76295636403517 17.7646514832338 0.0000340012207451797 0.000887269950874213
"ybjG" 0.694436611931406 5.48482659684851 17.5048940651776 0.0000386543979269802 0.000962845911999326
"rsmF" 0.754927954556032 5.40894006274046 17.3848400250643 0.000041017918466214 0.000977296492151533
"ilvC" -1.1630443120485 7.72265140645124 17.1100232647663 0.0000469943288713977 0.00107303717589691
"prs" 0.861271402171009 9.43121467251184 16.3481207452276 0.000068602847915461 0.0014965411709081
"sdhA" 1.1646216948939 9.28932597595495 16.2790227797479 0.0000710037781817712 0.0014965411709081
"efeO" 0.835827833568334 7.41649157942689 16.190638413235 0.0000741993693549695 0.00150597238542679
"cysB" 1.12604317266548 6.96976209315108 15.4159833220082 0.000109254691049231 0.00213827038196352
"uhpB" 0.892118895697758 4.61465197079859 14.729207100223 0.000154222676265464 0.00291427677908532
"tomB" -0.705416205150684 6.81664383548221 14.5640134045269 0.000167596342667608 0.00306142652606165
"yigI" 0.911512330691636 5.18393832767701 14.0917999688833 0.000212686025241794 0.00375974005911299
"ycgB" -1.13108597242551 10.4072191172257 13.5993184814157 0.000272919796328177 0.00465464078381959
"yqhD" -0.543365191312553 6.36117417465351 13.5467444345091 0.000280297711434392 0.00465464078381959
"aroH" 1.20232125625071 8.3847734943863 13.4575401723667 0.000293282381648999 0.00472702191598976
"pyrH" 0.700858263445985 8.39772517613581 13.2877942162162 0.000319702516270794 0.00500562796903986
"add" -0.616495389064087 6.31399332659686 13.0033264187286 0.000369516466449591 0.00562486176706599
"yidC" 0.818510458078853 9.31783271649573 12.8231280653562 0.000405082427916515 0.00599959920265541
"cdd" -0.919491783199534 8.36100634411793 12.540172712144 0.000468088270005413 0.00675032557797279
"sspB" 0.524579515643621 7.80524338817688 12.4561147738587 0.000488660317152733 0.00686630394358199
"msbA" 0.536441085831966 7.82090315637112 12.0060750573553 0.000615513199259458 0.00843253082985458
"adhE" -1.06933452329684 12.1618806319785 11.9567990544142 0.000631298935549666 0.00843784918734676
"typA" 0.782332983431591 10.7324939632834 11.8818727221588 0.000656094603652705 0.0085604724476591
"yicL" 0.79837933380443 4.95040055636767 11.4630014175776 0.000814150655211419 0.0103756874199037
"nuoB" 0.607860935063407 7.90879802258468 11.1144624235956 0.000974928636932053 0.0121422930236083
"cdh" 1.01464514702352 4.13283546420492 11.0266862698703 0.0010202899142384 0.0124248638445031
"fkpA" 0.47739911943305 8.88605817233556 10.4678816894057 0.00136411344260194 0.0160854271482643
"evgS" 0.730571251638769 5.9169805278546 10.446236296184 0.0013795895546869 0.0160854271482643
"fdoG" 1.04143384100159 10.6943124499108 10.314906029098 0.00147740352791245 0.0168670236103338
"fabF" 0.634883627642655 10.04794067928 9.89744939391243 0.00183792716286869 0.0205547772500417
"leuD" -0.545560214177979 6.44469632054596 9.7413458778298 0.00199924289961985 0.0219117021798336
"greA" 0.505598635543065 6.5716148164352 9.69716693082451 0.00204160861966672 0.0219372847760267
"ymdB" -0.572965649091585 6.79406860230022 9.65180667543746 0.00209085434198684 0.0220343880655536
"rnr" -0.491748289447514 9.39477994412508 9.57527149306323 0.00217671162310035 0.0225063767822452
"yddH" -0.729092322365009 4.77374274890669 9.51691468211014 0.00224458896976501 0.0227784213968745
"fdhE" 0.573152770230194 7.36161345049029 9.34714109226567 0.00245461630060676 0.0244569042315001
"glnL" 0.629436027592142 6.98067327331142 9.2512709401718 0.00258198180992316 0.0252665362828195
"ushA" -0.43946721051136 7.70932541004777 9.16451157654095 0.00270306067926468 0.0257981889128396
"wecA" 0.492575982355773 6.96258127072734 9.1454262776319 0.00273046524989908 0.0257981889128396
"gpp" 0.434493920371942 8.13736613016343 9.07701129798417 0.00283105773536435 0.0262952481182994
"eptC" 0.52626879547613 7.26857301229325 9.00209964100257 0.00294555630743014 0.0269027476078619
"rpmE" 1.02096743506234 8.8290061771023 8.85446512452324 0.00318527170368682 0.0286152277642685
"ykgM" -1.48482620227051 8.98839987114933 8.63325308794371 0.00358885847116793 0.0313165602489037
"coaA" 0.541633834193226 5.76594188540871 8.62390416135164 0.00360026148846886 0.0313165602489037
"yafK" 0.53594551533309 7.15699139459474 8.57860255731511 0.00368809814370805 0.0315793403555002
"hemA" 0.45694782398929 6.62437191785488 8.41329061746566 0.00402767355395888 0.0339563862702995
"rpmB" 0.702366696839317 10.4977516923311 8.3149310515636 0.00424475358895525 0.035244317677992
"nuoM" 0.582070645860942 7.97093134429535 8.23074326029534 0.00444006408784046 0.0363157480617398
"trxB" 0.482808032115925 8.01583159825114 8.1510469245824 0.00463344288123192 0.0371575024160443
"sbcD" 0.385508624604404 5.70389014580035 8.18648877943746 0.00467859063267711 0.0371575024160443
"cspA" 1.07330827028961 7.81141840415877 8.06481737334282 0.00485242116705575 0.0379875257078079
"accC" 0.610816942165749 9.67486568605839 8.01851334413335 0.00497436052769984 0.0383936559039368
"pliG" -0.967980657405457 8.05164703945354 7.68523070956534 0.00595011004910959 0.0452869487071119
"nlpA" 1.0219083693084 6.99003833215364 7.6144557837651 0.00618146535700004 0.0464033289813154
"dld" -0.503639851255947 8.62730251292434 7.40097771187929 0.00693690414675269 0.0513705874651415
"ybjD" -0.303670169618557 6.71726687391307 7.35932234428758 0.00709504738804543 0.051841146248652
"zinT" -1.41018607239458 10.2363338760788 7.32665870431071 0.00722164417854627 0.0520718553926758
"gcvT" 0.487050328075969 8.7189809485985 7.15566479651657 0.00792334439944525 0.0563895159856623
"pyrI" 0.866939204317234 9.29231253299046 7.01783103082958 0.00853985701971296 0.0597440971233755
"tpiA" -0.484024497111688 9.8611944550674 7.00221722526256 0.00861274392836983 0.0597440971233755
"nepI" 0.470474972644221 5.06952203497912 6.92603863934283 0.00897765439471745 0.061355801336734
"sdaC" 0.689851938725384 7.80256788111763 6.88618563655419 0.00917486819080119 0.061355801336734
"ybaT" -0.553025755164881 8.39361478946578 6.88496519198877 0.00918097757228502 0.061355801336734
"gadE" -0.765483026239753 6.87743292380086 6.78773354455358 0.00968143463056973 0.0639207973199061
"trmA" 0.422162196297329 7.91402239535373 6.75561350772649 0.00985287077548015 0.0642782522019419
"yhcO" -0.693113658095044 6.24183202921116 6.61866161234355 0.0106197198661584 0.0678365458402328
"accD" 0.441579646912806 9.03770031203747 6.61417130328599 0.0106458812814964 0.0678365458402328
"cysA" 1.15626398780279 8.35367916475137 6.56762758639529 0.0109210050547414 0.0687897789654975
"fabH" 0.363214595104534 9.06939109135339 6.49194237430685 0.0113841637244319 0.0708922922839626
"hdeA" -0.796283838452962 10.7047222150454 6.44828863321789 0.0116604841210353 0.0717971381834532
"pflB" -0.707531912558189 12.4094274250155 6.39442813943448 0.0120109872137746 0.0731335665905388
"atpE" 0.499767700209568 9.11706349851942 6.34299659554575 0.0123558518495156 0.0744066682805993
"hpf" -0.401119024561881 8.36264178962483 6.18016104838431 0.013516821081873 0.0805132386181133
"sufA" -0.535909493632523 7.79268534447852 6.09296942776468 0.0141843206218786 0.083580727965478
"cysQ" -0.469962217718122 8.33018558290788 6.03115807258485 0.0146781263752903 0.085040462007338
"gpmA" -0.642827186884499 11.5374879858649 6.02326960580945 0.0147424158589363 0.085040462007338
"gadC" -0.860927529468429 10.4847070300808 6.00038010153832 0.0149306174884088 0.0852289414963337
"yciA" 0.584274331253733 4.73089578161773 5.97866336779826 0.0151114783606697 0.0853720633159483
"manX" -0.617547691690249 9.37482078480696 5.95427988445678 0.0153172568520988 0.0856515995403078
"nuoN" 0.446446392084684 7.99911345584162 5.76861415440642 0.0169826265190604 0.0940048417418695
"rplU" 0.559629288858792 10.1993096542697 5.70491069824023 0.0175964289115878 0.0963293817092027
"kdsD" 0.262555098985337 7.0651370280126 5.68757766893184 0.0177673930333535 0.0963293817092027
"fepB" 0.456118946904423 7.09674230486097 5.66502325769066 0.0179924450630031 0.0963293817092027
"znuA" -0.863645719013772 11.29869826924 5.65378311113282 0.0181057049562917 0.0963293817092027
"rlpA" 0.313295535210733 8.15223641258023 5.35052503835212 0.0214585667993102 0.113070140442519
"aspA" -0.764794545091552 9.8517215154794 5.3137239157697 0.0219073434699984 0.114335468776753
"phoP" -0.309527101623686 7.88713553165448 5.27729762703872 0.0223611885859662 0.115603125897259
"ybgI" -0.355861003004702 7.54752871303877 5.25857611025008 0.0225982476548585 0.11573681976507
"uspA" -0.542043505831774 10.319051463224 5.2376903552089 0.022865806137706 0.116022794106138
"nuoI" 0.451448139773036 6.84845497759157 5.15090009188381 0.0240135352509551 0.11968382900744
"nuoG" 0.453110379913666 9.37531905054876 5.13440032009839 0.0242384483094842 0.11968382900744
"ybjP" -0.444577587000311 7.77256787314294 5.13410255229955 0.0242425274084414 0.11968382900744
"poxB" -0.604901491845007 10.106975169223 5.08518681224615 0.0249224485530959 0.121941980420505
"yidB" -0.426146862336169 5.89567634807259 5.06401177214866 0.0252229273275347 0.12232003695123
"tolA" 0.295528460610251 7.41585256805546 5.04492837631552 0.0254969679248966 0.122564372130205
"dkgA" -0.562843488807333 9.05233209700904 4.93456308227676 0.0271440752128993 0.129347419275381
"malP" -0.384465158000712 8.60313035521489 4.79788990721011 0.0293394279724265 0.138603504559394
"sseA" -0.39438635717377 7.6564976722728 4.75106511317014 0.030133695741595 0.141139019370889
"ydgA" -0.425562989458109 9.97651684077046 4.67421166842552 0.0314865735020413 0.145290124535416
"rsmA" 0.283602856811346 8.00208973921593 4.67068144879459 0.0315502277732016 0.145290124535416
"glmS" 0.3679910285044 9.57005136177483 4.6006111227666 0.0328420337436245 0.149978620762552
"rhlB" 0.304422872734084 9.24505954425621 4.48868376468369 0.0350220687963615 0.157803627821507
"iscS" 0.439477459969068 9.80542012682005 4.48326175797449 0.0351314645879996 0.157803627821507
"yhfK" 0.335855559422258 6.54003396227329 4.41317267181011 0.036578427286111 0.162967302055194
"mepM" -0.554768575610148 9.35622310728111 4.24575064449705 0.0402949443263687 0.177234192378249
"artI" -0.37705106429535 8.38025286065583 4.24008373214272 0.0404275073855495 0.177234192378249
"clpA" -0.542980158100775 11.3811418131101 4.21374579411113 0.0410496895498285 0.178533570423064
"gadB" -0.723843604169491 11.1331803401496 4.19340020132258 0.0415372364761531 0.17923154007033
"nagA" -0.320146875469681 7.71720912659851 4.16643418341708 0.0421928809166064 0.180295710293095
"thyA" 0.294959426899255 7.20743952478225 4.15630923969247 0.042441873408411 0.180295710293095
"osmF" -0.40938533429704 7.63876950176914 4.13396965466241 0.0429967610986524 0.181247885246627
"tktB" -0.65362330205436 11.3144037527505 4.11929952124411 0.0433653195592276 0.18140606960654
"mtlA" -0.505822878177438 8.62538938919822 4.02751152093007 0.0457485615767391 0.189925846545856
"hchA" -0.474631491294975 8.32570373784202 3.95734746355867 0.0476637998444617 0.196389190336579
"kbl" -0.287374767756255 8.06245530809143 3.87110753512287 0.0501351380170835 0.20503026592061
"evgA" 0.388143438910641 5.80627946742597 3.74292719602321 0.0540632743698996 0.219456847071889
"osmC" -0.571109911352205 10.3356831583711 3.63893935553026 0.0574908514062214 0.231654313019186
"sodC" -0.489211362399371 8.64852285220836 3.61203663252777 0.0584148707656022 0.233247311634815
"ygaU" -0.51665789518418 9.85609169246395 3.59211461758822 0.0591093484068117 0.233247311634815
"gatY" -0.661552563093363 12.3953793802487 3.58984478693397 0.0591890325895535 0.233247311634815
"hdeB" -0.56104648334644 9.42815048685449 3.57850837517508 0.0595887292497703 0.233247311634815
"dps" -0.704231614378467 13.3133763222751 3.49402435388969 0.0626599838134133 0.2435295824805
"rpoS" -0.493803876585477 12.4357573535475 3.46032682283216 0.0639319196890527 0.244927106407549
"sbmC" -0.345567958523522 7.33249887723565 3.45820381593732 0.0640129756858569 0.244927106407549
"acuI" -0.30260711820361 7.15963787911965 3.44913648372371 0.0643604075231517 0.244927106407549
"topB" 0.264264876528266 7.66956362988288 3.34850229496506 0.0683552677910334 0.258335770686112
"ahpC" -0.429393215197234 11.1110357921049 3.32275737251559 0.0694195293604892 0.259668343665071
"rpoC" -0.504646941546453 12.7359652199172 3.31710525624865 0.0696555593408128 0.259668343665071
"osmE" -0.513973046576585 9.99689865686323 3.30058390364031 0.0703504514730376 0.260486806805572
"oppA" -0.474426351699434 12.5834889958356 3.28550821014773 0.0709910560926551 0.261094622407886
"pgi" -0.399266932839683 10.4662057565201 3.2512586596131 0.0724698898496667 0.263515895371705
"yhjG" -0.383227059978291 8.47743242047543 3.24802701162893 0.0726111317538822 0.263515895371705
"ydgI" 0.416511622646479 5.42137302796771 3.22182934146978 0.0737671449835851 0.265949970072399
"tyrA" -0.951355840252365 10.5280877812492 3.19984676699562 0.074752491866859 0.267125900130014
"pntB" -0.31169764786736 8.90957799276227 3.18292114348546 0.0755208506131776 0.267125900130014
"mntH" -0.55324652783332 11.0083073986199 3.17870873277305 0.0757134012541178 0.267125900130014
"yeaQ" -0.589746983747049 6.14648716859154 3.16699278007268 0.0762517368154355 0.267125900130014
"mutS" 0.294943726861643 6.63763519186872 3.15957193596689 0.0765948562823115 0.267125900130014
"dppF" 0.406641381075254 6.70559317734741 3.14334502848991 0.0773509755340354 0.267125900130014
"mlaF" 0.231731002509606 7.51570750210589 3.14004977149146 0.0775055075194747 0.267125900130014
"secF" 0.279167128760672 8.23144448924544 3.09554146524847 0.079625801124029 0.271243205584752
"gadA" -0.591896553091967 10.9015180911129 3.09421255907612 0.0796900658743524 0.271243205584752
"mltF" 0.368588674676889 4.35276265541943 3.08375224045188 0.0801978845414428 0.271286671164881
"ptsN" -0.24545109285867 8.37854301842115 3.06185398645003 0.0812723778196299 0.273234742608326
"rbbA" 0.266230333992357 6.95943682341294 3.03362650724456 0.0826805290920457 0.276273963063665
"nusA" 0.319100760649742 9.44357994884727 2.98715205589264 0.0850570001569621 0.282492339915244
"mqo" 0.345197402969649 9.27664094566934 2.97697652729457 0.0855871710521162 0.28254078154554
"ggt" -0.33384651288187 8.10401284679436 2.95576084862601 0.086704159851241 0.284514249092695
"ppa" 0.32688386361225 9.76325443957449 2.9450133659613 0.0872760523953657 0.284686170908693
"pheT" -0.419225448493179 10.7967458440928 2.93057182037078 0.0880509900483028 0.285514452937692
"cpxR" -0.211903637130223 7.96032947538048 2.90043210535476 0.0896925590641699 0.289126602159795
"selA" 0.229854781334018 6.34709899115098 2.88499049716619 0.0905464950952921 0.290172393638714
"ytjA" -0.415601531823156 8.6690458420436 2.85638781389834 0.092151786593917 0.293599878217829
"cysK" 0.65351950549827 11.6196722983045 2.82578713411099 0.0939037090315555 0.297452211267586
"sufD" -0.388848542017284 9.01875790461033 2.77846719689951 0.0966849782950492 0.304502115549925
"sra" -0.654197542171981 9.84421772886708 2.75339544906674 0.0981950605920121 0.307490818310987
"yfhM" -0.255414919865236 9.06218803943836 2.68960624691033 0.102155103366818 0.318073844573955
"eno" -0.452601786169748 12.1268697347884 2.66619756695149 0.103652068757218 0.319878729661066
"hisS" 0.268233758774515 8.8464954453387 2.66232221539991 0.103902215108886 0.319878729661066
"wrbA" -0.4237121906234 9.87008195323008 2.63882158050997 0.105433446775693 0.321731032003995
"osmY" -0.432755617895201 11.2087167760813 2.63510197387629 0.105678076205692 0.321731032003995
"dcd" 0.215651778464214 6.98170559650326 2.59871192765153 0.108104654189291 0.327300278981942
"elaB" -0.500205761841424 10.2528322888106 2.57676460053666 0.10959784754315 0.328400770308266
"ybiC" -0.23484324067554 7.41794226627466 2.57210925562708 0.109917495927837 0.328400770308266
"acrA" 0.226800333712214 8.71276732368475 2.56705137218158 0.110265952074308 0.328400770308266
"sufS" -0.373154353685319 8.80877408913175 2.55690974445676 0.110968331594776 0.328706193048308
"maeA" 0.227286182558681 8.47295980212409 2.46167606528443 0.117811168355248 0.347001675125431
"fldA" 0.237216809133761 7.93189399300105 2.45270838390944 0.118479269878592 0.347001675125431
"ompX" -0.4592650485281 12.6155172556869 2.44516702029943 0.119044370298505 0.347001675125431
"aceE" -0.44023596971592 12.0657529828406 2.37808463047445 0.124205268934832 0.358247254728319
"sspA" 0.234223216412445 9.13247789406751 2.3780269231283 0.124209814595585 0.358247254728319
"yfjK" 0.203408858629121 6.10659553877073 2.33962873432455 0.127276081836402 0.362955993310735
"acnB" 0.387029910702938 11.1089621926052 2.33532992550957 0.127624594887909 0.362955993310735
"atpH" 0.312618036061186 9.22456494117482 2.33280993492804 0.127829391804693 0.362955993310735
"serC" 0.300202283655181 9.81525694219874 2.31874328218049 0.128979351093673 0.363499857231853
"fecI" 0.342852141220581 7.6102838042703 2.3067192311877 0.129971513012565 0.363499857231853
"metE" -0.616436805494415 10.5575040638447 2.30624404853073 0.13001089784205 0.363499857231853
"lptC" 0.22330056328759 7.45652378389237 2.29810102223009 0.130687903503343 0.363537924466152
"leuC" -0.317885950264852 7.57568201110399 2.27503656602223 0.132639829065187 0.367104173372336
"glgB" -0.278236807339728 9.78947842071596 2.25016115635209 0.134754676286416 0.370052477383532
"mscS" -0.303852577901385 9.28125569108358 2.24358559320433 0.135323491673476 0.370052477383532
"rseP" 0.208789679751346 8.754198046713 2.23889467747625 0.135730926923522 0.370052477383532
"leuA" 0.346318522518239 7.2261663454577 2.20623513047877 0.138606186539581 0.376020743681635
"yibN" 0.191084221356277 7.60598123515726 2.16586979036104 0.142255179404767 0.384018907949813
"dsbC" 0.168530133216137 6.68820446096092 2.12902492237239 0.145680924473631 0.391338953978185
"cyoA" 0.345299762991067 9.98164240616791 2.11142942102555 0.14734980032061 0.392525980125404
"gstB" -0.261087261327286 7.65360659797052 2.10110453430352 0.148339170799112 0.392525980125404
"ihfA" -0.328818154282546 10.1619920883971 2.09684759225578 0.148749280622097 0.392525980125404
"rpsP" 0.317343363714294 9.36903240356925 2.08810671383843 0.149595410820949 0.392525980125404
"hemL" 0.21157138315499 8.53746168655624 2.08685611390392 0.149716917232949 0.392525980125404
"yhhX" -0.175006035809217 7.5919537651902 2.21213588008144 0.150420539829078 0.392525980125404
"wbbI" 0.301802013414294 6.5399125324948 2.07130476253089 0.15123727062505 0.392786845035675
"csrA" -0.328802296482142 9.91740516516258 2.04935015448787 0.153413621382104 0.39655973828959
"ygiC" 0.181673436993352 8.21854119274839 2.02000846506273 0.15637818926707 0.40232510665894
"ydcH" -0.426930335679697 6.47137262465595 2.01235399193965 0.157162280915271 0.40245294365219
"Sensor_LacI" 0.464572328051923 10.8571195822035 1.98748051704112 0.159983325106978 0.405090455641771
"yfiF" 0.194023302322938 7.36107088977583 1.98420997743799 0.160084115648125 0.405090455641771
"serA" 0.35766728899319 10.7725556385541 1.98110831396342 0.160409906704862 0.405090455641771
"chaA" 0.263382888300764 7.02724910218963 1.93724066996492 0.165100007257452 0.414785045929296
"luxS" -0.239303688953645 9.10734454659486 1.93115838952338 0.165762636968094 0.414785045929296
"putA" -0.336582377092268 9.37637706530961 1.91890059506829 0.16710736582602 0.416249256693905
"rpsI" 0.352064837111497 10.584053340278 1.90641997113079 0.168489453258845 0.416862844459255
"lpp" -0.548700696898778 11.8932984721709 1.90295855797259 0.168875093923275 0.416862844459255
"aceA" -0.375677313187397 10.4647999302438 1.89528083818552 0.169734114571903 0.41710446092109
"mlaD" 0.182956608998626 6.76590725620621 1.88703336468223 0.170662499740842 0.417513615437417
"hemB" 0.178761409879212 7.28627218046206 1.86394604344404 0.173292674635121 0.420560468697736
"diaA" 0.192954335794439 5.87110464708488 1.85649319174693 0.174151703781085 0.420560468697736
"ubiD" 0.165311766495961 8.21665300740064 1.85598665054669 0.17421026714304 0.420560468697736
"tig" 0.309054792144928 10.7449340593346 1.8274220426913 0.17754994182587 0.425780901962967
"fabI" 0.238263124762985 9.6106963054292 1.82423879297972 0.177926690783795 0.425780901962967
"gapA" -0.399420812399854 13.2295192157826 1.81637975166954 0.178860814865017 0.426155332808822
"ompT" -0.334747154057999 10.0937483844241 1.80052819522404 0.180762309436676 0.42882140939956
"atpF" 0.291362075001377 9.69419734504445 1.7544416502272 0.186425740952164 0.440350457076662
"ptsI" -0.35372768755766 11.6541349518972 1.72909452107138 0.189628734462721 0.445993761740649
"mfd" 0.222508139522454 9.43083915569566 1.71367331029686 0.191608943055971 0.448725217071247
"hupB" -0.278512420456634 8.67539984024531 1.68143728138235 0.195827205513699 0.456652377112796
"ftsA" -0.17278685935952 8.54511124738803 1.66245526894209 0.198362173043358 0.460603689948136
"Sensor_AraC" 0.587877287572241 12.1835563298427 1.63995285970584 0.20166628991001 0.464928816909297
"glgX" -0.223393529100027 9.02135125509409 1.63627909831872 0.201921639460607 0.464928816909297
"modC" 0.183360943325793 5.25078739123666 1.68269643740971 0.204163721356203 0.466902521983074
"fbaA" -0.321341960347288 11.3228082636965 1.61777907715874 0.204482856342952 0.466902521983074
"entF" -0.419195396724877 10.5464027395477 1.61140655295618 0.20537398743461 0.466991473502764
"rplM" 0.307968361285404 10.8610528851648 1.58742668463764 0.208768864706706 0.467109273176415
"rpoB" -0.355695081253365 12.8556524727706 1.58725263043802 0.208793748442041 0.467109273176415
"rfbD" 0.212108725490205 7.54397239838101 1.58353829962103 0.209325610815034 0.467109273176415
"rob" -0.183277644357216 8.80142309263816 1.57913992067659 0.209957508367523 0.467109273176415
"folE" 0.234550458900211 8.28524679074303 1.57812449415984 0.210103712896489 0.467109273176415
"ysgA" -0.252000363334809 8.32423825493924 1.57509847335317 0.210540128603238 0.467109273176415
"ispG" 0.150538152558741 8.93264447967135 1.56119754862467 0.212558856927881 0.469686506437415
"cfa" -0.31121237386838 11.0131339938616 1.54899847295178 0.2143494753721 0.47174101407193
"rpmI" 0.285165852925233 10.6457479064421 1.54271343620387 0.215279039698505 0.471891655019123
"asd" -0.274396828567934 10.1126565704066 1.53449258227982 0.216502196369015 0.472682086096494
"ftsZ" -0.240345521024661 9.86152303005174 1.49866065200957 0.221931701167203 0.480016393170777
"plsY" 0.183074613088763 5.26936621315223 1.49708982471498 0.22217343935449 0.480016393170777
"potD" -0.224764216505442 8.59699661303313 1.49504011388401 0.222489350119302 0.480016393170777
"ettA" 0.185909382693724 9.20429071748807 1.46676824854481 0.226902388378533 0.487617681691907
"hns" -0.259820047996853 10.6010350192269 1.4522635698194 0.229207420648192 0.490647134825036
"katE" -0.298631486751679 10.0541476984721 1.43446359093669 0.232074954065505 0.494852431236953
"glnH" 0.200651628574541 8.61973345785886 1.39679324496349 0.238288430739316 0.504293460829767
"fnr" 0.198688744532136 9.42564145846532 1.39562539973393 0.238484272455808 0.504293460829767
"frr" 0.205673632525832 9.8933134572015 1.3909913203184 0.239263320831641 0.504293460829767
"ybcI" 0.499678927882568 2.67875920952167 3.07215514198992 0.244614607029817 0.513596952690956
"pgk" -0.295612764986383 11.1115230969996 1.34908386747725 0.246451644730629 0.514116813981106
"sucD" 0.240320167625261 9.38883787401702 1.33496967842117 0.248932057896535 0.514116813981106
"nfo" -0.357235797310384 6.75472340963384 5.42482963045197 0.249121646371409 0.514116813981106
"entB" -0.35536991534156 8.92604738973486 1.33199466320171 0.249458794922626 0.514116813981106
"ppk" -0.166152152378785 8.74386910784217 1.33146311370199 0.249553052041923 0.514116813981106
"sucB" 0.258770232705137 9.96614259720269 1.32280194497401 0.251095093412724 0.51535622168604
"gpr" -0.360149374144995 7.77924367595064 1.29454307013112 0.25620877870634 0.523889592280127
"Sensor_TetR" 0.900561599714175 9.23149774633779 1.28450912134575 0.258266767084623 0.526134529228155
"fabB" 0.235483766482119 10.2907656637287 1.26136424535627 0.262378533761254 0.530116147992914
"polA" -0.14210513447452 8.72537488444081 1.25792882734033 0.263027869736019 0.530116147992914
"yceM" -0.172737980654204 6.67432079591199 1.25742459887514 0.26312334352933 0.530116147992914
"mlaB" -0.145710118114977 6.61384701671388 1.25195438183958 0.264161891168173 0.530259034286295
"ndh" -0.262529522570419 8.02289040531825 1.23461594859518 0.26748767658903 0.530491445660351
"thiH" 0.171195632719332 5.40995268480245 1.23398694904733 0.267609309856161 0.530491445660351
"solA" 0.191187443201715 6.74206909008584 1.23193153739244 0.268007259756921 0.530491445660351
"pepD" -0.205111354346324 9.92193993162383 1.22623563147087 0.269113928171533 0.530491445660351
"ybaY" -0.262019781877795 9.76050425235453 1.22621512286306 0.269117923163463 0.530491445660351
"minC" 0.140768621010396 7.59729947489567 1.20419474522212 0.27345069961066 0.535598804321061
"rplQ" 0.265342813690709 10.5827467076304 1.19833852361206 0.27461772125522 0.535598804321061
"gatZ" -0.395117810658051 12.0814765109134 1.19822206417926 0.274640992726675 0.535598804321061
"cyoE" -0.228840527627562 9.74649566017928 1.18632894506471 0.277030684578695 0.538343316131648
"yagU" -0.184291984775209 6.02454053543876 1.17650348436545 0.279024759236802 0.540302360642287
"rpsR" 0.243338505671215 9.40062875330564 1.15824839742008 0.282778123038573 0.545642293750487
"nrdE" -0.303605831595298 9.70496602948792 1.1336872786041 0.287929892700952 0.553633618246041
"hslO" 0.186076902723959 8.92963208527567 1.11799993532775 0.291283132572871 0.558122925349416
"ypdA" -0.139053286953848 5.60816646220882 1.10519517475853 0.294057361061197 0.561475379308488
"malS" -0.162709197224653 4.8593117270196 1.09968360658903 0.295261917402961 0.561817815058411
"mgsA" -0.14268403760831 6.87031695534399 1.08837162756436 0.297754112568638 0.563391342638811
"proA" 0.132176761903241 8.0080214691045 1.0866082305355 0.298145053586232 0.563391342638811
"exbB" 0.203794798717917 9.20038195289024 1.0784730077767 0.299957215698677 0.564867883858677
"lrp" -0.168857710902664 8.53633041157639 1.05443748482032 0.305395184435041 0.573138907775351
"ygfI" 0.278098180085726 3.44571952407583 1.03837566110937 0.309100659284921 0.578113178457804
"aroF" -0.574308901644037 11.2075026423529 1.02111861164257 0.313147524335738 0.583059802080446
"clpP" -0.195037929374172 10.0868821759155 1.01805398060188 0.3138734336017 0.583059802080446
"sgcX" -0.363367374536328 6.55904786735229 1.01280227971752 0.315122526929055 0.583402516071359
"gpmM" -0.157801783858517 9.35201862558687 0.988725257221303 0.320933591869071 0.592160297455391
"aceB" -0.257204362672204 10.582893964082 0.983124549623089 0.322305569862335 0.592696148605905
"hflK" 0.175363920572301 9.89800900340672 0.953861844091398 0.329601847335774 0.604086328896336
"nlpD" -0.247468675018025 11.635991456575 0.915470222123272 0.33951267108843 0.619553466222298
"groL" -0.331311077713209 12.7557858817301 0.912476785568483 0.340302177614802 0.619553466222298
"patA" -0.282600583761738 10.8508889044585 0.894425565536555 0.345116134921278 0.626237224956491
"sucA" 0.243556247053404 10.631552581702 0.881919527980107 0.348505613363957 0.630300581265506
"hisH" -0.161632873909205 6.47179405252287 0.873444041606071 0.350828533379643 0.631329816179346
"yaeQ" 0.187425935841874 5.41233493171968 1.76906321903506 0.351378821048724 0.631329816179346
"insI1" -0.124654515916051 6.60522404823917 0.847755213152399 0.358000078179284 0.639079343171301
"ubiB" 0.120469235577479 7.02907254966165 0.84766938008237 0.358024376557645 0.639079343171301
"malT" -0.206643329662622 8.52912331822546 0.840609180841002 0.360030856420186 0.63957303175911
"purL" 0.251504526736452 10.0931387680192 0.828901012239879 0.363392691038276 0.63957303175911
"ompA" -0.298247398657048 14.575242352507 0.828761274908572 0.363433076840011 0.63957303175911
"ydgH" 0.153269686672752 7.75186300888935 0.828153332376361 0.363608852201074 0.63957303175911
"yehE" -0.225451610862904 5.51026101927501 0.826330941177248 0.364136470636574 0.63957303175911
"glyQ" 0.144387776904429 8.86639728301476 0.81746113934491 0.366719708936734 0.642052397755048
"dauA" 0.139745632313312 6.07908806037885 0.802149930599657 0.371239423674586 0.647895554693226
"miaA" -0.216458773206852 11.0488269894553 0.784591228519055 0.376519262943924 0.655023987597684
"cyoC" -0.180958619806998 8.75039958292612 0.76963208067569 0.381101334971886 0.660293440353532
"menF" 0.145884909817791 7.72476928121614 0.763636274573023 0.382968587314024 0.660293440353532
"fur" 0.148430146602938 8.18780424164573 0.762984276039006 0.383162981810991 0.660293440353532
"narX" 0.108183701208245 6.07886759073027 0.754336252376348 0.385868773570953 0.660517196028025
"gmr" -0.308217365744818 7.14505929809478 3.14769210812748 0.386303157404746 0.660517196028025
"yceD" 0.195176288967247 10.5045509790109 0.747030886105248 0.388175773347515 0.660517196028025
"rpsF" 0.217702501962274 10.8001654864908 0.744263260650715 0.389054932452428 0.660517196028025
"murD" -0.114467105648547 7.74969733914715 0.742171632668446 0.389721250015211 0.660517196028025
"aspS" 0.153748250430699 9.61809546362139 0.739656142596213 0.390524765534818 0.660517196028025
"ycfQ" -0.124925250110394 5.70513582204402 0.727460608378818 0.39445432425484 0.665110675974315
"tufA" -0.227061376659153 12.9666473273341 0.70966165751443 0.400292675277536 0.668818966726822
"rcsD" 0.119832536097604 8.01557047110902 0.709623723446015 0.400305251843825 0.668818966726822
"ghrB" -0.158352036355421 8.1217744677455 0.709594315783353 0.400315001982477 0.668818966726822
"yhcB" -0.127219739277059 8.13364804374553 0.687726793874187 0.407662305507792 0.679024144128481
"lacZ" -0.358524660791454 10.9325932867241 0.680788450294661 0.410034876161254 0.680906400413234
"icd" -0.238195453484644 11.6262567138651 0.667557766466561 0.41461596028931 0.686433674436682
"tdh" -0.19088132713701 8.20636400649598 1.53345604781808 0.419835089834449 0.69298081093156
"yfgF" 0.193545199072165 3.25114470040442 0.664447232619469 0.42483463941074 0.699127274465722
"tldD" 0.10522581763218 8.85925606197865 0.621121953686824 0.431313628486015 0.707664276677654
"serS" 0.162486866461674 10.1850143599451 0.612362237097704 0.434577198313958 0.710890461719549
"lpoA" 0.162679888722514 7.72204965844403 1.77460975195826 0.437102425927976 0.712204143008128
"clpX" -0.184318703017314 11.1461812486221 0.599349005031176 0.439495644551113 0.712204143008128
"yeaD" 0.127408130354731 7.23266899693729 0.596566392457081 0.440558448648073 0.712204143008128
"atpD" -0.184898914177717 11.0206382376637 0.595572611709243 0.44093897791656 0.712204143008128
"fadJ" -0.198004558582381 6.97472798163348 0.590679902738573 0.442819866850694 0.712204143008128
"bamE" 0.143619659143218 7.38154392908793 0.589751613913241 0.443178125484985 0.712204143008128
"pfkB" -0.135407489136256 8.32404539017627 0.574615901517834 0.449083565545688 0.717038426402375
"hupA" -0.150107425072526 9.04913815344217 0.569954460493009 0.450927025503889 0.717038426402375
"hsdR" 0.126139527049689 7.56279294550113 0.568531750388111 0.45150658165963 0.717038426402375
"yjdC" -0.280029900123801 8.22583429772091 3.09119863406839 0.451653897180677 0.717038426402375
"rpoN" -0.114028349582526 9.31234231982526 0.565427576585397 0.452728641487631 0.717038426402375
"kdsB" 0.101177185574785 7.51854893610178 0.559422250031745 0.455136159690784 0.718774108099567
"bdcR" 0.121806890170856 4.19013310693095 0.549474250221979 0.459168986159984 0.720039499819607
"crp" -0.111271149303327 9.20638300196456 0.543094289117502 0.461785270419169 0.720039499819607
"clpB" -0.243081642515818 13.0724774761384 0.539692099018858 0.463190154035787 0.720039499819607
"rpsK" 0.178448165756503 11.1980263303883 0.539352283678646 0.463330850337376 0.720039499819607
"secY" -0.209876156517602 12.6270120153746 0.53525800461631 0.465031420972048 0.720039499819607
"rplL" 0.175363341774868 11.0631364752321 0.533968594493872 0.465569050873136 0.720039499819607
"rplI" 0.169274929000522 10.26496914032 0.529351736415232 0.467502289259218 0.720039499819607
"ihfB" -0.141921880513767 8.97620230601986 0.529164612445516 0.467580916417426 0.720039499819607
"dppA" -0.19395671862044 10.4916688122134 0.528731737201096 0.467762886744124 0.720039499819607
"rpsC" -0.202024691891252 11.4795530673449 0.518138958752188 0.472251683266423 0.724912947983193
"katG" -0.108647672574395 8.503379658451 0.509577454931623 0.475930944689272 0.728519993546706
"livK" 0.143660280611611 6.31986911490665 0.495159668673614 0.482233686378048 0.736111588120251
"iscR" 0.126331295476353 9.04363131554245 0.48407317582324 0.487174249471745 0.740194276983242
"fhuA" -0.127251330598266 9.70585375319501 0.483104900875821 0.487609733560128 0.740194276983242
"rpe" 0.104296321679423 7.17688564199563 0.477055445299193 0.490345238770805 0.742290582448621
"trpS" 0.114394707694619 8.26492992985822 0.466539392349737 0.49516207081747 0.746941372109735
"yncE" -0.194376421730114 10.0355584740898 0.464417742013367 0.496143539138583 0.746941372109735
"yniB" -0.14076674424922 7.24516134663649 0.562354842290709 0.499678558936521 0.748787640855665
"mukB" -0.111363407265067 9.20751151209649 0.454575521765699 0.500739898069884 0.748787640855665
"aspC" 0.152563885860738 9.49157812086225 0.453028183050067 0.501469095244578 0.748787640855665
"bamA" -0.133119885547239 10.5660423233229 0.449999832510583 0.502901486496781 0.748885909239772
"htpG" -0.194110458333088 11.6872296000376 0.432014186901358 0.51155535849085 0.758419965118387
"yhiJ" -0.192570145341687 2.61674074623512 0.430509073666005 0.51229121985703 0.758419965118387
"araB" -0.343792113935799 10.648797375428 0.428134636324046 0.513455852297303 0.758419965118387
"uvrY" 0.100106519614268 7.35254605987092 0.421714153796179 0.51662828198478 0.759327506845416
"gltD" -0.148129503604459 9.74163832921919 0.421285044124709 0.516841532944051 0.759327506845416
"selB" 0.105764681021043 6.79074195222413 0.408767311752014 0.523131296674228 0.766513236838174
"rpsL" 0.154835561809709 10.9365149847422 0.399466353297376 0.527893278481942 0.771428044288278
"fusA" -0.184171219428819 13.4755880133052 0.387947358283469 0.533899658642557 0.776936796086447
"fhuE" -0.176085866330761 8.31261513833515 0.385326928630693 0.535283319183577 0.776936796086447
"yfeR" -0.118335860903131 4.00838338738395 0.451575495340981 0.53591625715452 0.776936796086447
"mcrC" 0.248870899755633 1.73416312350186 0.376914671434362 0.539825654318629 0.778432049132011
"rpsQ" -0.140380850483313 9.79162883930281 0.374252829982151 0.541203704330346 0.778432049132011
"glpK" -0.256417673833077 9.10047039183001 0.374242757890934 0.541209143648351 0.778432049132011
"rlmB" 0.116754425290942 6.50099354064567 0.779655967925525 0.546360405409196 0.781950456102212
"livJ" 0.116966198669539 7.55953718139565 0.364516665953778 0.54650916913713 0.781950456102212
"pykF" -0.144136864839913 10.8887690775532 0.360074148878458 0.548962217774419 0.783414831615576
"ptsH" -0.126720445973281 9.79616207463861 0.357366271003566 0.550467563121765 0.783522661274616
"acpP" -0.130252376512249 10.7056726964647 0.34940164977733 0.554940533294925 0.787843036905748
"alaC" 0.0982753690915655 7.77485979006512 0.346479981394064 0.556598629397309 0.788155165141409
"dtpA" 0.152294347593259 7.78502078048719 0.342359666924841 0.55895305736456 0.789449163494276
"rplX" 0.149684570656983 10.7976112777626 0.335213604733831 0.563081955018133 0.791232565215172
"rpoA" 0.163131408844735 12.6225705116252 0.335156974649239 0.56311490927136 0.791232565215172
"rpsN" 0.151276560617133 10.9398040140017 0.329571530251817 0.566383617958417 0.791232565215172
"cyoB" -0.142542978805012 10.6841565928383 0.328265347438231 0.567153334843588 0.791232565215172
"cstA" 0.161209925108693 9.13158001554346 0.326903170885808 0.567958219218831 0.791232565215172
"yqjK" -0.119248681395984 7.82759399166995 0.322777451565711 0.570409686406193 0.791232565215172
"rppH" -0.0793078107926026 7.57700066644015 0.320261867489715 0.5719146208587 0.791232565215172
"yedR" 0.11624465961724 5.53371247288825 0.317078575056306 0.57383024034488 0.791232565215172
"yjjY" -0.113369666300302 7.61651427329113 0.315389305666006 0.574851949458741 0.791232565215172
"lon" -0.143624431838586 11.3573832223525 0.314628073243644 0.575313537922996 0.791232565215172
"glyS" -0.110507173259449 9.81721658008531 0.312353151698767 0.576697373053662 0.791232565215172
"argC" 0.205635029566552 6.62442891968781 0.310969941472729 0.577542018405235 0.791232565215172
"glpD" -0.224932295568079 9.69895938654721 0.307636434426175 0.579587765854443 0.792055101466919
"pnp" -0.123757372833174 10.9714979616774 0.295712996597536 0.587025827238512 0.800224262006728
"nadE" -0.0830535852155571 8.46815502727312 0.292531454049516 0.589043364493853 0.800982044026381
"trpA" -0.247813254834549 10.2741914009695 0.288489444313358 0.591627122330147 0.801446529826282
"rpsM" 0.133966663839049 11.2295680060407 0.285029313753552 0.593857533084721 0.801446529826282
"pka" -0.12663889761576 8.80262780368156 0.283340018079724 0.594952788112802 0.801446529826282
"rplA" 0.148961537088519 11.4962742574214 0.282905904507056 0.595234922699446 0.801446529826282
"rplJ" 0.134206661734247 12.029865845988 0.275638337491567 0.599999948657794 0.80479340864436
"rplE" 0.146122114844119 11.599690179833 0.274644390795621 0.60065785426194 0.80479340864436
"galM" 0.0725889729910367 8.07927074595475 0.267072432964392 0.605720301801816 0.808469143998829
"rpsJ" 0.151154044029262 10.843201543733 0.266137223356551 0.606351857999122 0.808469143998829
"rpsD" 0.126739696450884 11.8296313643741 0.259999368530912 0.610532067749577 0.810455077673841
"kgtP" -0.122420991459049 10.5939413244878 0.258506391900927 0.61155826147454 0.810455077673841
"btuE" -0.0875880928468549 7.75994933948215 0.257462341633717 0.612278106125858 0.810455077673841
"arnA" -0.0817246346794024 5.78069161977854 0.253282630145038 0.615206984402101 0.811307880742521
"murE" -0.0718367895994484 8.10805295667465 0.24988632972846 0.617557317655735 0.811307880742521
"speA" -0.102580172944254 10.2009986788574 0.249769358921535 0.617639607618927 0.811307880742521
"rpsA" 0.146513964078299 12.8748423934949 0.247261514091883 0.619409721402024 0.811307880742521
"tktA" 0.137086721191019 10.6053796969977 0.244797977520853 0.621159502134258 0.811307880742521
"glyA" 0.140379749316167 11.0259311352853 0.243892617014165 0.621805310058137 0.811307880742521
"hemE" 0.0697489562559275 7.59306064532216 0.238314472281432 0.625817542089996 0.814603356449686
"arcA" -0.112427576770562 10.0229226147447 0.229869702342996 0.632003848884556 0.820706419878523
"trpB" -0.223834802716268 10.8031533685885 0.225829865444537 0.635012834179 0.822664380922203
"manA" -0.0647096056014947 7.36139820374655 0.22142692687955 0.638330098654544 0.825011542600685
"acnA" 0.118205449171704 10.4609015334938 0.219264661021172 0.639973970187705 0.825189966265559
"araC" -0.127202587263132 9.52234878481142 0.206841501841234 0.649623451660133 0.832776787038821
"yafJ" 0.0638687587458417 6.94226038564614 0.206419830983746 0.649948682272943 0.832776787038821
"dadX" 0.0983458334507541 9.31877027632687 0.204698795170358 0.651313429284734 0.832776787038821
"slt" -0.0641161237272293 7.99101819926141 0.203915857636224 0.651936572335136 0.832776787038821
"proP" 0.0965392653591693 10.3953887000592 0.197190356003723 0.657349690183473 0.83498547546092
"ygjV" 0.122483049930379 3.39727470751761 0.315365876719475 0.65818015697886 0.83498547546092
"metK" 0.126855907523079 9.47008018338551 0.194243351184804 0.659756509505694 0.83498547546092
"infC" 0.109700284280066 11.6089254909231 0.19406673065288 0.659901446831411 0.83498547546092
"ygcR" 0.137327946743754 1.94022459359832 0.192186624253332 0.661449194306724 0.83498547546092
"lysU" -0.19928881336162 7.87210632710217 1.8843694249225 0.662807813550183 0.83498547546092
"trmD" 0.113916349115208 11.1037109789903 0.182633724586425 0.669456033081706 0.841426390203612
"rpsE" -0.113280893890273 11.1188638147943 0.180235508271142 0.671504904709288 0.842070223754439
"rimM" 0.100722007492765 10.866480035351 0.174398455563158 0.676559840684008 0.845320334279959
"gltB" -0.109578071935605 11.2471921126583 0.173688065056788 0.677181800636682 0.845320334279959
"rplO" -0.11007022193432 11.2720530800929 0.16391088427528 0.685897755490638 0.854254477292885
"maeB" -0.0727195900053007 9.07983484750306 0.161323150972814 0.68825509809662 0.85524669786156
"fimA" 0.0785873343297941 9.02204013087584 0.157060628355539 0.692193418437948 0.85705068174039
"dcuA" -0.052919264116215 8.05929172517754 0.156364084580846 0.692834766443418 0.85705068174039
"gyrB" 0.0639461635507944 9.5365437071929 0.153029425798063 0.695961747921661 0.85897981500241
"nirC" -0.113949435051101 2.36635947543221 0.146881523828514 0.701831385603403 0.862003635696746
"hflC" 0.0588913287371318 9.02971536699912 0.146615296923945 0.702088723715059 0.862003635696746
"dnaK" -0.133193503627952 14.2024780090295 0.145540156243896 0.703130702840229 0.862003635696746
"dsbD" 0.0617112828236584 6.62636954191835 0.13833473588343 0.71023033990555 0.868020207890988
"putP" 0.067634646869959 6.63366964367255 0.136450512976715 0.712121508077425 0.868020207890988
"mioC" 0.0600795713597738 7.32022402515361 0.135787675826343 0.712790316698804 0.868020207890988
"ileS" -0.0769353536631626 10.754962502904 0.126446306148403 0.722419739655197 0.877796047297224
"rpmC" -0.0793414230147751 9.19612446970456 0.12082904050749 0.728404588077958 0.883109987315755
"fes" 0.0808699800490334 8.3012795250731 0.117133920984619 0.732427036216531 0.886026525047812
"panC" -0.0569074425994531 8.24437553423505 0.113217173699414 0.736768927586637 0.889315798056117
"gyrA" 0.0708614534668578 10.3621279126671 0.110876400186798 0.73940382830585 0.889962432054096
"ycbZ" 0.0468695672422419 8.51376133533556 0.109864294620813 0.74055268068735 0.889962432054096
"ugpB" 0.0918559627766496 7.74904153998192 0.106969460184661 0.743871431630878 0.891994626988449
"tufB" -0.0829458355309623 12.4536762663156 0.104872317757201 0.746306861144609 0.892961047832414
"trpE" -0.191852945887641 11.0354670482075 0.102826557538703 0.748708691437889 0.893883143590334
"gnd" -0.0759623893844833 10.9674708845835 0.0997538501226357 0.752366259632756 0.896297196258153
"infB" -0.0726223765320248 10.7303026918022 0.09758332914281 0.754987424070072 0.897468781757917
"tatB" 0.219263691621981 7.23549742721231 2.21927103278666 0.764036334766869 0.906259548597931
"ycdT" 0.0942906842217288 2.72145854968196 0.087741149948714 0.767293635718421 0.907189492559521
"rpmD" -0.0598360233921215 8.9110424208502 0.0870919544229522 0.768131249174485 0.907189492559521
"rpsH" 0.0741141819664333 10.5321051832913 0.0857213379865094 0.769910881078306 0.907335834044971
"opgH" 0.0459388891639499 8.88895140832888 0.0836230797000179 0.772665486626906 0.907980682871717
"cirA" -0.114987178559532 11.3995485752655 0.0827882558603935 0.773771859308562 0.907980682871717
"nudK" 0.0466899806967938 5.50696523459883 0.0810061107585086 0.776154080427297 0.90882999161145
"rplP" -0.0728579375813282 10.7561255624648 0.0794490698784685 0.778258701928462 0.909351319097649
"gcvP" -0.0553955352195614 9.68659082907559 0.0744811568307259 0.785126664363855 0.915424281002963
"trpC" -0.137508070054534 10.376083903495 0.0730083651729011 0.787209832696643 0.915660756082982
"pykA" 0.0457209947717913 9.28646280034278 0.0719845251363579 0.788671308159064 0.915660756082982
"yoaB" 0.0480149139028353 6.36271878909341 0.0699309402265773 0.79163665106042 0.917085484768674
"trpD" -0.154303651576398 10.8880097223987 0.068017634478226 0.794441658819068 0.917085484768674
"aroA" 0.0487946776896813 8.23434073431394 0.0670890651638415 0.795818188342581 0.917085484768674
"fiu" 0.0917438584183993 10.774575007388 0.0642400461821037 0.800106240510427 0.917085484768674
"metI" -0.0574771391267197 5.91881097237555 0.063235418809099 0.801642390309979 0.917085484768674
"insH1" 0.0494765463611766 9.83965051683495 0.0630349808776472 0.801950424488662 0.917085484768674
"yhbJ" -0.0350097601211784 8.29648231502778 0.0623015174224517 0.803082076802353 0.917085484768674
"rplD" 0.0773684955123695 11.1566906596037 0.0621694737853973 0.803286556001758 0.917085484768674
"KanR" -0.158877219649271 13.0662140149936 0.0608616502989991 0.805390581926027 0.917575964439632
"atpG" -0.0538393698121192 10.1911587818422 0.0583540814121265 0.809297679522639 0.919621753236015
"pheS" 0.0692294884987776 8.34420903018372 0.05757993233409 0.810542530680649 0.919621753236015
"rplV" -0.066444056392552 10.442346505153 0.0549555984300778 0.81482970294612 0.920762366774798
"hyfF" -0.148314073511417 3.46643682533482 0.495676795955376 0.816283877535154 0.920762366774798
"purA" -0.0552862606527754 11.0409815010632 0.0538976380151302 0.816588522358671 0.920762366774798
"rplC" 0.068658987577313 11.6755701548691 0.0515861409289401 0.820495687911236 0.922800532425569
"nlpI" -0.0454117215307781 10.1469442441315 0.0496987356122846 0.82375483633033 0.922800532425569
"amn" -0.164984095934201 8.00923377607504 1.18839764348127 0.824921442650599 0.922800532425569
"ydhI" 0.0469060356172264 3.70474805255861 0.0487105822875152 0.825487111722022 0.922800532425569
"atpC" -0.0401528594685304 9.23947046849192 0.0443021224629364 0.833449341601176 0.922800532425569
"atpA" 0.0527735678336559 11.2685808150098 0.0441875296293747 0.833661713539161 0.922800532425569
"yigZ" 0.0756371340602939 5.91549844939323 0.395721868389015 0.834505407295675 0.922800532425569
"lptD" 0.0372679637571804 10.3272274207574 0.0436682703399714 0.834627666307071 0.922800532425569
"rpsB" 0.0551231585037041 11.8875175092779 0.0435179008794656 0.834908509463321 0.922800532425569
"yggE" 0.0311986734441362 8.50531032494958 0.0429422527882013 0.835988347167803 0.922800532425569
"acrR" 0.0905815957587864 5.83216930959839 0.37638985220021 0.836919460977204 0.922800532425569
"rpsS" -0.0560102884659456 10.1889196086589 0.0407078120313839 0.840253048954615 0.923943590206121
"rimJ" 0.0275010629382274 6.45740453611991 0.0392430770041767 0.84311513241201 0.923943590206121
"rplR" 0.047879075231079 10.3524373315717 0.0390335496005183 0.843529059410605 0.923943590206121
"yhdP" 0.0237928256825128 7.55576626316207 0.038372541973817 0.844842518008034 0.923943590206121
"leuS" -0.0393782939453397 10.3758406545249 0.0374491780277451 0.846697118651819 0.923943590206121
"rplN" 0.0477973207895425 11.0831989517818 0.0367720324033517 0.848072309988465 0.923943590206121
"hisI" -0.0289818570820646 6.9612492517199 0.0354628164496273 0.850768888315967 0.925042362692758
"ybiX" -0.0498638367805342 7.32955195698175 0.0335199741666461 0.8548673647978 0.926746153171244
"ppc" -0.0435299277860715 10.484172027523 0.033123752378949 0.855718163329652 0.926746153171244
"yhcG" -0.0401523297246564 3.45273246390638 0.0322631689087583 0.85758437181819 0.926935376245302
"rplF" 0.0436171557799662 11.230887753393 0.0289497519345298 0.86502097947377 0.933132867621311
"fpr" -0.124504911731216 6.63684498446148 0.717254905936979 0.869108942090542 0.935700786376458
"zipA" -0.0239103545235787 8.43333067199527 0.0257973854054413 0.872514775157576 0.937525679973239
"ptsP" 0.0233046817718075 8.85417900562758 0.0237738350978778 0.877575555623813 0.941118208379353
"hldD" -0.0197752215337482 8.82779680092551 0.0220413487808107 0.882086624863157 0.941781663205949
"cycA" 0.0324644424875359 8.3706719472387 0.0210604796506517 0.884721274838615 0.941781663205949
"dgt" -0.110904543272591 6.09799026017706 0.647191486720687 0.884970987696056 0.941781663205949
"ytfP" -0.0231701281836291 6.69379125689668 0.0209328970465755 0.885068533852306 0.941781663205949
"fabG" -0.0275727576836204 10.3894282371494 0.0193524207199311 0.889463316597839 0.942657013634126
"sodA" 0.0316817438453613 11.1902753879165 0.018993086392613 0.890487778309879 0.942657013634126
"fepA" -0.047705314413204 10.56143617276 0.0187967517659984 0.891051702668754 0.942657013634126
"ppiB" 0.0213898424337767 8.54811799631834 0.0168762933619745 0.896734142603963 0.946840674656978
"fhuF" -0.0612288988877742 10.0886031480204 0.0867531647601793 0.900082247513779 0.948548214687598
"potF" -0.0248563218267162 7.63669308298453 0.0148809167910607 0.902998664841188 0.949795140754263
"ftsH" 0.0288941240232106 11.6491953162712 0.0127915793053392 0.910034406164039 0.955361790379106
"ycjF" -0.0232043930820082 7.62010095840066 0.0152667814405589 0.91221472689897 0.955819637362592
"insD1" 0.0130963110593732 7.65422385673282 0.0105949400667252 0.918092636757446 0.958430133602951
"valS" 0.0196465273522034 10.0847945338874 0.0105447092781225 0.918286343924025 0.958430133602951
"ompC" -0.029715296314873 11.8014704378103 0.00952250620621123 0.922334681390628 0.958430133602951
"hisG" 0.0193144315220325 7.5682816419 0.00927277876530236 0.923356635007882 0.958430133602951
"rplB" -0.0274123787955282 11.7398432713793 0.00913807226549279 0.923913661903986 0.958430133602951
"betI" 0.0173520430331701 5.51532352241775 0.00883082113000611 0.925199891744454 0.958430133602951
"entH" 0.0236877897248142 7.59980381008639 0.00785714447154189 0.929432504152997 0.960998136369514
"nrdD" 0.0159552326241248 9.3359031330402 0.00643331683219064 0.936130554779086 0.965518003651018
"lpd" -0.0184920783566884 11.2466059030586 0.00594272869194588 0.938609066773367 0.965518003651018
"iraP" 0.0142041409411641 5.09372632510484 0.0058498803417447 0.939089591142323 0.965518003651018
"argG" -0.0192436053779389 8.28446995701096 0.00529330278460554 0.942054222432558 0.966752273207943
"araE" 0.0167214333176653 8.93693313262325 0.00442806575339135 0.946993604505741 0.96773059987792
"mtn" -0.0365218276090802 7.93023739533834 0.0580775863403475 0.949529714192942 0.96773059987792
"rne" 0.0113195711759456 9.72738099738115 0.00392388458969162 0.950098228728357 0.96773059987792
"waaZ" -0.0181271030698522 3.52585349023616 0.00384052513986375 0.950630445598509 0.96773059987792
"pepQ" 0.00792433616859371 8.19721628681816 0.00365484052889791 0.951837214113502 0.96773059987792
"dapD" 0.00747742625485827 8.88826934205609 0.00187368029634158 0.965505132870383 0.979808912616611
"entE" -0.0108280339089502 9.66516288269904 0.00131684469373163 0.971078923489902 0.981350781618249
"tsf" -0.0075770070169448 10.4931037121366 0.00120877229454692 0.972290590313743 0.981350781618249
"pgm" 0.00569192544730508 9.30121491461642 0.00119951548921168 0.972396851129031 0.981350781618249
"rpmJ" 0.00613195675391807 9.65366520449148 0.00080055992162593 0.977448179884507 0.984635298854246
"potI" 0.00445462997572821 5.40385405507468 0.000549745448043684 0.981311101002688 0.986712813485271
"yigE" 0.0884833993005519 2.5703096479791 0.132879906847935 0.984272237331503 0.987877630142241
"ddpC" 0.00842837101771805 2.85298908148767 0.000882337286503417 0.994947864133207 0.996766781617912
"yjeI" 0.000301499774449005 7.03784827757431 0.00000398764921626528 0.998408154126517 0.998408154126517
