"logFC" "logCPM" "F" "PValue" "FDR"
"Actuator_YFP" 5.53191497452661 15.8092395047832 76.6588600002298 0.000000000000000832616779126182 0.000000000000671921740754829
"lsrG" -1.96241494444549 6.67262947809244 56.1532610235806 0.00000000000093511001687874 0.000000000377316891810571
"glpK" 2.70596377914627 9.10078336065327 45.1565569431102 0.000000000105599212440192 0.0000000284061881464117
"lsrB" -1.81488577446897 7.89795240893057 38.1478887396402 0.00000000236854802617724 0.000000477854564281259
"lsrF" -1.74833526211029 7.76758123531931 35.3759155762526 0.00000000829215110987488 0.00000133835318913381
"glpF" 2.37449392647157 8.40001370396371 33.6394252830253 0.000000018306262398222 0.00000246219229256086
"lsrK" -1.36038950102924 7.87488587218934 31.5938536723374 0.0000000468656309578729 0.00000540293774042907
"ycjX" -0.889713820407116 8.97827286967261 21.9942116136177 0.00000432495238948238 0.000436279572289035
"yneE" -0.856694162845256 5.2878964202078 19.1605382053307 0.0000171271415963033 0.00153573369646853
"ybeY" -0.674216721684941 8.64625934671527 18.3798336603659 0.0000251185135401839 0.00202706404269284
"rplC" 1.38176675336059 11.6764704487514 17.1386811151782 0.0000463397615304095 0.00339965341409459
"ybbN" -0.720586322937066 9.76696041124007 16.7129952488175 0.0000572311741600475 0.00384879646226319
"rplD" 1.39191463650577 11.1576900788711 15.8317341725865 0.0000887588196331069 0.00550987441876287
"yqiA" -0.54608945713824 6.48454307872616 13.9856885434286 0.000224434622566424 0.0125219620390176
"lsrA" -1.27416264553783 8.69137877883614 13.9094267252709 0.000233263351438548 0.0125219620390176
"nrdD" -0.689809180330722 9.33606057671122 13.7511036371984 0.000252734372039285 0.0125219620390176
"gatD" 1.17749274870669 8.06550089119123 13.6666775504638 0.000263783586943369 0.0125219620390176
"fetB" -0.944128604383281 4.44804697775472 14.4717609155661 0.000356233115975402 0.0145732439415968
"zntR" -0.50268973426505 7.36852805742231 13.058142465173 0.00035937608613005 0.0145732439415968
"mfd" -0.618781985807566 9.4315960950315 12.9818666792026 0.000373617907653415 0.0145732439415968
"ibaG" 1.20125966821362 6.14656176507478 12.9526207599381 0.000379229396249731 0.0145732439415968
"rplV" 1.17086470391235 10.4432984715657 12.8405167622326 0.000401543801845487 0.0147293567313322
"ybeX" -0.676747173093196 9.69638427164369 12.4810522790264 0.000482508712429241 0.0169297622143651
"glpD" 1.34704501519007 9.69978904771841 12.0321659377339 0.000607371697976104 0.0204228733444465
"rplB" 1.08140775221047 11.740735707288 11.9268351562594 0.000641154420466926 0.0206964646926724
"rpsC" 1.02799226299963 11.480489345827 11.3434814410431 0.000866065400917912 0.0268813376361829
"sapB" -0.460582131381067 5.92360452318704 10.8159764728653 0.00113824166542733 0.0332083506149743
"uidA" 0.63310648631605 5.84310182587299 10.7924929445857 0.00115221043025933 0.0332083506149743
"dnaJ" -0.763654117004087 10.522917688262 10.4085223588406 0.0014070790945604 0.038153956177976
"hslV" -0.698789276199464 9.64060434946701 10.3932056610239 0.00141836268319613 0.038153956177976
"srkA" 0.615782975429478 7.31451069986903 10.152807235275 0.0016080555372808 0.0418613167285679
"dtpB" -0.494314905833604 7.14661347615962 10.0405548369546 0.00170530455734574 0.0424560528798206
"hslU" -0.753347128308953 10.9912476115573 9.96903669809396 0.00177037243394743 0.0424560528798206
"miaA" -0.750967119639627 11.0499922527152 9.94934293795606 0.00178873085243358 0.0424560528798206
"ykfB" -0.449268019671311 7.13133871369371 9.75435206736828 0.00198132784182894 0.0456837590958844
"pstS" 0.749532848678921 7.33053659563588 9.51312284166859 0.00224920388436525 0.0504196537411877
"yqjA" -0.387472172143351 7.46694434527049 9.39513085645704 0.00239342552473719 0.0516826504932492
"pfo" -0.618767031556057 9.53050332275258 9.36352988108359 0.00243363162173912 0.0516826504932492
"ybeZ" -0.615481067432186 10.0914498371671 9.30481175728758 0.00251018089186711 0.0519414353778655
"rpsR" 0.787363801541943 9.40147260546936 9.15906069505014 0.00271100565195313 0.0534449550292778
"atpB" 0.776758983797436 9.35774173937822 9.1560692929835 0.00271529511301164 0.0534449550292778
"hokD" -0.57721867549686 9.36602777565575 9.08033745179801 0.0028262314354816 0.0543040182960394
"insL1" -0.494269312875787 8.57366221820573 8.94815749221251 0.0030310849044148 0.0568857097177382
"def" -0.460133472509345 8.54947742670259 8.4430823912107 0.00396437816683283 0.0727102995598658
"tmcA" -0.37689874799649 7.10011837568478 8.36498591477704 0.00413301441438289 0.0741187251645999
"yfcH" -0.455692021368786 8.08816242597645 8.30821329665006 0.00426020406446913 0.0747387973918824
"htpG" -0.808403000710729 11.6882818118074 8.21940198430017 0.00446726979736207 0.0767039729036423
"ypfJ" -0.385030756171214 8.13754152291047 8.05186181668083 0.0048864374130874 0.0809831651310519
"ispG" -0.354246444835772 8.93297658591568 8.04015491823239 0.00491719342183587 0.0809831651310519
"rpsQ" 0.720290154853252 9.79256716167688 7.53928929249733 0.00643756012966696 0.10075807086661
"ybhF" -0.494785315508202 7.64392439155513 7.51688760856311 0.00651589710714748 0.10075807086661
"arcB" -0.358824871053374 7.82454182569324 7.4856947554767 0.00662661102033216 0.10075807086661
"rplN" 0.712228674221449 11.0841823804418 7.4837069226132 0.00663373169868374 0.10075807086661
"rpoD" -0.621769937646483 10.9009501213698 7.45370141516056 0.00674217574572109 0.10075807086661
"glpX" 0.617924803346226 6.17697165711331 7.37999272287033 0.00701637403746852 0.101216909972198
"dppA" 0.751598740102904 10.4926619495749 7.37805737763292 0.00702372609472499 0.101216909972198
"pgpA" -0.368513934551176 7.21399264622127 7.22081541622099 0.0076483368863285 0.108284348548546
"clpB" -0.837258994325749 13.073228253816 7.14077787840845 0.00798794312294432 0.110407376859803
"rplI" 0.670544876149422 10.2658870332504 7.12152762658068 0.00807191478900665 0.110407376859803
"mdh" 0.500046015577571 9.95174072911205 6.82373575277772 0.00949323473652407 0.125286564156741
"yghB" -0.383485351449222 6.71672493341326 6.81436883355749 0.00954191305555918 0.125286564156741
"rpsF" 0.703591615001091 10.8010993450282 6.7984016905976 0.00962548572207924 0.125286564156741
"hslO" -0.440401245804834 8.92994720798739 6.53365554801589 0.0111267751899858 0.142528691719341
"ihfA" -0.565319022109504 10.1631190744017 6.32636056617235 0.0124699315410515 0.157238043025446
"fruK" -0.782114004058744 10.1506397794762 6.22199868293067 0.0132085191938683 0.162209544319722
"dnaG" -0.408243793504936 8.67679870617547 6.2041313074708 0.0133394383726221 0.162209544319722
"rplM" 0.659852100856815 10.861973776451 6.18686743590784 0.0134672112384403 0.162209544319722
"ycgB" -0.705518809372518 10.4082750712944 6.08296241389009 0.0142634593655044 0.167918875395735
"yedP" -0.550665980291081 8.57635484025123 6.01731909056404 0.0147914870399246 0.167918875395735
"ygiM" 0.480059236647415 6.82945025653552 6.00929779099069 0.0148573838354382 0.167918875395735
"lon" -0.607152898144774 11.3584753671467 5.99074291401696 0.0150109846401363 0.167918875395735
"csdE" -0.338529718736076 5.48111075646624 5.97645325531867 0.0151303982506657 0.167918875395735
"lpxC" -0.650882328603042 12.0378230833406 5.96940174048258 0.0151896876132449 0.167918875395735
"dnaK" -0.83530813779313 14.2029350957075 5.92838428615955 0.0155393710886767 0.169463141467055
"xdhD" 0.433115133933491 4.82945757836127 6.50940683778037 0.015772394585471 0.169710965739668
"atpH" 0.714323252263552 9.22533859404951 5.85631657810043 0.0161741239273434 0.171743658017975
"relE" -0.469135860876927 9.25854740095347 5.8324924740625 0.0163898264443764 0.17177389533262
"yihD" 0.761528722798988 5.1508457950202 5.78616777204015 0.0168178354623777 0.172236197299591
"yajO" -0.527253448783976 9.38045294474238 5.78158611652583 0.016860792548535 0.172236197299591
"yafD" -0.402616313879992 9.37125119457694 5.60860721556958 0.0185688645961339 0.187313421613501
"fruA" -0.697030920277086 10.7627935341025 5.50649906516325 0.0196606316067702 0.193862096277346
"pka" -0.537985037267618 8.80205151070999 5.5030637718268 0.0196985029674626 0.193862096277346
"yihI" -0.354547662720318 7.85182373458255 5.4521040252095 0.020269294229654 0.196997470513645
"topA" -0.495843122325964 10.4827186986444 5.40492974350022 0.0208130343667781 0.196997470513645
"sucD" 0.495978282662154 9.38939369821938 5.39105258411428 0.0209758595253188 0.196997470513645
"purT" 1.48018513804113 7.98444384482517 5.38543912001137 0.0210421003922505 0.196997470513645
"mioC" 0.523035021430971 7.32180300084215 5.36897472824502 0.0212376455200584 0.196997470513645
"yhhA" -0.570388289765823 8.39348590691844 5.33915576658691 0.0215966342458703 0.197119240735702
"phr" -0.414041111698023 7.22579852839375 5.32744880347458 0.0217392966858457 0.197119240735702
"yfhM" -0.370722812535256 9.06310238950083 5.2803593862625 0.0223231280320617 0.20016404802082
"dfp" 0.397875020158035 6.96849278330231 5.22760799443734 0.0229966143445587 0.202394576517857
"ugpQ" -0.386461944954456 6.28763563961112 5.22168984910911 0.0230734833204991 0.202394576517857
"rplR" 0.583772411566772 10.3532867221541 5.15501356294576 0.0239582785204569 0.207896029742029
"fxsA" -0.430997640448992 7.00437262605928 5.11879137353969 0.0244537221970863 0.209937806521794
"yshB" 0.470076126076052 6.24484859424862 5.01575625920576 0.0259224036506058 0.218169033126177
"ubiG" 0.481175184943025 6.64927316655624 5.00228616410086 0.0261211135534112 0.218169033126177
"recQ" 0.673726011049256 6.51401330349498 4.98269087259045 0.0264130297822733 0.218169033126177
"rplF" 0.599427583981638 11.231796081291 4.97730337993682 0.0264938850636498 0.218169033126177
"crr" -0.542082195276908 10.7048197396082 4.89787948910288 0.027716387366161 0.224686354955383
"atpA" 0.633585788112544 11.2694479712393 4.88422045884022 0.027932508598877 0.224686354955383
"fabZ" 0.37614137251188 7.80275154403102 4.87242285426769 0.0281205970885919 0.224686354955383
"hspQ" -0.546062145778626 10.5760033669939 4.82617433388358 0.0288708200821757 0.228419135356037
"ychH" -0.779404127394231 11.0165755488885 4.80091822800694 0.0292893360716608 0.229039319942511
"grpE" -0.505087803764226 10.2858313778242 4.78734730249482 0.0295168392490969 0.229039319942511
"ycbF" 0.822475225494701 4.02011024712698 5.16301455920617 0.0310121067260335 0.238350191694372
"clpX" -0.501152224190683 11.1472539878714 4.67621284781525 0.0314510783827259 0.239443587309998
"sucB" 0.492272452079331 9.96681211696975 4.60531548541001 0.0327541259520361 0.244981417779808
"murD" 0.303942073096239 7.75060355666574 4.60363894490618 0.0327856172493424 0.244981417779808
"hrpA" -0.275311003056882 8.29898145732855 4.54790298646076 0.0338508506184979 0.247793649918252
"thyA" 0.40109940281734 7.20911049936106 4.53691594918507 0.0340650949724224 0.247793649918252
"yniB" -0.361642907754276 7.24275405064151 4.53599379648088 0.03408314143857 0.247793649918252
"yicH" -0.282268015231519 7.18679272051529 4.46654530355425 0.0354715610458316 0.255267240180491
"rpsN" 0.580844255737284 10.9408237927701 4.45326660615964 0.0357437399509237 0.255267240180491
"cheA" 0.625700088234174 3.55006663998907 4.42986610550567 0.0362287541553876 0.256461443889454
"rspB" 0.68227031132325 9.52470010364406 4.39265429895891 0.0370246020407363 0.259816120407602
"exuR" -0.321992802277374 8.66294629031861 4.35800769560148 0.0377619460625677 0.261619103479689
"helD" -0.252266862301111 7.42159331756975 4.35032310349798 0.03792990719594 0.261619103479689
"yebC" 0.336904455254266 8.03219663672223 4.33456225939499 0.0382768589397122 0.26177478952837
"nuoH" 0.561334111733737 7.44568353513527 4.31522359606548 0.0387071491180167 0.262493019649071
"uspE" -0.490813004639014 9.77002649775804 4.28151336824813 0.0394694545960637 0.263064504570788
"speC" 0.600391983304464 6.40519443829634 4.26551320647031 0.0398368028202592 0.263064504570788
"ydgA" -0.408407500826138 9.97761658806098 4.26201650145916 0.0399175632465237 0.263064504570788
"yggC" 0.361313785274659 5.40233349365177 4.25434578139542 0.0400953334104175 0.263064504570788
"rfbA" 0.483942597283891 7.31932552158822 4.2330817430655 0.0405925150962547 0.263582682560389
"ypfH" -0.317705757201784 6.82013701939269 4.19548937332559 0.0414874739563548 0.263582682560389
"gpsA" -0.349215922176142 8.89822572574468 4.1922167438576 0.0415663655802676 0.263582682560389
"aas" -0.259313128984879 7.16231168505702 4.17580974555026 0.041964277818933 0.263582682560389
"rplP" 0.575156283479537 10.7570375212866 4.17253857681565 0.0420440924459208 0.263582682560389
"clpP" -0.391945088228631 10.0879896981766 4.16886018708048 0.0421340347587238 0.263582682560389
"yeeZ" -0.262078182264899 8.36613122711984 4.15167596138385 0.0425569189200218 0.264180258218905
"mdtB" -0.286731047092878 6.03196733152374 4.1345096226776 0.0429838469162258 0.264793621842704
"fruB" -0.746110565643292 10.705657964809 4.1196211810418 0.0433577923834844 0.264947442013709
"hdeB" 0.634797876082315 9.4294536210076 4.1074738795913 0.0436654396379471 0.264947442013709
"atpE" 0.556550684534231 9.11789823097055 4.07542028978872 0.0444883861553891 0.266289070822714
"macB" -0.352663692817686 8.58563094821923 4.07318059051913 0.0445464988365134 0.266289070822714
"mukB" 0.363117506400181 9.20850373661401 4.05069828712293 0.045134312948235 0.267819048156071
"phoU" 0.418257943565287 6.3953932761405 3.99796963527921 0.046545416848043 0.273127348200842
"ileS" -0.434810620472098 10.7560842767035 3.99208440950217 0.0467057918856458 0.273127348200842
"apaG" -0.247526603654979 6.8463636801536 3.96266429764164 0.047516338140212 0.275868236540655
"ydcV" -0.61003164493507 4.58909347474533 3.93087972969407 0.04840882601234 0.278648908089326
"rspA" 0.569879101735847 9.59327394071989 3.91038040381912 0.0489938595397225 0.278648908089326
"ribE" -0.319568398513854 7.78383347673211 3.90001501229604 0.0492925331054769 0.278648908089326
"ygjR" -0.452592647649282 8.02445881869029 3.89711475553732 0.0493764483974891 0.278648908089326
"rplU" 0.496510781097918 10.2002588692492 3.8584387113572 0.0505101170541962 0.279850065633364
"pheT" -0.476219295267538 10.7978775137778 3.85608890682829 0.0505798799241595 0.279850065633364
"yjgA" -0.319004584457754 7.84698609672005 3.85224221914261 0.0506943046627025 0.279850065633364
"gapA" -0.577503536297804 13.2301880755684 3.84279794361433 0.0509764060075644 0.279850065633364
"speA" -0.402313162452551 10.2019637393354 3.81957827381293 0.0516771023096249 0.280236169413466
"mcbA" -0.45157467520082 8.09159722564062 3.80690849919032 0.0520637506692067 0.280236169413466
"moeA" 0.299658625769373 7.39523089966984 3.80610068142275 0.052088507325923 0.280236169413466
"ushA" -0.297027831405509 7.70994430481861 3.76493229081441 0.053366910288902 0.282337150133456
"obgE" -0.353140018761141 8.79957771200242 3.75355539469922 0.0537260601805633 0.282337150133456
"gatB" 0.637426190901639 6.89317916032204 3.74966361330451 0.0538495076544283 0.282337150133456
"yrbL" -0.391731913530425 10.5653243630543 3.74875209119841 0.053878464833398 0.282337150133456
"polB" -0.259039544292052 7.31661655487697 3.71651805220722 0.0549365257376772 0.286024363034229
"acnA" -0.459113967666192 10.4617013224582 3.67940819945919 0.0561307937935034 0.290368914047162
"yohC" -0.538192201889963 9.80946190709605 3.60635217825549 0.0586127764080587 0.297522428281442
"mreB" 0.389809640171462 8.9850237610356 3.60101115432326 0.0587987731928373 0.297522428281442
"rpoH" -0.406908865302876 10.3168630813071 3.598070675645 0.0589014421479059 0.297522428281442
"ybdK" -0.4370996832167 8.38952488848882 3.58774940026207 0.0592633366728879 0.297522428281442
"patA" -0.542361388931141 10.8519507749742 3.58508866641271 0.0593570148120348 0.297522428281442
"fadJ" -0.434469412371 6.97028489061758 3.51917864603593 0.0617288526683571 0.307194904917512
"yeaH" -0.561883408408645 9.78262422344821 3.51051631550619 0.0620480415136981 0.307194904917512
"lpxB" 0.380851239400509 7.30822132527974 3.47998903814131 0.0631870800014382 0.310926668055857
"manA" 0.326018214792181 7.36269826770886 3.4441046184177 0.0645547395046359 0.312616857701863
"ycjG" -0.276500038568872 6.99165934326361 3.44062359888365 0.0646890909327719 0.312616857701863
"dnaE" 0.270660113743293 8.63044388613643 3.44052999247748 0.0646927078515627 0.312616857701863
"yeeO" -0.314547010387019 6.18739013413943 3.39425531329723 0.0665076076294251 0.318746880976016
"ybcM" 0.532985700101957 3.74661154914855 3.38113979234966 0.067031890691515 0.318746880976016
"atpC" 0.443911787463287 9.24037482562819 3.37829527577135 0.0671461831052326 0.318746880976016
"sufB" -0.44885716187218 9.58465929863659 3.36335799866376 0.0677498094835987 0.319731557036632
"htpX" -0.344726230926976 10.6637762618432 3.20971628251766 0.0743090262822001 0.34716933207696
"lpoB" -0.299963688789292 7.87615098716486 3.20715178445212 0.0744241566905999 0.34716933207696
"sodA" -0.409595825502749 11.1912219268827 3.19400407493925 0.0750174423892124 0.347925724184451
"groL" -0.604781552143857 12.7565562877658 3.16562225938621 0.0763156558517448 0.351924195842046
"aceK" 0.360014013358415 7.95809961642268 3.15224714285059 0.0769358485971905 0.352768351238254
"glcG" -0.371653450016745 4.53442133251287 3.06841298637964 0.0809495970001508 0.365844400640728
"rpmB" 0.446799852497136 10.4985948468947 3.06133778251114 0.0812985761318788 0.365844400640728
"rpmC" 0.466871862776625 9.19697513235293 3.05282316206325 0.081720718539002 0.365844400640728
"yecA" 0.319860200697318 8.00111197095106 3.04552334538907 0.0820845264386661 0.365844400640728
"rplY" 0.605305815071457 8.92830732983977 3.04184999368577 0.0822682631668563 0.365844400640728
"rpsM" 0.454055607167206 11.2305327716004 3.03707721250528 0.0825076591283921 0.365844400640728
"ftsH" -0.437469277384675 11.6503236474193 2.98853861426041 0.0849857198750479 0.371971317382944
"rplX" 0.465884022239534 10.798597761055 2.98484643184017 0.0851775015687276 0.371971317382944
"ygeA" 0.672438431601918 6.52478233918886 3.26904972455548 0.0852722350877877 0.371971317382944
"yohF" -0.362596600039268 6.91822719948178 2.95006321616515 0.0870075191915704 0.376515776952079
"yeaG" -0.588477230927137 11.9953428927283 2.94556757024442 0.0872471502974458 0.376515776952079
"uxaA" 0.300725656604262 8.02641955208556 2.91715227270876 0.0887784994481051 0.380603189435427
"cedA" 0.752514777137776 3.32973128780782 2.91056710899431 0.089137549942126 0.380603189435427
"gcd" -0.369033019606801 9.89049371181956 2.83618896934239 0.0933048353331079 0.396300011125358
"fabB" 0.360045091222157 10.2918325904016 2.79735549415213 0.095564829105978 0.397496858385643
"ppsA" 0.334211272665547 9.03540461712684 2.79641189290753 0.0956204841399989 0.397496858385643
"cpxP" -0.331947904950576 10.0388985638735 2.79630976260126 0.0956265100684627 0.397496858385643
"uvrB" -0.277958945149561 9.26000710598113 2.79323965181554 0.0958078480833708 0.397496858385643
"nusG" -0.280578039012264 8.89396162223754 2.78915951752847 0.0960494267474603 0.397496858385643
"hflK" -0.313926447512072 9.89908971446989 2.7494884195048 0.0984333995838113 0.401893954549816
"arnC" 0.44864774363539 4.20408387908898 2.74547808555851 0.0987885304840119 0.401893954549816
"mtn" 0.285485336356581 7.93146492014059 2.73872429494671 0.0990913897676306 0.401893954549816
"lptD" -0.295611973978393 10.3281884548122 2.73851939646651 0.0991039615308717 0.401893954549816
"fbaB" -0.458902795752327 10.6631958018068 2.7062316763759 0.101107061433011 0.406174161815351
"rpmA" 0.385745204350158 9.51767330591874 2.70529144180046 0.10116605517334 0.406174161815351
"lplT" -0.247096920555941 6.3212543395574 2.69403032040498 0.101875566444204 0.406997931289468
"rplE" 0.470897733640141 11.6006750730247 2.66158214428007 0.103950760166399 0.410822935324093
"sufD" -0.391851591571954 9.01970140943504 2.65748737270171 0.10421592642854 0.410822935324093
"aspC" 0.413305628515949 9.49247488841002 2.65526388763195 0.104360225206244 0.410822935324093
"yodD" -0.442416304992283 9.18968841834867 2.62154487144109 0.106575704299067 0.417507734802657
"sdhC" 0.494096968311649 7.80400066668635 2.59877272413965 0.108101250025867 0.421438206622583
"minC" 0.246819892925049 7.59843615125582 2.56236060096463 0.110590909715579 0.4276742728849
"ybaE" -0.371608891478329 6.85996102212514 2.55990975402412 0.110760747252719 0.4276742728849
"pssA" -0.23432602807987 8.61622651992524 2.53784413962281 0.112302898721033 0.431563996513684
"eutB" 0.294010870842419 7.99640475597008 2.51075333614485 0.114228856906038 0.435642840295001
"mqsA" -0.368752097216676 8.39046259157452 2.50160828448964 0.114887244002396 0.435642840295001
"glsA" -0.387586161507256 9.21305706764915 2.50027202870886 0.114983797996078 0.435642840295001
"yjjI" -0.253227804858925 6.10646075909242 2.48229537398558 0.116291528887123 0.438538615943496
"yidC" 0.402932480926323 9.31862389482315 2.47170329531871 0.117069784555359 0.439420075051975
"rob" -0.235550414648587 8.80180718064129 2.45348572792351 0.118421893074607 0.440958159064743
"deoC" -0.346481801590483 8.42414973696767 2.45147229334968 0.118572392214435 0.440958159064743
"gdhA" 0.480977405355106 8.80977098467396 2.4315841059602 0.120070465398425 0.444481034754719
"uspG" -0.298631440030478 7.33655651904513 2.39297296258745 0.123039381024209 0.453391691719345
"rimM" 0.391343295738292 10.86738796241 2.37894302919148 0.124138376438634 0.455362135390806
"yjdN" -0.339821840711536 8.40435689202477 2.35732785186595 0.125853047799048 0.459191768338501
"uxuR" -0.237907272726215 6.62550411666082 2.3486050880059 0.126591881684034 0.459191768338501
"ptsI" -0.407576996187894 11.655111359563 2.32763412108621 0.12825188079253 0.459191768338501
"aceA" 0.415849589011174 10.4657277152939 2.32712018641348 0.1282938472332 0.459191768338501
"frr" -0.273238761649465 9.89410705252802 2.32702833377587 0.128301349276478 0.459191768338501
"fadE" -0.402658876761831 8.98883094741656 2.32341990726139 0.128596455569394 0.459191768338501
"bssR" -0.459615558643888 10.5507110298465 2.29025156179227 0.131344946599111 0.465088487514386
"wzzE" 0.249771365617706 7.00170632770906 2.28958961418073 0.131400464873953 0.465088487514386
"otsA" -0.317263194410998 9.73319545241049 2.25767830247485 0.134108400747083 0.471176137708563
"yceD" 0.356566516345464 10.5056025957896 2.25558609939572 0.134288118553865 0.471176137708563
"rpmF" 0.324930917491683 9.80703490257843 2.22875023137279 0.136617463664046 0.477273996436732
"rpsP" 0.360644891756633 9.37000542368065 2.21181538203625 0.138110793450436 0.477794185976708
"aceB" 0.386143113066283 10.5838494871431 2.20829955773956 0.138423121806783 0.477794185976708
"msrB" 0.311342514078667 6.48532375707166 2.20566862105949 0.138657361891425 0.477794185976708
"dusB" 0.424849057503433 9.02955481834066 2.19697736816865 0.139434352235911 0.477794185976708
"roxA" -0.201853304096223 8.64912020051657 2.19372162039001 0.139726676444242 0.477794185976708
"galU" -0.22968972962153 8.55612779362268 2.17829558065778 0.141121170170477 0.479703733038235
"yhjG" -0.312983110135018 8.47799028029898 2.17442020978551 0.141473963399132 0.479703733038235
"nrdB" 0.304684833080211 7.53248421055685 2.14943161467388 0.143772869254091 0.483915716337961
"melA" -0.259303338108761 6.3251829352188 2.14593956163274 0.144097483377741 0.483915716337961
"lysS" 0.328998469088127 9.74330673536849 2.14146007404219 0.144515102400804 0.483915716337961
"hemF" -0.311298346404703 5.39288944852694 2.10839599064864 0.147640392745093 0.492338003906158
"pncB" 0.334500786570038 9.07777032901484 2.1009764227065 0.148352190116999 0.492675791870033
"dps" -0.529469747707588 13.31402813943 2.09412559957686 0.149012885126737 0.492841796300315
"ackA" -0.349866891768858 9.87990292471964 2.08635449550203 0.149766380498299 0.493312118620929
"ybhL" -0.273369311069171 8.66261282213759 2.0709365795275 0.151274172131281 0.496253076869691
"deoD" -0.32549150820493 9.82027859560551 2.05910962760673 0.152442491663602 0.496934362233025
"rplO" 0.409261460190242 11.2730717763184 2.05638184125987 0.15271340995513 0.496934362233025
"ppiB" 0.255833555191816 8.54897358067944 2.04393933578727 0.15395615004466 0.498966317614621
"rpsD" 0.365609783994071 11.8305008245453 2.01152115112294 0.157248555584902 0.507598337428063
"marC" -0.244358076080627 6.57082801781692 2.00469953968663 0.157951555449597 0.507836275887747
"galT" -0.272164216864671 6.01342778442362 1.97152652998326 0.161421848658049 0.515143686208784
"agp" -0.405367013697497 8.61232712173561 1.97077892779904 0.161501056518987 0.515143686208784
"csiE" -0.430392579639225 9.89039866972479 1.94845547944433 0.16388686699725 0.516803315054098
"aspA" -0.434519200697459 9.85198542384786 1.94683102002227 0.164062052944824 0.516803315054098
"ompA" -0.455143809496014 14.5755894107902 1.94639925308586 0.164108651976306 0.516803315054098
"uxaC" 0.275453176012548 8.6451184547523 1.93823176301104 0.164993008897626 0.516803315054098
"arcA" -0.321220157035667 10.0237557303074 1.92620737237056 0.166304965686062 0.516803315054098
"ydjG" 0.607922604648496 2.55269717213153 2.34991340856636 0.166776183339249 0.516803315054098
"deoA" -0.291905436885333 8.84700502522646 1.91865280588833 0.167135363954901 0.516803315054098
"cyaA" -0.3054583410361 10.1321690033752 1.91370337624799 0.167681992155413 0.516803315054098
"gfcE" 0.570146170167604 2.90712883300249 1.91042231315819 0.16804549580964 0.516803315054098
"adhP" -0.360953670656327 9.47493213713317 1.90700222646532 0.168425367855301 0.516803315054098
"icd" 0.417829254423728 11.6271467452591 1.86959218205611 0.172645832748021 0.523389447441911
"thrS" 0.306038827463937 10.8240681436849 1.86077678357325 0.173658050252111 0.523389447441911
"ytfQ" -0.480573689237095 9.11305556347866 1.85975473597682 0.173775848854067 0.523389447441911
"glyA" 0.415876072715731 11.0267951984364 1.85947838187332 0.173807716592589 0.523389447441911
"deoB" -0.35942175399088 11.3923845140454 1.85941880780173 0.173814587254563 0.523389447441911
"ydhQ" -0.207097822274841 8.84329858015876 1.8535388549741 0.174494268918124 0.523482806754373
"metQ" 0.359947440183043 8.10466239159278 1.84259138119903 0.175767931784121 0.52535081833254
"CamR" 0.218928850437339 6.80583698304343 1.81957649141966 0.180261218628271 0.536792632594149
"ldtD" -0.268040043473052 9.45387955057512 1.78048372650017 0.183201196968289 0.541907476906898
"glyQ" 0.240267958383476 8.86738742731369 1.77883904423775 0.183402950283769 0.541907476906898
"rplK" 0.34496786868477 10.4447184433091 1.77403806730713 0.183993368863061 0.541907476906898
"sfsA" -0.307173359242632 7.97440169700673 1.76660305158977 0.184912096214449 0.542632951436583
"ybiT" 0.226555182098358 8.08454095470414 1.75015297012325 0.186963880764264 0.544271559208437
"ldtE" -0.367052640955456 10.4343777087244 1.74678821942925 0.187386827208815 0.544271559208437
"yidE" -0.21230145800546 6.50023516558948 1.7421209697738 0.187975349198883 0.544271559208437
"hns" -0.285726124094955 10.6021128232561 1.73851112643219 0.188432018600633 0.544271559208437
"atpF" 0.387439495771791 9.69505459723528 1.72716574906482 0.18987575721605 0.544271559208437
"ychF" 0.304446178590247 7.49556480560743 1.72327417889366 0.190373952504606 0.544271559208437
"yfdC" -0.237131236409473 6.60014054845869 1.72211309456641 0.190522889870433 0.544271559208437
"mlaC" -0.179032691457232 8.11293642877231 1.70807873952868 0.192333981863661 0.544271559208437
"dcrB" -0.197481661402091 7.18100775882274 1.70640298211806 0.192551579664477 0.544271559208437
"wrbA" -0.33627219219379 9.87093546109236 1.70394183395932 0.192871684631944 0.544271559208437
"cspD" -0.380506433906699 10.5848721844248 1.70009989805386 0.193372628658247 0.544271559208437
"ompX" -0.377934331952004 12.6164069374215 1.69659273270002 0.193831256581479 0.544271559208437
"yheS" -0.199391057391839 7.06659348613658 1.69230307618683 0.194393947957124 0.544271559208437
"nhaA" -0.243139062295644 9.2605888228025 1.68836193642339 0.194912615379477 0.544271559208437
"nfuA" -0.239234628253086 9.34393998724553 1.67972069736217 0.196055536932502 0.54557523553286
"yfeX" 0.19644384555444 7.33534005660192 1.66078925323978 0.198587163416504 0.548171264227703
"grcA" -0.273092732416357 8.63096878364783 1.65963600677856 0.198742623054013 0.548171264227703
"glpG" 0.260742133769415 6.14784481713761 1.65753474502879 0.199026245872016 0.548171264227703
"msbA" 0.239978674949307 7.82199671524864 1.62670153604755 0.203243483426759 0.556969763425045
"yceH" -0.202917286875323 6.69705627047345 1.62139403767123 0.203980034725935 0.556969763425045
"ribF" 0.17475384797956 8.33133712778827 1.61323408915204 0.205118611356779 0.556969763425045
"fadI" -0.338597535379679 6.48648698990274 1.60794658130923 0.205860411129586 0.556969763425045
"ddlA" -0.17432096647543 7.62430436972231 1.59993944380529 0.206989821713126 0.556969763425045
"groS" -0.339833963822889 10.2998002364202 1.59857787787602 0.20718260188312 0.556969763425045
"ybaK" 0.349880362041397 5.19453022375866 1.80183762674983 0.207411910500706 0.556969763425045
"rpsK" 0.317383435945135 11.1989718013992 1.59463455136329 0.207742129852464 0.556969763425045
"rpoA" 0.367146373129761 12.6233228738314 1.56196340020174 0.212447688169512 0.566756343702376
"pfkB" -0.235729252566756 8.32485409680361 1.55690463341903 0.21318759008198 0.566756343702376
"rluF" 0.285032349856952 5.9838799819455 1.75829401437354 0.213499291803621 0.566756343702376
"ygdI" 0.31941047461204 8.63402353724969 1.54431007201257 0.215043086273998 0.568982854502021
"ybfA" 0.325672202634835 6.46708206765097 1.53752598683592 0.216050545538114 0.569780360291693
"ydbC" -0.272688206273929 6.83169111422819 1.53041030954514 0.217113318059947 0.570718070600577
"dkgA" -0.310000355194978 9.05308861681578 1.51003565535912 0.220191213126953 0.576929574654063
"cdd" -0.303459716199097 8.35999838565673 1.47314305568373 0.225898819691662 0.589157617555343
"gabT" -0.386877245843125 9.91571600848201 1.45951254909608 0.228052554445233 0.589157617555343
"uvrA" -0.217501227561911 9.78226857282031 1.45298879337574 0.229092133424596 0.589157617555343
"acrB" 0.232644012088613 9.84690782853579 1.45027363717935 0.229526488977894 0.589157617555343
"lepA" -0.19488017889765 8.91247160389372 1.44539556572141 0.230309360957346 0.589157617555343
"eno" -0.329662266410792 12.127881874232 1.4290651942913 0.232953827830488 0.589157617555343
"bsmA" -0.3668211738912 8.80762607891535 1.42053823755232 0.234349274871153 0.589157617555343
"dnaA" 0.177630967816588 8.79260359761329 1.41797311020487 0.234771045585128 0.589157617555343
"rraB" -0.199836234809772 8.70089634036098 1.41670081343746 0.234980584937669 0.589157617555343
"sdhD" 0.355515747364574 6.18562570106642 1.41594901991609 0.23510450746785 0.589157617555343
"osmY" -0.312456490037852 11.2095925644004 1.41593561852005 0.235106717218883 0.589157617555343
"ydcJ" -0.373275386350729 8.76915899330279 1.41432342433355 0.235372735581516 0.589157617555343
"nrdA" 0.275978486122514 8.66230789535778 1.41169357569978 0.235807456643571 0.589157617555343
"yjfN" -0.32195865920177 7.98170491766521 1.41064632758986 0.235980841345086 0.589157617555343
"prfA" -0.325788326669269 6.13436494482605 1.40362502148885 0.237147318817424 0.589157617555343
"asd" 0.280463960922985 10.1138488725198 1.40259593540738 0.237318874108563 0.589157617555343
"tktB" -0.367600734067078 11.3155673075045 1.39513062669531 0.23856792572102 0.589157617555343
"ppc" 0.300608418342254 10.4852809949205 1.39247893704468 0.239013518297377 0.589157617555343
"murE" 0.180267055324521 8.10893477163512 1.38986481061935 0.239453792591351 0.589157617555343
"yjiA" 0.278769613517184 5.67079211262837 1.38887935199779 0.239667096978147 0.589157617555343
"lldR" 0.237793870932586 5.4300835631026 1.38356990003284 0.240518056261539 0.589157617555343
"metG" 0.283995737677618 8.97142894804677 1.38120443195443 0.24091947186278 0.589157617555343
"ftsQ" -0.165319572638257 7.89343038105563 1.36384604506942 0.243890352236087 0.594620888986472
"tsf" 0.263314330612836 10.4940672401402 1.33699920645607 0.248574120620489 0.599516451992507
"rpoC" 0.320530705288817 12.736846918466 1.33275403212717 0.249324827705032 0.599516451992507
"bluR" -0.147490064306585 7.38092829313185 1.33203822074463 0.249451684902766 0.599516451992507
"wzxE" -0.171308257982581 6.20426022737832 1.33137044005331 0.249570101665527 0.599516451992507
"lpxA" 0.172385896327063 8.64607871903415 1.33032301879077 0.249755979074987 0.599516451992507
"hdeA" 0.367621425331723 10.7059195486693 1.3242718953451 0.250833167295514 0.599516451992507
"yeiI" 0.260551811203953 5.60145434996384 1.42457435902939 0.251098588319043 0.599516451992507
"mtlD" -0.242642725786659 8.42984005810751 1.31138824762918 0.253145789767354 0.602621393339983
"pfkA" -0.227237575065701 9.97794246938289 1.29138339476172 0.256789126769922 0.608655603518774
"xylA" -0.188794513137108 7.21503243124342 1.28253917990415 0.258420548309014 0.608655603518774
"yqeF" 0.280966022209098 6.02637298633128 1.27958249409391 0.258968810777214 0.608655603518774
"osmC" -0.331169550993747 10.3369134311894 1.27782319093953 0.259295726253707 0.608655603518774
"ivy" 0.229408878357311 7.7845444070558 1.2707765849166 0.260610284520659 0.608655603518774
"phoQ" -0.144853502737237 7.33120670031128 1.27012353265903 0.260732531735775 0.608655603518774
"purA" 0.278855603250797 11.0421090751735 1.26890861048653 0.260960147233576 0.608655603518774
"yccU" -0.210937846465106 7.93040288304033 1.25900273047511 0.262825271696629 0.611239176539424
"mntH" -0.339046689628239 11.0095256035012 1.24006323218621 0.266437785914065 0.617860038024857
"ibpA" -0.26099399898513 9.45663611382507 1.22119908470573 0.270097853888971 0.624552917158738
"uxuB" -0.193251172779 6.90168973994211 1.21061161682767 0.272235923254598 0.625475213366218
"cirA" 0.552942027399392 11.4003389798073 1.2082361672201 0.272649555721136 0.625475213366218
"ddlB" 0.165917126724921 7.6213793649905 1.20229630922529 0.273828918367205 0.625475213366218
"rho" 0.23286513359038 9.78696920896141 1.20103647765838 0.274079883695121 0.625475213366218
"ybeD" -0.245272788646111 8.97552816040681 1.19957176543422 0.274372026681092 0.625475213366218
"spoT" 0.201444929768849 8.94987085382953 1.18796533406661 0.276700914019423 0.628044373238717
"sodC" -0.275042911057231 8.64893103862055 1.18620895303802 0.277055510375444 0.628044373238717
"pabC" -0.213095137099947 5.4672712588961 1.17270507367093 0.279801089835714 0.632491539208462
"accC" 0.25930773904061 9.67556697337913 1.16524004723441 0.281333652259819 0.632536276012609
"ompT" 0.334081752916345 10.0946196689312 1.16497382139998 0.281388504446749 0.632536276012609
"lgoT" 0.263793672064141 3.81396266038443 1.15618360231521 0.284861830115114 0.638565269174713
"amn" -0.177575376174091 8.01021381320768 1.14324340093165 0.285911945740401 0.639143878704996
"clpA" -0.276128693234658 11.3823094279086 1.13283769120409 0.288110798320513 0.64228014984711
"csrA" -0.238600821413465 9.91839346158561 1.11818471705639 0.291243911377024 0.646776825961507
"gabD" -0.336911279086409 9.9588423689359 1.1081838638772 0.293407385287161 0.646776825961507
"can" 0.204490141206755 9.30079530949864 1.10718398653188 0.293624819818002 0.646776825961507
"ppiD" 0.190179511040558 8.66866581987279 1.10596474808804 0.29389023692658 0.646776825961507
"yejK" 0.19725283237911 7.09353456339615 1.10012365302975 0.295166074647837 0.646776825961507
"ydaN" -0.160509733963844 7.12417411815251 1.09766828164923 0.295704513384533 0.646776825961507
"leuA" 0.304450511796703 7.22754340459034 1.09147029101617 0.297069305993424 0.646776825961507
"rplA" 0.298703051230675 11.4972026982578 1.08896353450172 0.297623596043002 0.646776825961507
"adhE" -0.31483519845152 12.1629475811477 1.08667094112733 0.298131698554326 0.646776825961507
"gatY" -0.349081621360852 12.3961104750349 1.08480411328613 0.298546266327762 0.646776825961507
"fadM" -0.228487304454856 3.66937820444403 1.08301652111116 0.298943935667463 0.646776825961507
"mhpR" -0.222329522749513 6.7113952757565 1.0786728552955 0.299913085611091 0.6471386633373
"pykA" -0.179437111954234 9.2870738824483 1.0644578064143 0.303113264271126 0.652299744711463
"gadW" -0.241925377907891 7.66150359849687 1.0467446737982 0.307163210921005 0.659257210673541
"rplT" -0.230499275549047 10.6951150049951 1.03730707951756 0.309349802171722 0.6593580753719
"mutS" 0.260950499163259 6.63920571368406 1.03651135485025 0.309535089893429 0.6593580753719
"rsd_Part2" 0.216310142804923 5.87168375278094 1.03253476334039 0.311166551516455 0.6593580753719
"pspC" -0.218174288442308 8.46915246461297 1.0269735145496 0.311767339499536 0.6593580753719
"glgS" 0.289319706159581 5.94889879099816 1.02533342185876 0.312153307934415 0.6593580753719
"insI1" -0.159281082119779 6.60582408305442 1.02431446994598 0.312393416273119 0.6593580753719
"araF" -0.337623004102451 8.27099303013803 1.02208499410163 0.312929545064978 0.6593580753719
"gatZ" -0.348996238695957 12.0822809351332 1.01802790187225 0.313880161902277 0.659459739954532
"ytfK" -0.327635142267356 9.14751045123485 1.0149471073586 0.314612143596648 0.659459739954532
"pyrH" 0.225022411674619 8.39834636822791 1.00811194326437 0.316244164541812 0.660244307836755
"yifL" 0.20130709891061 6.44163720766312 1.00653305071452 0.316622734984912 0.660244307836755
"nlpI" -0.20673491322064 10.1481066936376 0.998274921068614 0.318612530745833 0.661545426811823
"yciS" -0.151882203728247 6.94941912376226 0.996353609303329 0.319077831221374 0.661545426811823
"bax" 0.176674923228569 7.93607157886258 0.993765767670305 0.319705968347721 0.661545426811823
"acrR" 0.187911070126658 5.83316593002259 1.05438279950378 0.322321134422265 0.664260571966789
"dapB" 0.178763160298725 6.87970815079191 0.978757780456342 0.323381195997044 0.664260571966789
"nagC" -0.116541671618342 7.48679637930627 0.976734761624316 0.323880871265323 0.664260571966789
"adeD" -0.232363163662746 4.9415477686684 0.974998183395273 0.324310613822695 0.664260571966789
"pyrG" -0.213649647416592 10.5068124466759 0.969392416003941 0.325703018866515 0.664531240912566
"gpmA" -0.258005406529768 11.5385979922772 0.967841377917784 0.326089679555608 0.664531240912566
"ycaL" -0.305318955535088 3.06893990505136 0.962116049806162 0.327522250294238 0.665769410547734
"cyoC" 0.258050301838749 8.75113128143074 0.955901253045208 0.329086791366404 0.666637309188494
"yrfG" -0.150037984987587 7.33161673742355 0.953865895759926 0.329601346178698 0.666637309188494
"relB" -0.181301527273468 7.70575441680316 0.945722004183769 0.331670966526354 0.66914617496692
"malS" -0.210154896148098 4.86095543207445 0.935790814326885 0.334218382930775 0.672604077369415
"yibT" -0.219495088786241 8.22445421875573 0.928187641913727 0.336186403668511 0.674881661095741
"dctA" -0.271706983421198 9.23985687069376 0.909144007465812 0.341184614752547 0.68321584145237
"fdhF" -0.15578770052968 5.64223071662983 0.901854513221825 0.343124372427945 0.683430154328052
"tldD" -0.131577309609287 8.85996263410034 0.896553850119213 0.344544285804714 0.683430154328052
"prmA" 0.145220387356273 6.67175734873311 0.895785050063864 0.344750889227092 0.683430154328052
"ycfH" -0.17976426182922 8.92733840865268 0.895740118206844 0.344762969185719 0.683430154328052
"ygfB" -0.143866702811612 7.6040160565852 0.8900952771272 0.346285172103174 0.683430154328052
"modA" 0.251199820384196 5.96200316999915 1.01692217074427 0.346372903494638 0.683430154328052
"tufB" 0.249924564229563 12.4544689244355 0.886418055292371 0.347281699157652 0.683552027366402
"rseA" -0.195431881680542 10.2896006667593 0.875977545665093 0.350132455145286 0.687486353533446
"katE" 0.230472481884685 10.0553750558403 0.851289602345358 0.357001996453684 0.698458248580449
"dinI" 0.540418537696786 4.90091713874549 0.849697386088617 0.357451371330515 0.698458248580449
"rhlB" -0.137823552072455 9.2458902399949 0.83690267449524 0.36109094179241 0.703865676392451
"lhgO" -0.292900664804769 9.48864980854383 0.822625541670287 0.365213026874065 0.71006300830746
"grxB" -0.205933844312463 9.23551576878739 0.817475767022642 0.366715911126601 0.71006300830746
"rpoN" -0.141999977109431 9.31334432664671 0.816813250215464 0.366909881616122 0.71006300830746
"mqsR" -0.21778294284994 8.34935622149694 0.812349543573499 0.368220493937628 0.710758901443371
"ahpC" 0.217106927734388 11.1120757592366 0.809600344715398 0.369030953785344 0.710758901443371
"cysS" 0.246740943729256 7.20239130758901 0.790938928059697 0.374598892151255 0.719765014204912
"yfbR" 0.248789186968133 5.01270083125658 0.80699745748822 0.379844393806381 0.72450633816898
"pheA" 0.14597222802154 7.75277983151199 0.772841349853971 0.38011216293857 0.72450633816898
"qorA" -0.201289603436442 8.67040481054956 0.771945932453857 0.380387915275855 0.72450633816898
"tig" 0.225306209220361 10.7457093704684 0.767465036270571 0.381772120803657 0.72450633816898
"ydcH" 0.198962199906234 6.46323926600553 0.763926947122708 0.382870139330936 0.72450633816898
"rapA" -0.137265230619164 8.45798464947033 0.763178205841258 0.383103080769067 0.72450633816898
"cycA" 0.193913421872848 8.37066976101202 0.760865636170334 0.38382382038971 0.72450633816898
"fepA" 0.341913058789023 10.5624349498517 0.759505211972024 0.384248714667068 0.72450633816898
"yiiM" -0.12034887910067 7.17948098119669 0.751096258614606 0.38688998410468 0.727786054015098
"yiaJ" 0.213597437894827 5.46899078773104 0.727040019134352 0.394591311616786 0.734463691245328
"aldB" -0.304392717200991 9.84370565502407 0.726975731857816 0.394612186923065 0.734463691245328
"topB" 0.150210489029184 7.67073149211404 0.721113305486024 0.396522558106131 0.734463691245328
"aroP" -0.169882608535062 6.9838736149717 0.718567949227545 0.397356173999177 0.734463691245328
"gltA" 0.188600881775733 10.3501072978318 0.717101158812861 0.397837708427252 0.734463691245328
"alkA" 0.18136320074421 5.12624788299857 0.726293779202799 0.39796489205457 0.734463691245328
"pmbA" -0.118357477628499 8.65658006100098 0.715895806118861 0.39823404884148 0.734463691245328
"ymgE" -0.210341647278955 6.53533040964895 0.714136327386069 0.398813624695234 0.734463691245328
"gadC" 0.293995786683752 10.4859765489665 0.71368125965185 0.39896372425061 0.734463691245328
"tsx" 0.217334716576633 8.46959130013179 0.709413210426632 0.40037550227631 0.734463691245328
"prpR" -0.236152564026666 7.00431404463995 0.705428371397111 0.40173389305809 0.734463691245328
"bamB" -0.141614833900913 9.33833665871004 0.701397544961057 0.403046639754297 0.734463691245328
"ycgV" 0.154151230744866 5.28067765818988 0.700314435152975 0.403409567586077 0.734463691245328
"ydcS" -0.259222696652041 8.07666184914812 0.699285103126238 0.403754918309386 0.734463691245328
"ydcI" 0.177993894849743 6.61441773835098 0.696680827824421 0.404630610486097 0.734463691245328
"mscS" 0.190600546893496 9.28235315796054 0.69388391999245 0.405574175130816 0.734463691245328
"wcaN" -0.124063152493681 8.98295912637928 0.691384033979423 0.406420268106659 0.734463691245328
"allR" 0.184007221192301 9.29822016066053 0.690200045608615 0.406821895894252 0.734463691245328
"focA" -0.146949525228991 9.08714198433426 0.683305688389577 0.409172198374442 0.736289372953696
"dacB" 0.162181433504101 5.96373295696577 0.695023519398821 0.40965790391104 0.736289372953696
"fumA" -0.201223880135879 8.30221451526349 0.672492458734778 0.412898957033346 0.736662100704027
"rpmI" -0.189170667937137 10.6466925272869 0.672433778307726 0.412919317777488 0.736662100704027
"fbp" -0.133375273636668 8.07779723835018 0.668881652049851 0.414154598501762 0.736662100704027
"mipA" 0.22357205481283 8.90751805441145 0.668143614179923 0.414411944458204 0.736662100704027
"dadA" -0.206264908683869 10.6771379960602 0.668093337123371 0.414429484163108 0.736662100704027
"trkA" -0.101291265536098 7.38111292306648 0.662083187264313 0.416534160930557 0.737860753623103
"umpH" 0.135524041319182 6.81974349266411 0.659817427211211 0.417331728338084 0.737860753623103
"yibI" -0.163957896044813 5.49855942741232 0.658357627992901 0.417846796041832 0.737860753623103
"pepD" 0.156282556863617 9.92299104854263 0.643335671158141 0.423202702057822 0.743749477758682
"pflC" 0.375839294312587 2.35309981464711 0.665384355308851 0.423873393327356 0.743749477758682
"argT" 0.197282615997806 7.50510465153238 0.639152225439794 0.424712593318156 0.743749477758682
"purM" 0.393877103380071 8.85872803256644 0.636303782679938 0.425745299855932 0.743749477758682
"acrF" 0.177529343324146 4.51928301717274 0.730090933639731 0.425789663846978 0.743749477758682
"nudK" -0.273246815420023 5.50970550494389 0.652529678615636 0.427198221515624 0.744598196032632
"pspA" -0.215833765208341 11.2651521404178 0.610597913216312 0.435239493082237 0.756979032149495
"araG" -0.221576906810332 7.79356171562937 0.604249191490834 0.437634016543581 0.759322716461849
"serA" 0.217608191611729 10.7734931103941 0.602048185524039 0.438468879642158 0.759322716461849
"queC" -0.123554367363432 6.30727131429487 0.596961555687186 0.440407682378048 0.75978055549588
"pflB" -0.211607468576256 12.4104350049661 0.595769375130308 0.440863999694053 0.75978055549588
"dadX" -0.163682482349253 9.3190022665304 0.593960592347937 0.441557720604173 0.75978055549588
"kch" 0.203041234217933 5.0767315411928 0.587964815815868 0.443869378300624 0.761796149694172
"talA" -0.21540089502799 10.3154309689604 0.583678678161433 0.445533398138063 0.761796149694172
"mdaB" 0.122689071848556 6.25111524229371 0.583607614427891 0.445561068966108 0.761796149694172
"cysA" 0.375754198267364 8.35474084441907 0.577726625928452 0.44786030657324 0.763918344715416
"rpoB" 0.214117352779838 12.8564981447991 0.575428718600837 0.448763723770735 0.763918344715416
"uspA" 0.185939195991966 10.3202946124218 0.573201295369181 0.449642148376484 0.763918344715416
"cydB" -0.129412736391564 9.12061095395858 0.557644539691815 0.455853098456492 0.77284338330754
"trxB" 0.164501134109946 8.01684630953786 0.553500379481966 0.45753043489432 0.77406092444385
"ybaY" -0.172698302754307 9.76136440252305 0.54286323476451 0.461880849317101 0.774207211147747
"nuoN" 0.158042599124867 8.00019461165451 0.540292823904785 0.462941980860549 0.774207211147747
"dinJ" -0.120126587380944 7.25269448124313 0.540027811776084 0.463051605842637 0.774207211147747
"btuE" 0.131581901692638 7.7603205145489 0.538620124179702 0.4636346058937 0.774207211147747
"zinT" 0.396492875415054 10.2374388772113 0.538281495991141 0.463775025275201 0.774207211147747
"araE" -0.184966113885511 8.93737788572255 0.537535760533355 0.464084500199719 0.774207211147747
"pspD" -0.141901648620874 7.71111330957073 0.536938845501027 0.464332453773865 0.774207211147747
"ptrA" 0.134769799220695 7.06368741960522 0.548746946959964 0.47173484113569 0.781785621284243
"yfdV" 0.499274357362037 1.43178086909757 0.517328743784091 0.472598259313203 0.781785621284243
"glmU" -0.119079161010783 9.00039047822379 0.51722918856007 0.472640827381364 0.781785621284243
"cysN" 0.395117617093939 9.734927145498 0.51696775044272 0.47275264335404 0.781785621284243
"yehY" -0.148729083100535 5.55864837670309 0.503947572558134 0.478376261520434 0.789431645468159
"amyA" -0.157347383228711 8.88198757969691 0.501757964599864 0.479332721535809 0.789431645468159
"ybjP" -0.143758999003604 7.77283181422858 0.496811217086683 0.481505144060232 0.790114997361633
"argS" 0.130384564392522 8.2092319340872 0.494669525183738 0.482450723424296 0.790114997361633
"iscS" 0.14802079898111 9.80605013567962 0.493991492094812 0.482750720282579 0.790114997361633
"sspA" 0.110472958874969 9.13332449491588 0.491312508267626 0.483939058816959 0.790114997361633
"csiD" -0.25170963491665 10.1832995553116 0.489730606735906 0.484643028121448 0.790114997361633
"yebV" -0.231840383622603 10.3104591150048 0.486215733697832 0.486213283158357 0.790529324444013
"yncG" 0.159626819668754 6.79423497144495 0.481715866380747 0.488235945440202 0.790529324444013
"nuoF" 0.143769771882669 8.5917957783836 0.480958098930349 0.488577934848911 0.790529324444013
"pheS" 0.260706815283328 8.34524994908212 0.480432164118233 0.488815530232419 0.790529324444013
"ybiB" -0.11658616451406 7.54893064330128 0.475700941880743 0.490961599908252 0.790952471642464
"yejG" -0.168940172068257 7.23381076446378 0.475289178159161 0.49114911980008 0.790952471642464
"pitA" -0.112720024548857 8.55984782386949 0.473385732294113 0.492017522632611 0.790952471642464
"yeiG" -0.135008674879164 7.24900482003917 0.469334520942981 0.49387439367826 0.791981272865776
"secE" -0.10232850388408 8.56981707831361 0.464676044407978 0.496024224250188 0.791981272865776
"ydcT" -0.20145184674906 5.92596017745525 0.460514947560787 0.497957916846449 0.791981272865776
"yraJ" -0.118924673932514 5.86836652978406 0.460382413977055 0.498019715813044 0.791981272865776
"sra" 0.263785892779349 9.84566107713631 0.460206188365447 0.498101908032082 0.791981272865776
"rmf" 0.296811667128105 10.0302279081511 0.459255236780868 0.498545832237688 0.791981272865776
"bamC" 0.129289771491563 9.07674591504652 0.454154518845127 0.500938466199279 0.794218746999643
"gcvP" 0.158877876253846 9.68753879704958 0.4480273966037 0.503838545316942 0.79678202501036
"Sensor_TetR" 0.766715134650144 9.2299948264421 0.446827904541567 0.504529882007799 0.79678202501036
"infC" -0.165303552338353 11.6099385709475 0.43789999651043 0.508695609852743 0.799007566056903
"dgcZ" -0.145673810007456 5.38435306690835 0.436722643239383 0.509265500840351 0.799007566056903
"ybiC" -0.107840798277179 7.41891134754238 0.435721385362251 0.509751023496513 0.799007566056903
"hslJ" 0.101201262567741 6.66176494338772 0.435415522644373 0.509899500023922 0.799007566056903
"oppA" 0.178933993155488 12.584359131835 0.43066687477943 0.512214318524235 0.799914836782251
"potB" 0.2690363633656 6.27440096315174 0.42859879693874 0.513228158956639 0.799914836782251
"mdtE" 0.19876687012447 6.82455302687723 0.428142848332344 0.513452150499636 0.799914836782251
"fdoG" -0.207387475322494 10.6949791276651 0.423020700332657 0.515980259584504 0.802304565481108
"cstA" -0.178801336847703 9.13169576913472 0.419733225821831 0.517614348360897 0.803297652167777
"gsiC" 0.258180916617698 6.04332775960875 0.415954969333843 0.519503653493089 0.804682242550715
"eptB" 0.111810447231188 5.95550633167515 0.407443297921292 0.523804818824336 0.809790208412336
"yniA" -0.138600251644162 8.82989600716846 0.399788113204458 0.527727569833268 0.814294739685367
"phoP" -0.0872577891809262 7.88755090734488 0.394353347148299 0.530544572368261 0.817079141032799
"bioA" -0.0961808211303588 7.74191963736648 0.388928043063307 0.53338381361577 0.819887119215098
"opgD" -0.0944433860769723 7.27871633800997 0.379914254601891 0.538162443382866 0.825659870361165
"pnp" -0.143046511259153 10.9725727106148 0.37783738788512 0.539274578346625 0.825796175950145
"yggE" -0.0955653195007818 8.50588796163388 0.374517852730673 0.541060926850334 0.826962439333749
"metE" 0.285631988319272 10.5585630587055 0.359512085586416 0.549274343198186 0.837928912969633
"ycfJ" -0.11451568902469 7.68060580012593 0.351568452735733 0.553717168070134 0.843112744589809
"recR" -0.0960204384878174 7.67416961870553 0.349249232920491 0.555027097229476 0.843515757936322
"miaB" -0.105714832895354 8.15796125167999 0.347091555263624 0.556251068446941 0.843786865106545
"suhB" 0.216035744710975 7.02819694250759 0.340894598154498 0.559795106615085 0.847227740928825
"yghA" -0.144629597329007 8.20072534739041 0.339464524991285 0.560619099945468 0.847227740928825
"gloB" -0.127601894535489 5.82457396887589 0.334814386381291 0.563314637344976 0.847272855424385
"cysD" 0.337137114337303 9.09404119801665 0.334188505026974 0.563679347867053 0.847272855424385
"pepP" -0.104078422307317 8.88837137199759 0.333983912548459 0.563798665877193 0.847272855424385
"yihQ" 0.294285205150797 2.41736692894482 0.372978724055666 0.56626908184586 0.84940362276879
"cdsA" 0.0900824545372132 7.39589673115831 0.323432968496664 0.57001908555402 0.852647537573955
"purL" 0.195240411901826 10.0940223551026 0.322551508988127 0.570544820681457 0.852647537573955
"trpB" 0.331172916776838 10.8041370606676 0.320119418825028 0.572000355218109 0.853242674049933
"ydiK" -0.077491691411301 7.29385528290402 0.310844351928173 0.577619107606373 0.858617279639125
"elaB" -0.170665607527301 10.2538973180586 0.309189769512174 0.578632975097898 0.858617279639125
"yaiE" 0.125827047486832 6.68728060665041 0.306774299346534 0.580119486168279 0.858617279639125
"Sensor_LuxR" 0.514285852450629 10.6540637144521 0.304876254158013 0.581389121255962 0.858617279639125
"secB" -0.0892340124679096 8.87603945872447 0.304036953263023 0.581813361900466 0.858617279639125
"rpoE" -0.114271999437605 9.85351052343531 0.300137724754125 0.58424347569636 0.858617279639125
"gatA" 0.177324369232095 8.54425138432697 0.299670486816031 0.584536048279892 0.858617279639125
"yidB" -0.102684685444508 5.89137811203157 0.299667205647768 0.584538103913049 0.858617279639125
"araA" -0.224799987805454 10.6943760729022 0.298669448147163 0.585179062951077 0.858617279639125
"rarD" 0.252835220981435 3.99651277339 0.293919078881316 0.588161948983464 0.861237977725688
"nupG" 0.0831310181299508 6.2799086205439 0.291833201828876 0.589488317718588 0.861237977725688
"lpxM" -0.0782297590388363 6.95275259488488 0.285018579727839 0.593864742770349 0.861237977725688
"crp" -0.0862570462270347 9.20734414517131 0.281674006204673 0.596037322737993 0.861237977725688
"mlrA" -0.108632641396785 7.14651787824768 0.280522183732292 0.596789357360205 0.861237977725688
"cbpA" -0.106416968230649 8.68342404351436 0.27985469876473 0.59722606972236 0.861237977725688
"pepT" -0.0925189891720861 8.11437433974675 0.279421689290787 0.597509729660258 0.861237977725688
"wecA" 0.101493440972268 6.96393793268592 0.278696153793129 0.597985651626207 0.861237977725688
"pgk" -0.134671868137255 11.1126232474166 0.277318890482554 0.598891265251776 0.861237977725688
"proQ" -0.0911510902506678 8.70331392881102 0.275683789245502 0.59997015823612 0.861237977725688
"hlyE" 0.270579072721397 2.20568790790868 0.274128550663994 0.601000151477233 0.861237977725688
"ygaU" -0.139101807168247 9.85711531213672 0.273992754509893 0.601090262369764 0.861237977725688
"paaJ" 0.0930980283605033 5.67559473045715 0.273035209239764 0.601726474483846 0.861237977725688
"ybjT" -0.0813644694377981 6.77551590335486 0.27172422326902 0.602599828222396 0.861237977725688
"mppA" -0.0804204875321778 6.60860543788841 0.26831936265215 0.604880669442592 0.861237977725688
"pgi" -0.115099961786102 10.46741263264 0.265442016918559 0.606822502093972 0.861237977725688
"pncC" -0.112179507969364 5.46972114299674 0.26494195859322 0.607161334259664 0.861237977725688
"yfcZ" 0.116495800792391 5.82819477424308 0.26473626546046 0.607300826382567 0.861237977725688
"aldA" 0.148177544277679 8.99325150557626 0.264492661082566 0.607466116987644 0.861237977725688
"rpsL" -0.127949714069333 10.9375153358343 0.261857844336061 0.609260076924571 0.861237977725688
"kdpC" -0.109719630602416 3.71393942686006 0.260295969446418 0.610328892299606 0.861237977725688
"prs" 0.1175995938168 9.43197911999215 0.260128446130985 0.610443771076943 0.861237977725688
"phoB" 0.0797834385308197 5.9008852512173 0.257446263841177 0.612289454113995 0.862334362076778
"oppB" 0.13970036419614 9.02485081375909 0.252540697947673 0.615696635432812 0.863919976946429
"yehX" -0.110728672931299 5.41470950832129 0.252032063378975 0.616052277528702 0.863919976946429
"ybgF" -0.0888936770427469 8.64100982827605 0.25121160549465 0.616626898043548 0.863919976946429
"rpsG" -0.12932971073919 11.3050948690865 0.240504172408812 0.624235899836388 0.871534845829697
"barA" 0.12889015542283 6.03530652339966 0.315219111697998 0.624865754577926 0.871534845829697
"glmS" -0.0885123793948714 9.57090268550379 0.239027136315651 0.625301952584132 0.871534845829697
"fur" -0.0862763302149839 8.1884160521792 0.232285665102705 0.630220120986933 0.875745913394603
"queG" -0.0689296522652663 7.07939009210637 0.231914222741489 0.630493650163896 0.875745913394603
"sstT" -0.105174526856276 9.40766082504715 0.230418070028641 0.631598154741418 0.875772699100214
"rsmB" -0.0634964513151319 7.54173055536333 0.227214407954483 0.633978122928119 0.877320258913044
"glnS" 0.0785719359846851 9.45009494419593 0.225913316226187 0.634950575338867 0.877320258913044
"trpA" 0.300281062072313 10.2752315978979 0.224546772953911 0.635975652371909 0.877320258913044
"livJ" 0.242797121544139 7.56141913889516 0.21479090569925 0.643407033313683 0.883221647387684
"rnr" -0.075563994585561 9.39562839653504 0.214495331764516 0.64363536114526 0.883221647387684
"yoaC" -0.142539656474013 4.74416489894659 0.213345582859878 0.644525352624545 0.883221647387684
"argG" 0.131837933688001 8.28510645199985 0.213208817271035 0.644631413025212 0.883221647387684
"ycaC" -0.121084005042405 8.49362106187069 0.210176763950623 0.646993417383636 0.884955403099312
"pykF" -0.107320438661267 10.8900320480503 0.204983525851117 0.651087385276084 0.889048257052115
"ygfF" 0.17341452283405 5.16265026759166 0.236446136214825 0.652960031484823 0.890099232108534
"secY" -0.127409741762375 12.6278441315172 0.19653771947937 0.657881046484074 0.890835209250398
"ycaO" 0.138342510811292 7.41989706123159 0.195837517189387 0.658452075676511 0.890835209250398
"trpS" -0.0824554018632272 8.26591874674277 0.195279891396816 0.658907705094514 0.890835209250398
"plsB" -0.0792066964949448 8.69569807943343 0.194219104716424 0.659776613366264 0.890835209250398
"ydgJ" -0.0772525526053044 7.51280528730513 0.194199026070835 0.65979308743794 0.890835209250398
"yiiR" -0.111902112576876 4.16844363395699 0.191437574798778 0.662068554819742 0.890835209250398
"tufA" 0.118306775038512 12.967391683734 0.190221802867938 0.663076569937301 0.890835209250398
"yfcO" 0.0752005445736868 5.93474266964901 0.189209864991695 0.663918512306217 0.890835209250398
"yncE" 0.143994958999116 10.0365888460569 0.189082536823868 0.664024640215751 0.890835209250398
"lacI" -0.1154466288891 9.62784424984278 0.187697647570942 0.665181699066354 0.890835209250398
"bamA" 0.088225966713493 10.5670780767458 0.187085183427862 0.665695023680549 0.890835209250398
"manZ" -0.0994383693631314 8.9675150461058 0.185834281563137 0.666746550665725 0.890835209250398
"norV" 0.0907240752588097 4.91264637557171 0.182561393141606 0.669517798986019 0.891841007598416
"cspE" 0.18606122713534 11.0022937562433 0.18233614132129 0.669709604218885 0.891841007598416
"glgA" 0.0921975455925182 9.26604480869056 0.177957294851389 0.673466417237623 0.895088370369474
"tyrA" 0.254080555401451 10.5297039860733 0.176443858754013 0.674777524658228 0.895088370369474
"mtr" 0.22454009274927 10.9921309921255 0.175641147553563 0.675475610353172 0.895088370369474
"ttdR" 0.274338153262907 2.34523838205533 0.172137089727598 0.678548728344339 0.897086561284376
"rplJ" 0.107027690212219 12.0307569579128 0.171387150061939 0.679206801666362 0.897086561284376
"rpmJ" 0.0943324038401123 9.6546123276409 0.168986088481074 0.681336788550849 0.897402707371461
"yhbE" -0.0730984604936376 7.45648296796482 0.168612026829248 0.68167021018427 0.897402707371461
"leuS" -0.083566302149772 10.3769927754378 0.166537376863182 0.683527352282287 0.898061856004201
"yjdC" -0.0659584868340268 8.22629166633718 0.165571490972914 0.684396581713239 0.898061856004201
"scpA" 0.116086046096555 3.76361513791688 0.23469143343113 0.68722697086411 0.899358533740106
"erpA" 0.0645963361122923 8.23323224797835 0.160337338248801 0.689159109505058 0.899358533740106
"dld" 0.0809193506462392 8.62850893961971 0.159720421277972 0.68972635822354 0.899358533740106
"avtA" 0.0944712594305401 7.83335975139515 0.159594233351372 0.689842543228161 0.899358533740106
"gnd" -0.0988617546741927 10.9684142576721 0.154702910072703 0.694387805300277 0.903824127221489
"csiR" -0.0809179653799335 6.89105425843069 0.153441023431517 0.695573854817749 0.903909985246254
"ispA" -0.0717548857448795 7.40651736200414 0.150536102082511 0.698325747619391 0.906003732362271
"pepN" -0.0789941500089251 9.95920722573471 0.149379015755157 0.699430390658853 0.906003732362271
"fusA" -0.114245489341323 13.4762026896122 0.14805255513013 0.700702800427803 0.906052803113503
"cfa" -0.0934730656434716 11.0143304072901 0.147003495110329 0.701713757058165 0.906052803113503
"acnB" 0.0967979000212064 11.1097532645764 0.144033476830163 0.704598537105963 0.906285902400657
"proS" 0.0793560770168181 9.42928991580554 0.143381299398017 0.705236547061014 0.906285902400657
"ydiY" 0.185088049965161 4.74703852350019 0.143353908913657 0.705263378819842 0.906285902400657
"yjjG" -0.0510097433906291 6.63929141593262 0.140702415132183 0.707874790261195 0.908195478125253
"infB" -0.0880010694986891 10.7313205162799 0.137980035633154 0.710585397271029 0.908634812674697
"paaH" -0.126226422557951 3.02092771033782 0.136540181741811 0.712031347137928 0.908634812674697
"menE" -0.0696223857852978 6.09756299219044 0.136272450542154 0.712314299830239 0.908634812674697
"gshA" -0.0596092610132104 9.22439516336706 0.134359442237454 0.714237919273714 0.908634812674697
"pntA" 0.0652007303693855 9.16067717165466 0.134124096210011 0.714477265134444 0.908634812674697
"pntB" -0.0701328201185225 8.91068450141578 0.133637517600482 0.714972869948491 0.908634812674697
"cysM" 0.190058409483725 7.53471908502488 0.124125158796026 0.724874449999317 0.918990388521778
"tdcE" 0.149958520506696 3.37932896092141 0.130649644303948 0.725818159688231 0.918990388521778
"ppk" -0.0515731742019617 8.74427594499477 0.122407846121036 0.726707116271268 0.918990388521778
"lysU" -0.0514618045863528 7.87204937144899 0.12116030022156 0.72804753181565 0.918990388521778
"yjjY" 0.0687813900410043 7.61627943359889 0.118386812676823 0.73105546544074 0.918990388521778
"rbsD" -0.0999952576792638 7.77187016424816 0.117232033592911 0.732319482089467 0.918990388521778
"cysC" 0.263099484584451 7.20267305838386 0.115056203120006 0.734720176441897 0.918990388521778
"osmE" -0.0943297170926035 9.99787702796255 0.114152738771934 0.735724449553734 0.918990388521778
"iscA" 0.0533542503496087 8.46483830152271 0.113070169894491 0.736933662597431 0.918990388521778
"ynbC" 0.106157068011297 3.2517365321288 0.121820849758305 0.737344036781381 0.918990388521778
"yiaG" 0.0981388179797613 9.3180442239901 0.112645081344728 0.737410242141443 0.918990388521778
"typA" -0.0779044305038912 10.7334142866627 0.112539133263178 0.737529179480294 0.918990388521778
"mdtK" 0.0418310597778598 6.85539415289594 0.112186613191224 0.737925367734959 0.918990388521778
"znuA" 0.121672447179336 11.299937437066 0.108657680944211 0.741930178356115 0.922554166307218
"rlmA" -0.0947883877963011 5.2415137958716 0.100178896161277 0.751856794807224 0.932173812405344
"aceF" 0.0886638994271991 11.3188769485627 0.100078845209846 0.751976644208029 0.932173812405344
"kbl" -0.0466808938793817 8.06267533348361 0.0972256669740595 0.755422550947256 0.935009200328889
"mepM" 0.0838659204778438 9.35751434139945 0.0937808977623639 0.759657730840088 0.937514277119459
"yhgE" 0.0794118298527954 5.00374816796215 0.211880514361982 0.759769934617257 0.937514277119459
"sgcC" -0.0914136010130694 6.38669152876172 0.091457618541762 0.762562356874805 0.93952339236331
"hchA" 0.0704885564952954 8.3253698331889 0.0895460320834757 0.764982624606743 0.941068564112258
"mrcA" 0.0791677202944827 6.61487471762708 0.0871392802170816 0.768070209465209 0.94235251695339
"wecE" -0.0401564322846751 6.73689659263074 0.0869138458966704 0.768361779622467 0.94235251695339
"fabR" 0.0573452426956778 6.98661702730423 0.148694220576453 0.77034851791324 0.942919054617515
"yjbJ" -0.106409044352118 9.90716830213618 0.0847660257622747 0.771160565114696 0.942919054617515
"glnL" 0.0715684546966269 6.98173542672065 0.0799490961556704 0.7775805466821 0.949330561531701
"yfhH" 0.0639838868903641 4.4665550751724 0.0789078226539684 0.778995634876174 0.949621566986514
"gpmM" -0.0469135404422375 9.35303403416194 0.0773979518335844 0.781065560971034 0.950708759733973
"narK" -0.07829911360021 5.76485253863508 0.0748222258095006 0.784649827533185 0.952253930224231
"rpsA" -0.0823632021781959 12.8756005700148 0.0747884093665727 0.784694998264081 0.952253930224231
"serS" -0.0580399650387992 10.1861612246892 0.0737703932682974 0.7861293290155 0.952562114888151
"pck" -0.0697677272250771 8.77867764693705 0.0714326936786933 0.789463764451722 0.955136805634286
"gstA" 0.0429355658706324 7.75514881434042 0.0706306033337146 0.790621296361466 0.955136805634286
"iscU" -0.0438859004016731 8.3173373182827 0.0666885164893 0.796415226039499 0.960698187464687
"araD" -0.117418543485392 8.56669356411673 0.0632592623012882 0.801614581861238 0.963138949718347
"bioB" -0.0451150348415423 8.1622560005558 0.0630083942018784 0.801991436670722 0.963138949718347
"tmk" -0.0693044935254092 5.97810744613165 0.16408966647986 0.802019051066579 0.963138949718347
"ygfZ" 0.0382889402360481 8.33569062242277 0.0619041612110665 0.803698223913251 0.963682902089122
"ydeI" -0.050409032372752 7.34347306690902 0.0594133840807583 0.807608485946741 0.963682902089122
"cca" 0.0372326967627366 8.27994446447788 0.0593387605377691 0.807726965553557 0.963682902089122
"yihW" 0.0436199904540432 5.42277496382027 0.0685537301096682 0.80789944483244 0.963682902089122
"smrB" 0.059761568277599 5.36614421077634 0.0585956682511323 0.808911103308476 0.963682902089122
"acpP" 0.0541182174892136 10.7066971443566 0.0581426301814688 0.809636936327664 0.963682902089122
"ibsE" -0.0441296083725963 5.41685302193158 0.0565168415617764 0.812266627768298 0.965389055388831
"ftsK" -0.0374512612616259 9.15660867385007 0.0640167136424913 0.818518869888035 0.968705733363478
"feoA" -0.0932342671656126 6.69575652220424 0.0523542908209071 0.819187335523599 0.968705733363478
"rbbA" 0.0460032225592136 6.96085150399296 0.0522844815671707 0.81930582854834 0.968705733363478
"umpG" 0.0360069211307806 6.71546616746699 0.0519593766521963 0.819858755746289 0.968705733363478
"ftnB" -0.041227352533819 5.88184664179154 0.0501652075723714 0.822943474453107 0.970928923806517
"rne" 0.0422782482875079 9.72836928372839 0.0488933982332463 0.825165347312383 0.971362825521243
"trpE" 0.21975016998657 11.0366721276805 0.0482773912155995 0.826252422982303 0.971362825521243
"putA" 0.0530105321016104 9.37696587633496 0.0474893427208113 0.827653758417476 0.971362825521243
"ygiF" 0.0413641378080292 7.01234107947999 0.0825952046957316 0.82812592807759 0.971362825521243
"ubiC" 0.0329701190475406 5.69019317867417 0.0462838317905525 0.829821218001254 0.971938639952122
"acs" 0.0773357066441991 9.9177520740027 0.0454919917481673 0.831266445231707 0.972220320727518
"fsaA" 0.0742994618097836 3.8574780034159 0.0674156211478195 0.832805782031132 0.972611094210019
"yfeO" 0.0281743884953617 6.9797833601853 0.0437469583372245 0.834480997480268 0.97291847241374
"potE" 0.0546416843866124 3.88857733106016 0.0631432949561838 0.838156867327444 0.97291847241374
"fbaA" -0.0522776283616312 11.3238696740903 0.0417024423273087 0.838340086565461 0.97291847241374
"yqjC" -0.0415991810408982 9.12136315216122 0.0408438963747551 0.839989971980678 0.97291847241374
"hdhA" 0.0429153376281462 8.06587488674356 0.0407749051202098 0.840123334300881 0.97291847241374
"yggN" 0.0289174625340604 6.71098049459169 0.0407148112251969 0.840302571589066 0.97291847241374
"waaH" 0.0989570600434382 3.37191009701693 0.0449926240302649 0.841882896839608 0.973351715973587
"insA" -0.0404062850121143 5.38324518608631 0.0379947954055305 0.845598489101376 0.974544559485941
"lacY" 0.0531605471152489 7.34084453668479 0.0377652821363365 0.846059658638195 0.974544559485941
"lpp" -0.0766572092392168 11.8942224836993 0.0371266907121574 0.847350511037304 0.974544559485941
"cysJ" 0.103586273794481 9.37323521423315 0.036932621699788 0.847745081485912 0.974544559485941
"ftsN" 0.0351051085851699 7.1857326576645 0.0353933236898391 0.850913536352104 0.975080612277165
"aidB" 0.048842752595293 8.55003607112356 0.0349629417577216 0.85181213551332 0.975080612277165
"ptsG" -0.0428527338501056 9.75575985488426 0.034434614390315 0.85292309951182 0.975080612277165
"sspB" -0.028895862041271 7.80587756479081 0.0334522991665403 0.85501239474658 0.975080612277165
"smg" 0.0273390537932588 8.46078524686196 0.0332654989446843 0.855413275029085 0.975080612277165
"cysK" 0.0719199791963825 11.6208394294008 0.0332432695027046 0.855461057611193 0.975080612277165
"speB" 0.0273266902052069 8.18673248599952 0.0323706228199699 0.857350041975531 0.975855407439004
"yohJ" 0.0437826920144405 3.62851730664306 0.0312572205694899 0.859798766203223 0.977264231445072
"ydeJ" -0.0336272179568326 4.50718002840781 0.0286155161395522 0.86579503554229 0.979666012635782
"metH" 0.0279502375995818 8.4229978531366 0.0282500366461375 0.866646706584932 0.979666012635782
"yfaY" -0.022918298100994 7.0768143748922 0.0281511567788272 0.866878097182966 0.979666012635782
"dsbD" -0.0385167948841907 6.62828628786831 0.0275203893433527 0.868364104801842 0.979666012635782
"malT" 0.0389838796204423 8.52968635645399 0.0274706030844211 0.86848213665501 0.979666012635782
"secD" 0.0358492568837695 8.77795351205553 0.0266855477323575 0.870358057169129 0.979666012635782
"yqjD" 0.0360497999009822 8.76031415212392 0.0266641508061107 0.870409579999821 0.979666012635782
"tolB" 0.0331160591388328 9.73067252067526 0.0260762260297271 0.871833670892427 0.979706707167394
"yhiI" -0.0310516650248792 6.78534585038824 0.0256510833387074 0.872873757686934 0.979706707167394
"ytjA" -0.0405681021078737 8.66998639595482 0.0249892756891303 0.8745105830253 0.97971244462069
"kgtP" 0.0366497623027953 10.5949384602736 0.0241519985359415 0.876613561912791 0.97971244462069
"hofB" 0.0615255108159048 3.83782195651105 0.0377530533168252 0.876854320151106 0.97971244462069
"yahO" -0.0385455467243798 8.41762814881778 0.0234329552636064 0.878449572713276 0.97971244462069
"yfjL" -0.0231763911685741 6.17915618463036 0.0232393027323939 0.878948958990557 0.97971244462069
"yqeG" 0.0378475331792398 4.96056705901277 0.0286513948417846 0.880197367943959 0.979750725421758
"ygiW" 0.0436690777683402 10.279762119798 0.0217156258818267 0.882954826286569 0.981466315169782
"yiiX" 0.0467322584131021 4.74876145259525 0.0199428736418692 0.887800834918057 0.984451390452428
"rluB" -0.0345860389964373 7.27894892027602 0.0197261097813264 0.888408225371177 0.984451390452428
"zapA" -0.0301255097316821 9.46952612720938 0.0194100598452328 0.889299954944015 0.984451390452428
"raiA" -0.0422936012534472 10.3838754558916 0.0186098765425711 0.891591312234983 0.985635875306344
"rpsB" 0.0349789176508526 11.8884190944065 0.0173203095016206 0.895392307896416 0.986315634564426
"menF" -0.0217831975032501 7.72467993003579 0.0170530099922505 0.896199073601963 0.986315634564426
"thrB" 0.0318756670159433 8.07870126807925 0.0169789893347206 0.896422254819636 0.986315634564426
"maeA" -0.0206155933219888 8.47378935463531 0.0166433171251934 0.897634290317241 0.986315634564426
"mtlA" -0.031687329152937 8.625201062677 0.0163600293921581 0.898317213636745 0.986315634564426
"asnS" 0.0291518267919263 9.95502871680112 0.0158242588931672 0.899987121806756 0.986806531654962
"lolB" -0.0157339324106002 7.37495145032199 0.0153925249835083 0.901353775686267 0.98696403931997
"epd" -0.0244504021283133 9.47218095022282 0.0147274945637207 0.903497584719644 0.987014921388893
"slyB" -0.0241253179159015 9.90134121525691 0.0143732108366884 0.904659739876447 0.987014921388893
"trmI" 0.0159197355512951 7.30877602909648 0.0156441870500222 0.90506944464409 0.987014921388893
"ygaM" 0.0341336480993988 8.5377874255107 0.0128688563443246 0.909764278340497 0.990795914467991
"gltS" 0.0201660694736757 6.73253998802108 0.0119640982437581 0.912980993182511 0.991354480378728
"glgC" 0.0220821769418223 9.31671409372154 0.0117760236824915 0.913664956296906 0.991354480378728
"ybdR" -0.0202023019958393 8.50420850299263 0.0114844111100085 0.914736472792509 0.991354480378728
"ibpB" -0.0275397910310515 8.18898004786497 0.0113618452236415 0.915190939135257 0.991354480378728
"eptA" -0.0284257602505893 3.59959977372871 0.0101005590470846 0.920019885588193 0.991845608992923
"bcr" 0.0247056938128292 6.5030939322041 0.0226464214368244 0.920900821539759 0.991845608992923
"fadR" -0.0168676451216484 6.23082430433473 0.00980884405183537 0.921179462208956 0.991845608992923
"slyD" 0.017746306397643 9.85020148707284 0.00908351495467022 0.924140483183604 0.991845608992923
"tolC" 0.0174521351097604 9.68226807070029 0.00898318677219895 0.924559319246723 0.991845608992923
"ykgM" 0.0484333390326885 8.98943373652651 0.00896350248963939 0.924643329035863 0.991845608992923
"guaA" 0.027175952370043 9.73915596685536 0.00856857771888078 0.926315720972928 0.991845608992923
"srmB" 0.025223074006667 7.39413078835885 0.0309518776467163 0.926398112901606 0.991845608992923
"fhuF" -0.019343211012778 10.0898344554064 0.00810797301299359 0.928318012326016 0.991845608992923
"pheP" 0.033474994884274 5.64505078051678 0.00748415647053634 0.931123575804332 0.991845608992923
"deaD" 0.0214019157170614 9.9168134157079 0.00719968073266153 0.932442055454929 0.991845608992923
"fiu" 0.0390442806428304 10.7755600582296 0.00701977927729159 0.933289438868496 0.991845608992923
"araC" 0.0221283615980973 9.52168271536086 0.00660061587157112 0.935308599656064 0.991845608992923
"fhuA" -0.0150403869862243 9.70690738619177 0.00612741352810347 0.937664387531008 0.991845608992923
"rbsK" 0.0139506067056943 6.25218884340676 0.00598389719476384 0.938397247898078 0.991845608992923
"puuD" 0.0176638240461854 5.93930604734871 0.00548090440109711 0.941038207361668 0.991845608992923
"araB" 0.0319086188993615 10.649524201863 0.0051915984020044 0.942612657659357 0.991845608992923
"pepA" -0.0119332193201883 9.05386966654018 0.00540653903991535 0.943150185029438 0.991845608992923
"gadB" -0.0250501252078165 11.1344002681051 0.00508423514243735 0.943208129102838 0.991845608992923
"yobF" -0.0228802887559913 8.61808823647006 0.00497818113881574 0.943802576006676 0.991845608992923
"ftsA" 0.00995893821015708 8.54611916729208 0.00487894977887111 0.944364571277606 0.991845608992923
"tisB" -0.0153281906680393 5.98793003004918 0.00474985866738489 0.945104343800732 0.991845608992923
"nrdE" -0.0194283462681341 9.70619466206651 0.00444255422432352 0.946907116008015 0.991845608992923
"oxyR" 0.0176647889553082 7.24229810550515 0.00733988775227763 0.947101485942504 0.991845608992923
"hflC" 0.0109328117243324 9.03075708404375 0.00413351018869289 0.948784443925076 0.991845608992923
"pdxB" 0.00944349845048697 7.97950079465257 0.00398269822636803 0.949726162550592 0.991845608992923
"ldtB" -0.0110265732096013 8.02775160038479 0.00371863671111519 0.951419230920566 0.991845608992923
"menA" -0.0119492179779061 5.51670794894837 0.0036070850238024 0.952152549790573 0.991845608992923
"rimP" 0.0109251420907352 7.36846198770735 0.00359054575270071 0.95226223931038 0.991845608992923
"rpoS" 0.0155739306549192 12.436753290598 0.00355244131334038 0.952515919416995 0.991845608992923
"iscX" 0.0178176402582452 5.52736938114807 0.00325242560969802 0.954562958208069 0.992696272260195
"rsgA" 0.00819211417448837 7.95638051182518 0.00281313588209358 0.957739598597464 0.993833911056052
"trxA" -0.0128896243120825 9.20412738348645 0.00502317715486442 0.959003226028899 0.993833911056052
"nlpD" -0.0128763962213501 11.6371721787066 0.0025728180395482 0.959583355829585 0.993833911056052
"yecE" -0.00955794281558791 4.79917566837443 0.0024470241965374 0.960582962359009 0.993833911056052
"tas" -0.00758318079446512 8.52808644457298 0.0021247701453755 0.963268029096031 0.995080168037349
"ftsZ" -0.00882009094460148 9.86261657960623 0.00187931051083068 0.965453396749963 0.995080168037349
"hisF" -0.0100195565305368 7.0364874780379 0.00187568600803768 0.965486705790885 0.995080168037349
"ygcO" 0.0215938781779156 0.942128943086831 0.00189640423074649 0.968512151633457 0.995186114669677
"pal" -0.00774265700180242 9.68058347944346 0.00151705578400795 0.968959181309915 0.995186114669677
"lpxD" -0.0251575449093436 9.59619281052368 0.0237024813300413 0.974264696322371 0.995186114669677
"rpmE" -0.0114068807555855 8.83012938090758 0.001027452275366 0.974452477919782 0.995186114669677
"dapE" -0.00425506901769339 6.96450326854235 0.00101860797030315 0.974562634425771 0.995186114669677
"glgP" 0.00653902402273348 9.65363902906696 0.000954290832905401 0.975378548946664 0.995186114669677
"cysB" -0.0123337084450381 6.97121888710112 0.000909132971045518 0.975967981331425 0.995186114669677
"ycaP" 0.00628568873158064 5.23764743887272 0.000904301168535121 0.976031908967919 0.995186114669677
"yihA" -0.0045514500967002 6.75971393086213 0.000855439984595442 0.976688231497378 0.995186114669677
"evgS" -0.0112601572579642 5.91942430153355 0.00075118641486157 0.978154505286906 0.995271287117186
"exuT" -0.00526808036977592 7.51853047127811 0.000662528469415673 0.979483808967001 0.995271287117186
"copA" -0.0117467392179464 8.80820581497207 0.00517216103701995 0.980471714074552 0.995271287117186
"dxr" 0.00267595141251118 7.24176198814814 0.000446137569815333 0.983163780489113 0.996192538326474
"prmB" 0.0272602513496523 7.23937892378995 0.0114131802119377 0.983848145038661 0.996192538326474
"mlaA" 0.0130873868137292 7.54893914839481 0.00837289968203416 0.985766863388016 0.99688453477961
"hldE" 0.00336756360959104 7.8517742485633 0.000434677927692062 0.991327859579996 0.999175242485851
"lacZ" 0.0038554824825546 10.9335169442888 0.000082347095910735 0.992766295691505 0.999175242485851
"glgB" -0.00126981293257486 9.7905798376751 0.0000435589224919519 0.99473888263421 0.999175242485851
"manX" 0.00153959456100411 9.37550719055118 0.0000370475608672771 0.995148012098514 0.999175242485851
"glgX" 0.00108211927723409 9.02229935099922 0.0000353884552421636 0.995257898750768 0.999175242485851
"gmk" -0.00139056933970465 8.05234910359629 0.000108430139813233 0.996425988796858 0.999175242485851
"seqA" -0.000493458046797362 7.50581458401446 0.0000157224122611727 0.996839170730525 0.999175242485851
"fre" 0.000307701733563006 7.68141344766267 0.00000669682803306604 0.997937107117219 0.999175242485851
"gltL" -0.000265566274729284 5.63030351640536 0.000000709515047667945 0.999328535055293 0.999328535055293
