"logFC" "logCPM" "F" "PValue" "FDR"
"araE" 5.7420705928771 8.93693562899004 436.042658971861 0.00000000000000000000000000000000000000000000000000000000015114271725028 0.0000000000000000000000000000000000000000000000000000000835819226394047
"araB" 8.68445905116991 10.6488012510646 194.397983589319 0.000000000000000000000000000000000967350271877825 0.000000000000000000000000000000267472350174219
"Circuit_PhlF" 6.23182607064056 11.022690841544 272.737705517407 0.00000000000000000000000000000052848398012094 0.0000000000000000000000000000974172136689599
"Actuator_YFP" -6.98555537967775 15.8090311220458 108.274243564505 0.0000000000000000000144112220964977 0.00000000000000000199235145484081
"araC" 1.76055284120437 9.52234543859784 39.5647648693016 0.00000000128926506506714 0.000000142592716196425
"suhB" -1.41791943618834 7.02650728796909 30.074659547724 0.0000000946309403675843 0.00000872181833721236
"aroF" -3.04533732626271 11.2075102004428 25.3907882309919 0.000000852284727032743 0.0000673304934355867
"tyrA" -2.62546320521055 10.5280963438639 22.5988591148236 0.00000323165021924905 0.000223387821405591
"xseA" -0.634127332419395 7.51106580746139 17.9147058129445 0.0000315740328272064 0.00178247437994729
"aspA" 1.41908702578214 9.85172314009102 17.8728222511223 0.0000322328097639655 0.00178247437994729
"recQ" -0.584726962009519 6.51204542435788 11.6686964792262 0.000732180188424267 0.0368086949271472
"rluC" -0.58942021507125 6.13093409372301 9.59302065387119 0.002156445318354 0.0993761884208136
"leuD" 0.515461621649633 6.44470294035853 9.03043682937116 0.00290731262370007 0.123672606223549
"yagU" 0.484642383842345 6.02455401288054 8.59181855245961 0.00366219322690534 0.144656632462761
"yqhD" 0.417457022077553 6.36116835823248 8.39229703482225 0.00407297240205638 0.150156915889145
"yigI" -0.640633933698233 5.18392097787664 8.24419647613295 0.00440818349783115 0.152357842143789
"gpmM" 0.441111406658283 9.35202406133255 7.79427815061447 0.00561083610680363 0.182517198062494
"ychF" -0.450105729269693 7.49440709505884 7.54358975980652 0.00642230855757794 0.197307590685589
"yafK" -0.466453456234279 7.15699846100989 7.01854678895192 0.00853644016536011 0.248455337444428
"adhE" 0.802992393243357 12.1618862572586 6.80956684200678 0.00956656440001417 0.264515505660392
"cysB" -0.688896594364421 6.96976974220451 6.28325898595045 0.0127691828404042 0.322142894659804
"insI1" 0.329705511152919 6.60522723256613 6.26036988406349 0.0129313649874901 0.322142894659804
"tktA" 0.688546974425876 10.6053831626573 6.13124053786384 0.0138871120452526 0.322142894659804
"insD1" 0.308984838737697 7.65422875196132 6.11906989183718 0.0139808851208595 0.322142894659804
"rpsC" 0.689231414042547 11.4795580499832 5.98966560745638 0.0150194463680719 0.332230153661751
"rpmJ" 0.509973079708765 9.65367027908313 5.52999663062603 0.0194030415721839 0.412687768823757
"sdhC" -0.773430151838681 7.80458716468394 5.38762073092998 0.0210157398075362 0.422052414367398
"trpA" 1.06921855887601 10.27419694878 5.26066097865631 0.0225715732080309 0.422052414367398
"leuC" 0.478001305069645 7.57568790423938 5.20971652432676 0.0232377711790975 0.422052414367398
"purM" -0.576574283297252 8.85821558897229 5.14814302937219 0.0240508156013906 0.422052414367398
"rpsE" 0.606059534221136 11.1188691873532 5.12867141318454 0.0243169035589214 0.422052414367398
"tsf" 0.489599198177295 10.4931088748354 5.03005696768946 0.0257125258137789 0.422052414367398
"yciA" -0.503249243353369 4.73091503201878 5.00341378784643 0.0261037710029322 0.422052414367398
"rpsQ" 0.511166562264198 9.79163384750672 4.94953417144252 0.0269141145378823 0.422052414367398
"trpB" 1.05197270979761 10.8031586162603 4.8957550644294 0.0277492231125409 0.422052414367398
"gadE" -0.624188718657373 6.87744247083548 4.86836377602544 0.0281849499989452 0.422052414367398
"rsmA" -0.284389222210146 8.00209154965432 4.86502256918942 0.0282385883030628 0.422052414367398
"rplO" 0.597428553608824 11.2720585047469 4.79796884013848 0.0293379455994516 0.42694431359202
"trpC" 1.11920169829478 10.3760900591176 4.72775718312213 0.0305372655823073 0.431991935149271
"mioC" -0.345800652251324 7.32023229186171 4.68754767315692 0.0312471562494952 0.431991935149271
"secY" 0.614608873036069 12.6270163913343 4.56425941012282 0.0335338130872947 0.440225323408873
"ugpB" -0.58572585338956 7.74903396578915 4.51925445617933 0.0344117643404993 0.440225323408873
"mltF" -0.423326795966224 4.35277096774684 4.4950955438541 0.0348929926359835 0.440225323408873
"sbcD" -0.273675219898671 5.70388674997406 4.48843189216168 0.0350269696744854 0.440225323408873
"fusA" 0.625234225207111 13.4755912216941 4.44151470761075 0.0359857277949102 0.442224610457451
"atpD" 0.502309162541514 11.0206431219826 4.38181207570327 0.0372458757417544 0.44504481556648
"udk" -0.553204534560941 5.95114793122611 10.0917478163075 0.0378247854098093 0.44504481556648
"rhlE" -0.38103546330524 6.78725931601338 4.21974439245138 0.0409069181437363 0.471281786114295
"rplL" 0.488635557196732 11.0631419485169 4.13489158305569 0.0429735252960432 0.474530829669209
"katG" 0.30494586680028 8.50338296536466 4.06186458408063 0.0448405596647631 0.474530829669209
"rplI" 0.46933354854133 10.2649740581197 4.04126846538904 0.0453825163495723 0.474530829669209
"gpmA" 0.523013894777128 11.537493866345 4.00375025657269 0.046387669549353 0.474530829669209
"rplV" 0.568336963279754 10.4423516039726 3.99226296910339 0.0467001247817879 0.474530829669209
"rplF" 0.512352590942212 11.2308925951958 3.97710726825897 0.0471157801139158 0.474530829669209
"ptsI" 0.535460772351385 11.6541401366289 3.9563777124602 0.0476906681069674 0.474530829669209
"trpD" 1.18270575413143 10.8880160372097 3.90032278427682 0.0492828320818946 0.474530829669209
"carA" -0.786323177194749 9.6578670386117 3.89993337373229 0.0492940881674495 0.474530829669209
"fnr" -0.327721510289115 9.42564623305408 3.88355616042697 0.0497699604354686 0.474530829669209
"folE" -0.360017125685946 8.28525166573105 3.82846152744999 0.0514070169953401 0.481831871159713
"iscR" -0.346525784425095 9.04363522952714 3.7158183782446 0.0549350840384212 0.502107469094162
"fhuA" 0.352292807721782 9.70585939590387 3.70197436431875 0.0553861765185242 0.502107469094162
"folD" -0.324670498849673 7.44484673484053 3.58810383683067 0.0592500257802757 0.528472004136975
"gadA" -0.630442872012446 10.9015242784197 3.53272880245251 0.0612322287389536 0.537482896708593
"rplB" 0.534619414020507 11.739848011477 3.4603968793601 0.0639290412917182 0.541790858400748
"malP" 0.323534041998292 8.60313750476791 3.45393560843407 0.0641760630850509 0.541790858400748
"rplN" 0.459953951011741 11.0832041961324 3.39536904998376 0.0664624247452 0.541790858400748
"rplP" 0.476060471459725 10.7561304433374 3.38421476390428 0.0669077070751247 0.541790858400748
"ompT" 0.454356521156187 10.0937530101078 3.30598112674441 0.0701224161434701 0.541790858400748
"yicL" -0.400195939271065 4.95041138836359 3.2964013497252 0.0705273427570551 0.541790858400748
"hsdR" 0.301457245931578 7.56279616981771 3.29059004882004 0.0707988160145395 0.541790858400748
"ubiB" 0.230401669908687 7.02908167421641 3.26396812527906 0.07191706855487 0.541790858400748
"ileS" 0.389821779437109 10.7549684924307 3.24686088291906 0.0726619604939832 0.541790858400748
"trxB" -0.300395378273026 8.01583691172988 3.22599943315712 0.073581600672516 0.541790858400748
"prs" -0.377318244897314 9.43121877169391 3.22408486079155 0.0736666282686916 0.541790858400748
"ilvC" 0.494499819913677 7.72265733087765 3.21834921051792 0.0739219881506179 0.541790858400748
"patA" -0.530442954858353 10.8508945907624 3.19250123565509 0.0750846967186188 0.541790858400748
"yfeR" -0.304849277551552 4.00837573794938 3.16065109822987 0.076544642562548 0.541790858400748
"mltA" -0.42432126202754 6.63770198237376 7.53208861224377 0.0768208389823918 0.541790858400748
"rplC" 0.536943018280751 11.6755749356559 3.14145009970494 0.0774395849162471 0.541790858400748
"mepM" 0.46839357453513 9.35623000578952 3.06989478455078 0.0808758185357583 0.541790858400748
"tufA" 0.472626500506455 12.9666512283219 3.06593098520785 0.0810709383638648 0.541790858400748
"rplD" 0.544186078372037 11.1566959981854 3.06080470309563 0.0813240393548188 0.541790858400748
"rpsH" 0.442414549130819 10.5321104755612 3.05270831780169 0.0817255314002101 0.541790858400748
"yeaV" -0.50616424610738 2.01561708458937 3.03605558487633 0.0825581022551224 0.541790858400748
"pdhR" -0.418952683609343 7.52563016486015 3.02182100221681 0.0832770758843826 0.541790858400748
"rpoC" 0.479770213859695 12.7359698479566 3.00143572653782 0.0843185838154747 0.542188102906482
"aceA" 0.469723841918158 10.4648049137662 2.95626520314375 0.0866772061709477 0.544624830624798
"ybjD" 0.219644338452379 6.71726264159211 4.08021139020788 0.0870898109944629 0.544624830624798
"yhcG" 0.353853081977514 3.45273761228679 2.93798407534718 0.0876520975146601 0.544624830624798
"rpsA" 0.500527248767174 12.8748463737597 2.87525324605695 0.091089315167361 0.55969323652834
"infB" 0.389517006591606 10.7303081350233 2.80793017273009 0.0949426248953988 0.561667727616072
"rplR" 0.40727821470177 10.3524418860998 2.8075968204122 0.0949621426064843 0.561667727616072
"kdsD" -0.178809909122778 7.0651429492576 2.79357783935728 0.0957869404475483 0.561667727616072
"tolA" -0.213438863922133 7.4158582177127 2.78914438571015 0.0960494097620663 0.561667727616072
"rpsS" 0.463894329917899 10.1889247524267 2.77978120081499 0.0966063212349713 0.561667727616072
"pflB" 0.462805774086668 12.4094327235698 2.75395195543084 0.0981610434572395 0.561667727616072
"yidB" -0.306254908306452 5.89565404916892 2.74310636057096 0.0988220256312119 0.561667727616072
"rpsD" 0.410796160844552 11.8296359758976 2.72610475559333 0.0998680340291224 0.561667727616072
"rpsM" 0.414014523303956 11.229573143163 2.71509746161234 0.100551727005409 0.561667727616072
"malT" 0.368486888290418 8.52912637015972 2.69533976114173 0.101791865977913 0.562890855553511
"rpoA" 0.459466846599459 12.6225744706054 2.65123533699893 0.10462130925038 0.562890855553511
"ppc" 0.386105726091423 10.4841779435586 2.5996950099196 0.108038076981396 0.562890855553511
"dppA" 0.430361155878101 10.4916741046659 2.59815506453609 0.108142040995939 0.562890855553511
"lrp" 0.262241515863991 8.53633632772057 2.59654975997066 0.108250535094684 0.562890855553511
"ydgI" -0.353135914974224 5.42135921088071 2.59410944242012 0.108415693598312 0.562890855553511
"polA" 0.202871089599579 8.72538026852341 2.58120416718047 0.109293751013705 0.562890855553511
"ggt" -0.307683935838855 8.10401980668756 2.57548454873327 0.109685416058566 0.562890855553511
"hisH" 0.27193919263555 6.47180292454645 2.56715685409698 0.110258451808464 0.562890855553511
"tomB" 0.286813460588854 6.81664610298158 2.55717677372128 0.110949553807112 0.562890855553511
"rpsB" 0.420381602480925 11.8875222878751 2.52545002290067 0.113178606331805 0.567228272282257
"gatY" 0.552450278078704 12.3953832327479 2.51594614645157 0.113855946154305 0.567228272282257
"gapA" 0.468098852388592 13.2295227125562 2.49298215708578 0.115511207174653 0.56839748439224
"yidC" -0.35568663766194 9.31783695057016 2.48426772973145 0.116146321403839 0.56839748439224
"aroH" -0.497806420786417 8.38477771806539 2.450855959909 0.118617580424627 0.572478830153675
"add" 0.400653585878344 6.3139957624486 5.79652751909547 0.119789293756412 0.572478830153675
"pntB" 0.271684593914117 8.90958387735525 2.43136747038217 0.120085975222109 0.572478830153675
"trpE" 0.934241544447993 11.0354734590056 2.40298862956512 0.122260545958162 0.577863947990287
"efeO" -0.312907865653222 7.41650015784984 2.36474090216714 0.12526110587136 0.581047873148481
"gadC" -0.53403727559522 10.4847137843874 2.35469497991697 0.126062784009754 0.581047873148481
"gltB" 0.4037970546979 11.2471977940289 2.35300780099213 0.126197984565916 0.581047873148481
"pnp" 0.346763737447212 10.9715036978379 2.32156508034609 0.128747520741752 0.581047873148481
"valS" 0.290860037394734 10.0847995580432 2.30019865256738 0.130512910064276 0.581047873148481
"betI" 0.271489886754594 5.5153300555311 2.30010529229698 0.130520683181507 0.581047873148481
"fepB" -0.282563014400585 7.09674912936146 2.29102914072319 0.131278841496749 0.581047873148481
"lptC" -0.214805562770903 7.4565207510445 2.27192754416244 0.132890647816086 0.581047873148481
"rimM" 0.362619016746695 10.8664848962186 2.26007978436683 0.13390152775528 0.581047873148481
"tufB" 0.385176855567935 12.4536804412914 2.25667565263021 0.134193571996394 0.581047873148481
"gadB" -0.526389537068017 11.1331868173374 2.23845538133343 0.135768932657495 0.581047873148481
"groL" 0.517951583877501 12.7557899277962 2.22618351453574 0.136841704888404 0.581047873148481
"rplJ" 0.380664406454913 12.0298705645186 2.21416781629434 0.137901338191905 0.581047873148481
"znuA" 0.536530518706114 11.2987048281799 2.20304439224294 0.138890530237895 0.581047873148481
"gatZ" 0.535700569537884 12.0814807660256 2.20290207962648 0.138903237630592 0.581047873148481
"rpsK" 0.36010351612032 11.1980313739776 2.19349988707303 0.139745691010394 0.581047873148481
"gpp" -0.209511260197794 8.13737064363185 2.18169331826355 0.140811756415677 0.581111203715443
"gltD" 0.335911522542905 9.7416439634936 2.16851628945416 0.142012423218252 0.58172496325699
"rplX" 0.375369920428976 10.7976165526762 2.10759144009358 0.147716474471631 0.600641252814793
"dppF" 0.321398544274063 6.70560546508243 2.09237938041673 0.149180910325578 0.602168200073317
"purA" 0.340316722003808 11.04098749915 2.04018121486218 0.154332857521459 0.612149122023227
"mrcA" -0.23708377946441 6.61300307965522 2.03951683097823 0.154399725089829 0.612149122023227
"lacZ" 0.619715973138096 10.932598253371 2.02722004164655 0.155643331459021 0.612149122023227
"rplA" 0.398589684216109 11.4962792038544 2.02291487550108 0.156081421709358 0.612149122023227
"hdeB" -0.414615567247341 9.42815739685739 1.99708233080942 0.158739885972996 0.613611143801659
"fepA" 0.491957708199512 10.5614414724457 1.99357124774026 0.159105196213877 0.613611143801659
"fbaA" 0.354969778530724 11.3228139064064 1.97385060307995 0.161174992856115 0.613611143801659
"manA" 0.190208424892492 7.36140504023653 1.97151905471268 0.161421734424357 0.613611143801659
"ycdT" 0.398175246292389 2.72146757018437 1.95861312128791 0.162795391052268 0.613611143801659
"cirA" 0.560265241955646 11.399552762403 1.95565783630741 0.163111823035884 0.613611143801659
"pepD" 0.257133280228369 9.92194554097147 1.92965276086691 0.165926922217057 0.614747910798439
"cyoE" 0.29130147521529 9.74650150769006 1.92664753409719 0.166255827475044 0.614747910798439
"rplE" 0.386752899867582 11.5996954163265 1.92215434603345 0.166748981229233 0.614747910798439
"yfjK" 0.175562183576435 6.10660036784196 1.87230318105261 0.172335020765839 0.627770630709886
"rplQ" 0.331201663088718 10.5827515471973 1.87040645481992 0.172551782762934 0.627770630709886
"eno" 0.376999739690984 12.126875075891 1.85338434684809 0.174511275623825 0.630368479528201
"livJ" 0.259540283712695 7.55954692178133 1.83532177923888 0.176618755453822 0.630368479528201
"yncE" 0.384904896143956 10.0355639201916 1.81689931150131 0.178798671432719 0.630368479528201
"cdh" -0.372482929226648 4.1328549597135 1.81138686558832 0.179457012321048 0.630368479528201
"rpsI" 0.340258068146469 10.5840584015415 1.78406116725989 0.182762357216753 0.630368479528201
"trmD" 0.35516515734313 11.1037161831144 1.77345427727736 0.184064428216267 0.630368479528201
"ybiX" 0.360247587707251 7.32956324413853 1.77305958345207 0.184113087874314 0.630368479528201
"atpG" 0.296986362352951 10.1911632787415 1.77028145769501 0.184456012440409 0.630368479528201
"ihfB" -0.257241496354051 8.976207281747 1.7688730149492 0.184630151345681 0.630368479528201
"entB" 0.407990410111969 8.92605468897793 1.76078934298485 0.185633327218687 0.630368479528201
"rpoB" 0.374415477154732 12.8556569049303 1.75941258964878 0.18580481403815 0.630368479528201
"nepI" -0.270663207792551 5.06953516958118 2.63044410112623 0.189832742706361 0.640106748272059
"glmS" 0.222405975020381 9.57005591706232 1.69528882682336 0.194001217720114 0.648570195925138
"htpG" 0.383420762981927 11.6872351850731 1.68932194989021 0.194785250762183 0.648570195925138
"ptsH" 0.27452944486808 9.79616719708181 1.68117952734397 0.195861162241407 0.648570195925138
"aceB" 0.333986907749399 10.5828990812981 1.66207179964705 0.198413572458123 0.649771020683244
"acrA" -0.179875420930399 8.7127731534981 1.64559486668653 0.200646087305514 0.649771020683244
"yjdC" -0.20037909692849 8.22583684989606 1.64259884133675 0.201055207551483 0.649771020683244
"pheS" -0.366346319643816 8.34421451010451 1.64224785185324 0.201103201131956 0.649771020683244
"atpA" 0.321275569685139 11.2685854365788 1.63498929600478 0.202098762310159 0.649771020683244
"btuE" -0.215524013248361 7.75995142975878 1.62321233748744 0.2037264801904 0.65121817078203
"fldA" -0.189425582448335 7.93189787618261 1.60883483590654 0.205734712091277 0.651921671035039
"lysU" 0.180272676286322 7.87210623316664 1.59651644860807 0.207474020298314 0.651921671035039
"accC" -0.270326128630233 9.67486944437207 1.59333377501904 0.207926234935997 0.651921671035039
"ygcR" -0.38113706914397 1.94022527615955 1.58817238402899 0.20866209000579 0.651921671035039
"ompC" -0.380161062126026 11.8014764055004 1.57062190166788 0.211187520261783 0.652211725925876
"cdd" 0.316426669185909 8.36100144044852 1.54947557721331 0.21427890335496 0.652211725925876
"insH1" 0.245329887232746 9.83965571447725 1.54863048408641 0.214403565391712 0.652211725925876
"atpC" 0.235794458597295 9.23947526851451 1.54018876645467 0.215653593545627 0.652211725925876
"dcuA" 0.164639880818711 8.05929470323001 1.53605824164218 0.216268404094435 0.652211725925876
"serS" 0.25774508397479 10.1850204910316 1.53548892595152 0.216353308504354 0.652211725925876
"rpmB" -0.298868191378392 10.4977562040102 1.52040906968564 0.218616821318022 0.652211725925876
"uspA" 0.291467175715931 10.3190580863675 1.51862276108982 0.218886824033239 0.652211725925876
"ytjA" -0.298352855369368 8.66905091799048 1.51543543444488 0.219369585935286 0.652211725925876
"manX" 0.305827903761293 9.37482455450963 1.48979466293467 0.223300064946618 0.658280486252518
"yhjG" -0.253982629163645 8.4774355613869 1.48662655810823 0.223791557713333 0.658280486252518
"glyS" 0.239959511014309 9.81722217790992 1.47300880115443 0.225919077003823 0.661022484566742
"ptsN" 0.167256401571817 8.37854809700703 1.45699268691137 0.22845259177643 0.66186213316901
"bamA" 0.238956417881963 10.5660478565164 1.45606892995351 0.228599760280797 0.66186213316901
"dnaK" 0.418263373447551 14.2024803806017 1.4325942451588 0.232378417630851 0.668941036126276
"yqjK" -0.247390101331575 7.82759622982371 1.42593522404216 0.23346405058295 0.668941036126276
"accA" -0.196644990421653 8.55850555078155 1.40300606667753 0.237249663369958 0.676283834245292
"osmC" -0.35015313251068 10.3356897537595 1.39141010962167 0.239192593575334 0.678325662805949
"pgk" 0.298334046143581 11.111528950006 1.37640301122228 0.24173596889212 0.682000779165578
"mukB" 0.192259675606759 9.20751679379033 1.36837031022352 0.243110914849438 0.682000779165578
"yhhX" 0.135001246128712 7.59195875454741 1.36211451452213 0.244188344077368 0.682000779165578
"oppA" 0.30275448959477 12.5834935735412 1.3424401782641 0.247615204638992 0.682296555994046
"cyoB" 0.287741145940371 10.6841613351478 1.33928707372376 0.248169886028548 0.682296555994046
"fiu" 0.418722865653436 10.7745802324526 1.33585223360508 0.248775868807546 0.682296555994046
"rho" -0.218657189474138 9.78615467803116 1.33328777760882 0.249229483382997 0.682296555994046
"clpB" 0.380065129606551 13.0724814023307 1.32156647771839 0.251315820783437 0.684618960065224
"pepQ" 0.148519003830271 8.19722147205534 1.30026401582696 0.25516301490927 0.691691898258951
"yliE" -0.31331346697353 3.76295967786032 1.26486113947146 0.261719438870772 0.703380984127914
"dgt" 0.163531142845049 6.09800236140943 1.49546003232003 0.262775884861391 0.703380984127914
"rlmB" -0.144058771111563 6.50099852608213 1.25066249726135 0.264407720193938 0.703380984127914
"yeiW" -0.209886678179324 3.32835842569729 1.24984875714533 0.264562829473067 0.703380984127914
"gcvP" 0.224748326939603 9.68659587298228 1.22770849295356 0.268827029008278 0.706539523752575
"nlpA" -0.397907580764488 6.99004608639178 1.22594141484799 0.269171061487948 0.706539523752575
"pykA" 0.186830059299993 9.28646614606394 1.21849825115444 0.27062624638514 0.706539523752575
"icd" 0.321017761984476 11.6262614409302 1.21270827418494 0.271765056586011 0.706539523752575
"rpsP" 0.240265430247169 9.36903760139588 1.2108132312646 0.272139093235621 0.706539523752575
"hlyE" 0.418929171996045 2.21162523240771 1.19636898836468 0.275011433688598 0.710660387055115
"rlpA" -0.144614485857156 8.15224106350198 1.17653802368802 0.279017535142131 0.716780411454541
"phoP" 0.143497404313626 7.88713784278288 1.17032469662549 0.280287866384938 0.716780411454541
"ompA" 0.352651646084507 14.5752441505336 1.15801268898345 0.282826822449934 0.716780411454541
"iscS" -0.221376654210735 9.80542355495032 1.14940458117992 0.284619335140202 0.716780411454541
"livK" 0.213849665546235 6.31988379629466 1.14793299860971 0.284927215509904 0.716780411454541
"tig" 0.24448969968073 10.7449382212553 1.14683713684645 0.285156764050631 0.716780411454541
"cysA" -0.470934338267299 8.3536848538792 1.13304802097258 0.288065390139318 0.720815207000193
"mlaB" -0.13386813013641 6.61385234453869 1.11816777359618 0.291246814318813 0.724411272870603
"rpsL" 0.25794475178398 10.9365203278026 1.1100187146303 0.293008171255502 0.724411272870603
"metK" -0.300354463870916 9.47008516412122 1.10093088938486 0.294988591472542 0.724411272870603
"cpxR" 0.139428100046749 7.9603325359992 1.2829659554442 0.295622231043336 0.724411272870603
"hemL" -0.151327313279009 8.53746486204507 1.08973301369357 0.29745257224189 0.724411272870603
"rpmD" 0.210608749349375 8.91104691794012 1.08887044296135 0.297643470150716 0.724411272870603
"yedR" -0.207432063696864 5.5337177561065 1.08423403083981 0.298672278868892 0.724411272870603
"rpsJ" 0.302152663603492 10.8432069309764 1.06446286642533 0.303111389429009 0.731106240028499
"nrdD" 0.198529025496323 9.33590422282285 1.04503757540377 0.307556510627406 0.731106240028499
"lon" 0.261328776463823 11.3573890406801 1.0432505202969 0.307969693043887 0.731106240028499
"leuA" 0.234513063216604 7.22617355009124 1.04078024781166 0.308542033079988 0.731106240028499
"ycjF" 0.182411183393297 7.62009552425414 1.03793366082983 0.309203283047863 0.731106240028499
"rpsR" 0.229198533855182 9.40063326181142 1.03723858302129 0.309365027426164 0.731106240028499
"ftsH" 0.258301083628678 11.6492012927088 1.02317931845487 0.312660477063956 0.733062849518897
"evgA" 0.192476276195581 5.80629096454328 1.02026589392827 0.313349112992718 0.733062849518897
"wecA" -0.158671985844674 6.96258839159693 1.01680476991286 0.314169792650956 0.733062849518897
"ydhI" 0.198566362067908 3.70474689912064 1.0179538558387 0.317679768949013 0.734976679742189
"rpmI" 0.228729278426936 10.6457529811024 0.997319046351597 0.318843206283469 0.734976679742189
"acnB" 0.251963393008716 11.108966431071 0.991521468006671 0.320251337749427 0.734976679742189
"yggE" -0.147944781318869 8.50531352410028 0.991295889394227 0.320306292618206 0.734976679742189
"maeB" 0.178065300337396 9.07983723643189 0.977417187038688 0.323711503595066 0.739720915239965
"rpsN" 0.257844213955419 10.9398094673527 0.958733199293135 0.328371941490824 0.742009168025676
"mntH" 0.301891713423901 11.0083138861742 0.954357042154045 0.329476392827049 0.742009168025676
"panC" 0.163645566650021 8.24438222587815 0.948146780757655 0.331052256643978 0.742009168025676
"ysgA" -0.192784499055012 8.32424185833382 0.94523297578729 0.331795110072324 0.742009168025676
"katE" -0.240557665182442 10.0541542624336 0.941174029093666 0.332833629461848 0.742009168025676
"mlaF" -0.151826707615572 7.51571486488576 1.44882946590982 0.332948397353745 0.742009168025676
"sucA" 0.250277087569291 10.6315572454203 0.933374736999421 0.334841403657215 0.742009168025676
"rplM" 0.235412983292318 10.8610578085912 0.930423837341283 0.335605290324736 0.742009168025676
"nlpI" 0.195819505886026 10.1469504620995 0.92586904606104 0.336788971382359 0.742009168025676
"rpmC" 0.217773387750268 9.19612899775872 0.920498707580367 0.338191817943478 0.742143156042632
"pgi" 0.21054032872229 10.4662122022245 0.905970401226783 0.342026621904245 0.746045364512633
"tldD" -0.125560841741328 8.85925991257306 0.898717999090375 0.343962936271597 0.746045364512633
"ppk" 0.134966890376914 8.74387138272591 0.894805822059509 0.345013618749482 0.746045364512633
"malS" 0.140386703552767 4.85932038326493 0.888247816835998 0.346784682639829 0.746045364512633
"ydgA" 0.184417227340627 9.97652275116354 0.883804024286038 0.347991813894698 0.746045364512633
"entE" 0.279935356197493 9.66516881814484 0.88015696567773 0.348986797224546 0.746045364512633
"maeA" 0.134413873799727 8.47296420957957 0.878596696402038 0.349413651733765 0.746045364512633
"plsY" -0.1384835967418 5.26937632162473 0.947288291056608 0.352191293169214 0.747465851168845
"waaZ" 0.247349658510938 3.52586279067157 0.860707055907944 0.354359262003016 0.747465851168845
"ybjP" -0.178835554569138 7.77256937824159 0.857857733086012 0.355155801379297 0.747465851168845
"potD" 0.168995033450564 8.5970027484991 0.856680685526956 0.35548556755408 0.747465851168845
"bdcR" -0.144145841974943 4.19014949010232 0.846106587116022 0.358467028633657 0.750879798615199
"glpD" -0.364670166928726 9.69896396127577 0.834891515298977 0.361667043914664 0.75370212735548
"fur" -0.152301665700166 8.18780754804206 0.831854964622338 0.362540263791244 0.75370212735548
"rpsF" 0.229070008143409 10.800170487507 0.825874805915731 0.364268544218372 0.754458820047789
"yeaD" 0.146833800166135 7.23267450819441 0.816198126610945 0.367089469525059 0.755386374707547
"elaB" -0.279773412184255 10.2528380102806 0.814974493198801 0.367448345020488 0.755386374707547
"nadE" -0.136771762775431 8.46816081850419 0.81002300929435 0.368905558590031 0.75557323666773
"menF" -0.145243182822841 7.72476899785356 0.794779636296399 0.373451432864348 0.760329732522421
"rsmF" -0.149958189751884 5.40894928870228 0.792999366522541 0.373977734622239 0.760329732522421
"hupB" 0.188438878879275 8.67540610878209 0.781507871548105 0.377457167165016 0.760998123728187
"sucD" 0.182440924929523 9.38884089936883 0.777858432621486 0.3785717104805 0.760998123728187
"hisG" 0.174131668170022 7.56828679460423 0.775590400524771 0.379266716124161 0.760998123728187
"cysK" -0.339097475931125 11.6196784755761 0.766514054017475 0.382066197124219 0.760998123728187
"modC" -0.117819993060021 5.25078810457692 0.762401103086547 0.383344447287937 0.760998123728187
"glgB" 0.161263085940583 9.78948430262819 0.759541366753694 0.384236803513513 0.760998123728187
"hldD" 0.115667157426926 8.82780134026757 0.758727792560715 0.384491212844371 0.760998123728187
"ftsA" 0.115176741665122 8.54511663034378 0.756097052502135 0.385315505685158 0.760998123728187
"yafJ" 0.118217753774114 6.9422671362104 0.749813298017946 0.387294636561968 0.762184818572129
"glnA" -0.256896293731494 10.5881217323036 0.73453693339595 0.392167202978354 0.767133032745033
"dadX" -0.183391314258297 9.31877173103505 0.729304011516785 0.393856568584075 0.767133032745033
"gcvT" -0.153869856682833 8.71898523729504 0.723269931012047 0.395817639167344 0.767133032745033
"artI" -0.153554335352022 8.38025507985661 0.721792215142112 0.396300046460248 0.767133032745033
"aceE" 0.241887099282921 12.0657576589431 0.720431189538684 0.396745112775912 0.767133032745033
"yfgF" 0.183946649892771 3.25115180228629 0.715956023532886 0.398213643987123 0.767289704267871
"hpf" 0.134137665200526 8.36264748190379 0.710234168939703 0.400102795257964 0.768252936727966
"ybiC" 0.120051698082129 7.4179473970949 0.69035015877727 0.406770364051874 0.777109307862148
"zinT" 0.423669468576628 10.2363397363743 0.684145806074919 0.408884157287802 0.777109307862148
"infC" 0.205797455676278 11.6089308700987 0.684009030957348 0.408930937771944 0.777109307862148
"osmF" -0.162318172534646 7.63876644240454 0.677091561059227 0.411307211445356 0.778948246333157
"secF" 0.127807752383847 8.23144707090268 0.667043259920523 0.414795499375175 0.781310632241213
"selA" 0.106629504511497 6.34710783288913 0.665370845930501 0.41538033612824 0.781310632241213
"pykF" 0.192604529143672 10.8887758115525 0.645095287643515 0.422569472802976 0.787114586384325
"ytfP" -0.124465014531362 6.69379724793884 0.643517445688194 0.42313672268579 0.787114586384325
"clpP" 0.15434332445371 10.086888126643 0.639835785252997 0.424464774776703 0.787114586384325
"hupA" 0.15780017581842 9.04914504413243 0.636407854046801 0.425706949325455 0.787114586384325
"ybgI" 0.121934716235157 7.54753615027071 0.635898638381489 0.425891940345042 0.787114586384325
"ahpC" 0.186819633102679 11.1110413241299 0.631670953156424 0.427432496080759 0.787114586384325
"yeaQ" -0.25082011752196 6.14649089885119 0.624686470195197 0.429996147553057 0.787114586384325
"rpoS" 0.207790350497076 12.4357625896809 0.616037604298091 0.433203185133373 0.787114586384325
"rhlB" -0.111457708834007 9.24506401298225 0.613840050401461 0.434023851325508 0.787114586384325
"glnL" -0.155091101196497 6.98067877471203 0.611075291799795 0.435059713173175 0.787114586384325
"tatB" -0.112479966444247 7.23550456116602 0.610247615224235 0.435370550582034 0.787114586384325
"dapD" 0.133161119212702 8.88827551647135 0.597132809892888 0.440341660218536 0.787114586384325
"cyoC" 0.158390531273965 8.7504034206762 0.592968802617895 0.441938285556871 0.787114586384325
"ycfQ" 0.107346628514321 5.70513266825173 0.586471216357066 0.444447619463713 0.787114586384325
"nusA" 0.140271252562101 9.44358425890841 0.584831717160447 0.445084273353709 0.787114586384325
"argG" -0.199094472009092 8.28447343349183 0.584342391838345 0.445274563473048 0.787114586384325
"putP" 0.135754516856985 6.63367259647774 0.583528574407578 0.445591322810714 0.787114586384325
"hemA" -0.114848435687678 6.62437523933036 0.580968590303302 0.44659002301427 0.787114586384325
"atpH" 0.155157409472629 9.22456903330502 0.579735754909431 0.447072218903504 0.787114586384325
"crp" 0.161765355390578 9.20638813078668 1.16154008341952 0.447298040270797 0.787114586384325
"sufD" 0.175602501476948 9.0187630125969 0.574735458228627 0.449036314676295 0.787114586384325
"dkgA" -0.188006151275364 9.05233626320181 0.569432671843521 0.451133989887191 0.787114586384325
"sucB" 0.169692087205176 9.96614621921962 0.569187591722503 0.451231309243605 0.787114586384325
"mcrC" 0.264900989686953 1.73417291517703 0.564047627410175 0.453350694175695 0.787114586384325
"mgsA" 0.100437656163832 6.87031616009032 0.561529909565164 0.454288791578562 0.787114586384325
"ettA" 0.11409279570473 9.20429484652976 0.558585275060375 0.45547317837791 0.787114586384325
"slt" -0.10369882357225 7.99102212352546 0.550285234969073 0.458837984557308 0.790459207041095
"entF" 0.243511236695874 10.5464085218866 0.546193884259905 0.460511119670802 0.790877792478117
"hisI" 0.109776313835426 6.96125689745196 0.526254014546626 0.468806540415603 0.80263163111402
"lpp" 0.279222340819895 11.8933033589943 0.49580147572315 0.481950096066335 0.820611233264403
"chaA" 0.128834854572905 7.02725967538837 0.495063568980083 0.482276041249423 0.820611233264403
"sufA" 0.149075370268327 7.79268631563554 0.485785816840871 0.486405453054539 0.822704022075774
"yfhM" 0.107638990675921 9.06219298390124 0.485041167697215 0.486739425604155 0.822704022075774
"csrA" 0.158222251865636 9.91741051651851 0.479638463965644 0.489173986453989 0.822704022075774
"aspS" 0.123042973288872 9.61810065179337 0.478182685210062 0.489833461025894 0.822704022075774
"rne" 0.124486854097986 9.7273862958939 0.475737402942721 0.490944533969269 0.822704022075774
"entH" 0.18115980958668 7.59981349467656 0.465659588830124 0.495568556546175 0.827943842205543
"emrA" -0.113749081059295 6.4076395503557 0.460443486108377 0.497990778653561 0.829484640347649
"ppiB" -0.108196022115131 8.54812254825393 0.442927866305955 0.506273792630064 0.83607968114509
"rppH" 0.0915452064102955 7.57700761470017 0.442825408088174 0.506322937161947 0.83607968114509
"clpA" 0.174767372900304 11.3811480147001 0.440158419962234 0.507605065414483 0.83607968114509
"proA" 0.0832185400245165 8.00802441031573 0.439343843923197 0.507997780948915 0.83607968114509
"gyrB" 0.106816872165879 9.53654884247315 0.434671409783678 0.510260588505763 0.837311885589576
"lpd" 0.157289543379182 11.2466103354199 0.43014801272587 0.512467913705534 0.838446024494557
"fhuE" 0.183864512949483 8.31262426229199 0.424571501678903 0.515212109260733 0.839798851757598
"cspA" -0.227958211775372 7.81142725008377 0.422310597083475 0.516332024588759 0.839798851757598
"ybcI" -0.369726453970066 2.67876999062796 1.97447457271727 0.51823433739356 0.840421080875773
"argC" -0.226299782131394 6.6244260418202 0.413473654130258 0.520750622394495 0.841699945220772
"atpE" -0.126391488933335 9.11706791980497 0.410866393786097 0.522067054630605 0.841699945220772
"hisS" -0.103772670482666 8.84650087662856 0.402992040554254 0.526078993178139 0.845635844796249
"ygaU" -0.170211748744026 9.85609724621623 0.400099293787139 0.527566666283374 0.845635844796249
"KanR" 0.397840717932257 13.066217723415 0.393448004695207 0.531203063644543 0.847579375393018
"yfiF" 0.0847296305085948 7.36107570442496 0.391861995290791 0.531844562859633 0.847579375393018
"acpP" 0.136694986885087 10.7056781682332 0.386926951764599 0.534437589711186 0.849264330776684
"rseP" -0.1053800658648 8.75420332664838 0.579441862929515 0.538551561560447 0.851619592143293
"kgtP" 0.147579383008783 10.593946679687 0.378349141226919 0.538999741862843 0.851619592143293
"mqo" -0.120382409756401 9.27664443476521 0.369312933795038 0.543883498894489 0.856887677745449
"yhcB" 0.09097608782788 8.13365278956838 0.362002797869933 0.54789465076323 0.858006322561872
"tdh" -0.0916384995803086 8.20636562755299 0.361762643213633 0.548027360528889 0.858006322561872
"purL" 0.165684162860015 10.093143506643 0.359558524894978 0.549248170319896 0.858006322561872
"arcA" -0.136144534300506 10.022927143084 0.339102189271315 0.560827860158847 0.873627624416458
"fabB" 0.12139639787266 10.2907713841375 0.333955406798576 0.563814914449173 0.873965193302645
"potF" -0.114677079455597 7.63669336864911 0.331354770367221 0.565335956503926 0.873965193302645
"ftsZ" 0.112666574640209 9.86152888628209 0.330588259608472 0.565785785176034 0.873965193302645
"thyA" -0.0803490058536587 7.20744825411948 0.323698227263705 0.569860688125005 0.874705899685961
"ycbZ" 0.0790705587713397 8.51376234456232 0.322710339444273 0.57044964583475 0.874705899685961
"frr" 0.0984398151027945 9.89331774065236 0.319729781359908 0.572233849927998 0.874705899685961
"mfd" 0.0948358815484662 9.43084328659383 0.318047615911901 0.573245671497113 0.874705899685961
"wbbI" 0.1117469515042 6.53992116377703 0.311823772356356 0.577020256088524 0.874705899685961
"sodC" -0.139913000015182 8.64852522224405 0.306636985987286 0.580203858805247 0.874705899685961
"yigE" 0.12281883935552 2.57030781659132 0.304768350411123 0.581359439951598 0.874705899685961
"serC" 0.108130670951406 9.81526270281059 0.301555574440172 0.583357106054853 0.874705899685961
"ypdA" -0.0697156431557564 5.60816368032523 0.299473982086125 0.584658826709667 0.874705899685961
"rplU" -0.126974310153325 10.1993147318724 0.295528209293866 0.587142537583686 0.874705899685961
"cfa" -0.134722179131675 11.0131403666958 0.293006626910488 0.588741055841235 0.874705899685961
"yjjY" -0.106891841832701 7.61651323083743 0.292614624760092 0.588990358278759 0.874705899685961
"yhfK" -0.115666347522744 6.54004576974624 0.558378635959621 0.589037047324744 0.874705899685961
"dtpA" -0.132656289327429 7.78502826146573 0.291272125977243 0.58984578972148 0.874705899685961
"amn" -0.0805715432178109 8.00923896919775 0.288653325305708 0.591521828978968 0.874705899685961
"sseA" 0.0955605139203999 7.65649622584801 0.288573223582902 0.591573248612205 0.874705899685961
"asd" 0.118320400101046 10.1126629201129 0.285535463589958 0.593530100324155 0.875259054611354
"hns" 0.113919128900209 10.6010407727779 0.281042167153387 0.596449267630235 0.875959254984942
"dcd" -0.0808986394784468 6.98171029225317 0.385726645352087 0.597172945984309 0.875959254984942
"gnd" 0.126217080513867 10.9674759202745 0.275833930702172 0.5998705800421 0.877588441172701
"sodA" 0.118991302058994 11.1902804353258 0.26802822284051 0.605076214341782 0.88156296814919
"msbA" -0.192833773029608 7.82090890223881 1.62899664302425 0.605775638149534 0.88156296814919
"yoaB" -0.0907735574040636 6.36273508261429 0.261695753150914 0.6093704813363 0.884410838906649
"yhdP" 0.0607664545369313 7.55577082087646 0.259417960258773 0.610931176242929 0.884410838906649
"atpF" 0.110899941337557 9.69420192052652 0.255217971058436 0.613831700152392 0.886289634945882
"mscS" -0.100471496364268 9.28126150338215 0.249869427044367 0.617569130482378 0.889363878012383
"sspA" -0.0747133638494591 9.13248244743273 0.246020339661688 0.620289851342411 0.890961786473645
"mutS" -0.108223881517679 6.63764338322525 0.451242149936443 0.622717336537316 0.892131313743874
"fabG" 0.0973530498433543 10.3894324830165 0.240258737661495 0.624412446868214 0.892248276791013
"fabI" -0.0851238794915035 9.610700573351 0.235418549666058 0.627923425344445 0.894952717050201
"nudK" -0.075194825977089 5.5069796797281 0.228502560647766 0.633018398329627 0.895199643614536
"accD" -0.23094542064272 9.03770475340531 1.83994993080404 0.633364014317368 0.895199643614536
"gpr" 0.146333922116841 7.77922576960243 0.227274011603485 0.633933352274672 0.895199643614536
"clpX" 0.112867681007513 11.1461869726149 0.225514881317973 0.635248754745551 0.895199643614536
"sufS" 0.109753887802768 8.80877903321977 0.224260326655387 0.636190705136551 0.895199643614536
"pka" 0.110231891403241 8.8026251183506 0.220846585873593 0.638770267844874 0.895774241911747
"yhiJ" -0.13230046393092 2.61672194720422 0.219441948126033 0.639838744222677 0.895774241911747
"yceM" 0.17186506307488 6.67431904032165 1.29974158064846 0.642699833482088 0.89706351855829
"pfkB" -0.0818193723872572 8.32404973977379 0.214018253714556 0.644004008802244 0.89706351855829
"luxS" -0.0778263025797649 9.10734912895065 0.207899783023607 0.648780521561471 0.898421932595368
"ygjV" 0.0909433644813728 3.39726454395082 0.206753113048601 0.649685121504111 0.898421932595368
"nfo" -0.0680194386802854 6.75472929757925 0.206435004995357 0.64993661124529 0.898421932595368
"ushA" 0.0644776498025233 7.70932874250048 0.203388577252337 0.652356980947304 0.898421932595368
"nuoG" 0.0894120815134335 9.37532291707851 0.202455860070077 0.653102381380358 0.898421932595368
"rfbD" 0.073215641502447 7.54397787830277 0.197913191651098 0.656762575821953 0.901215147467841
"metE" -0.177934077224363 10.5575096942857 0.194514281286151 0.659534266701407 0.90277834031158
"sra" -0.169956278938196 9.84422544680836 0.191905511758421 0.661681321728057 0.903480915841026
"ybaT" -0.0900283956313729 8.39361997476565 0.188857406459012 0.664212116494784 0.904702710398068
"selB" -0.0695851404926194 6.79074996445199 0.185865774994419 0.6667197540634 0.905342028314591
"iraP" -0.0759814008201221 5.09373035351439 0.181436421794221 0.670476861786483 0.905342028314591
"rob" 0.188885388902155 8.80142527444184 1.69506963906938 0.67068311264409 0.905342028314591
"ihfA" 0.0962092648402678 10.1619981531019 0.180556035843527 0.671230075242283 0.905342028314591
"rnr" 0.32631736443783 9.39478451031662 4.29704568021197 0.674645276338384 0.90773439857695
"hflC" 0.0627419078064528 9.02972091845428 0.168191531659938 0.682045280709174 0.911742201957382
"galM" -0.0571911334096027 8.07927408275892 0.16795569408582 0.682256025673023 0.911742201957382
"miaA" 0.0997904266902973 11.0488332050868 0.167604570058272 0.682570111411132 0.911742201957382
"yniB" 0.0719181940883868 7.24514914043663 0.160533355320136 0.688978889196912 0.918085122231066
"hemB" 0.0506451507366206 7.28627944624935 0.155471208794183 0.693668169039595 0.919274167279556
"fadJ" -0.097834737635302 6.97470524334287 0.154763467270924 0.694330783341548 0.919274167279556
"kbl" -0.056152485599035 8.06245663068657 0.151769925064422 0.697152973857461 0.919274167279556
"leuS" 0.079304482851877 10.3758468208406 0.151326252874249 0.69757397235176 0.919274167279556
"dauA" 0.0574738201585111 6.07906456615412 0.150221629825319 0.698625241279957 0.919274167279556
"bamE" -0.0700993880799688 7.38155152936044 0.14772704370221 0.701015808954285 0.919274167279556
"yehE" -0.0917186603506955 5.51025495455418 0.147216835895928 0.701507592390547 0.919274167279556
"acrR" -0.0538354270575944 5.83217458093102 0.145477863571508 0.703191152531483 0.919301908628629
"ndh" -0.0876736956792178 8.02289808409926 0.140613353301426 0.707962759353769 0.92154559432582
"speA" 0.0765375642677012 10.201003877507 0.138895217508864 0.709670569557763 0.92154559432582
"recC" 0.0584934800041502 7.63898555666295 0.234697711927104 0.710500761889217 0.92154559432582
"tktB" -0.11690738179548 11.3144099417118 0.133605288654053 0.715005507155442 0.92154559432582
"ispG" 0.0436012055761924 8.93264636448779 0.133048738754303 0.715573715740939 0.92154559432582
"kdsB" 0.0481888470956888 7.51855314583987 0.131330820156439 0.717336164017963 0.92154559432582
"cstA" 0.100587224216693 9.13158086263317 0.129280319238702 0.719456979238995 0.92154559432582
"nagA" -0.055097196095838 7.7172098618713 0.128086823775283 0.720700160650768 0.92154559432582
"nuoN" 0.0655002738778051 7.99911914148356 0.126713273389964 0.722139009370645 0.92154559432582
"coaA" -0.0613298673332209 5.76595789347677 0.125113162096055 0.72382631760275 0.92154559432582
"mlaD" -0.0937045942284397 6.76591454080073 0.531997927190138 0.724458443636355 0.92154559432582
"Sensor_AraC" 0.158248491792867 12.1835602988815 0.121745116999992 0.727479564255246 0.92154559432582
"glyQ" -0.0554306420353634 8.8664025516897 0.121425515350918 0.727761713653712 0.92154559432582
"arnA" 0.0545247606563334 5.78069294634008 0.121001215731389 0.728237657722212 0.92154559432582
"greA" 0.0518448646033506 6.57162390342731 0.111909474175977 0.738237118821089 0.931681712119572
"trmA" -0.189605722927245 7.91402189137897 1.43774074408513 0.739617127704325 0.931681712119572
"murD" 0.0553130302273002 7.74970217009745 0.178326606503422 0.742179970272064 0.932785280819208
"fdhE" -0.0586369039086834 7.36161634229199 0.104186362460121 0.747109255188917 0.933557077247139
"gyrA" 0.0687012769999156 10.3621329146937 0.103857609086226 0.747494870531887 0.933557077247139
"lpoA" -0.0607382057081131 7.72205424315642 0.255924108398537 0.747858562785683 0.933557077247139
"eptC" -0.0539480613522306 7.26858023875258 0.0993239587843409 0.752882850832979 0.935619628647958
"sdhA" -0.0884760505479883 9.28932721625691 0.0987211948458442 0.753609318640563 0.935619628647958
"exbB" -0.0603037530673668 9.20038879746508 0.0958031099239409 0.757161198418374 0.935619628647958
"pliG" -0.105350522908876 8.05165103832314 0.0952400143126395 0.757853396464005 0.935619628647958
"pheT" 0.075226495957609 10.7967518987337 0.0951450680006226 0.757970332069232 0.935619628647958
"nirC" 0.0860251622928698 2.3663616529026 0.0933334968901684 0.760213813832295 0.936287920792927
"lptD" 0.0541982871909209 10.3272325821103 0.0919860955549622 0.761897946395691 0.936287920792927
"sdaC" -0.0755104973736083 7.80256785371673 0.0878450459234127 0.767159855970225 0.937337861354351
"fdoG" 0.0950691684869142 10.6943160693318 0.0877537539278857 0.767277364066127 0.937337861354351
"evgS" 0.0630203058703298 5.91699324999764 0.0873194150070652 0.767837343930417 0.937337861354351
"pyrH" -0.0551578876162675 8.39772844088117 0.0850021514972376 0.770850827774829 0.938943849690485
"minC" -0.0356912343493802 7.59730543340055 0.080211403204763 0.777225472498611 0.944095381811562
"acuI" 0.0442266174162768 7.15963938755621 0.076210747402489 0.782708297922106 0.944095381811562
"thiH" -0.0403954861054964 5.40997676309732 0.074419750380898 0.78521303608579 0.944095381811562
"murE" -0.0387626037827459 8.10805765548714 0.0743069426377752 0.785371878958832 0.944095381811562
"glpK" 0.11137127609689 9.100472296493 0.0738786433413134 0.785976143425525 0.944095381811562
"fpr" -0.039106038465661 6.63685404267537 0.073581609890874 0.786396317568065 0.944095381811562
"hchA" -0.0635230991032845 8.32570225477841 0.0731343710690375 0.787030688996619 0.944095381811562
"hflK" -0.047832859681483 9.89801479311167 0.0711750814155165 0.789834612983704 0.945211514314993
"nrdE" 0.0745104894125996 9.70497259244093 0.0688641768873636 0.793195409987923 0.945211514314993
"fhuF" 0.126418414074538 10.0886097275455 0.369588523414099 0.795900719240309 0.945211514314993
"ycgB" 0.0756366225310325 10.4072248232488 0.0634385906205439 0.801330647888545 0.945211514314993
"ubiD" 0.0300887217514208 8.21665590906363 0.0626899585717121 0.802481842850412 0.945211514314993
"wrbA" -0.0642645893842188 9.87008659340433 0.0616241717164552 0.804133413345762 0.945211514314993
"opgH" 0.0392264764636274 8.88895591713081 0.0615326468323273 0.804275947490974 0.945211514314993
"rbbA" -0.0372196119054053 6.9594442615503 0.0612621298905242 0.804697889889454 0.945211514314993
"yibN" 0.0312995083901918 7.60598744799173 0.0605404199970627 0.80582844809046 0.945211514314993
"narX" -0.0295681962298074 6.07887739476563 0.0596601655853754 0.807217085782852 0.945211514314993
"sspB" -0.179675820913654 7.80524678152477 1.51855324766106 0.807283135144887 0.945211514314993
"proP" 0.0999570019698868 10.3953951355261 0.211201262690545 0.808631684986363 0.945211514314993
"alaC" 0.0394160232600251 7.77486535878184 0.0578039913352428 0.810181297984279 0.945211514314993
"rpe" 0.0351702242703071 7.17689433283405 0.0557888843322674 0.813456900613272 0.946084218497777
"ydgH" 0.0386658351656029 7.75187097656553 0.0540729475995295 0.816295793335865 0.946084218497777
"yddH" 0.0538500461062859 4.77371713315577 0.0525465822279864 0.818861235849207 0.946084218497777
"mtlA" -0.0566330861425495 8.62538866582224 0.052241807639075 0.819378167088534 0.946084218497777
"yjeI" -0.0334777540979392 7.03785765004212 0.0521798564777639 0.819483436998979 0.946084218497777
"acnA" 0.0549582535121644 10.4609058971916 0.04765230943204 0.827362841670778 0.949454540039128
"ymdB" 0.0388756525497424 6.79406087542481 0.0466365146618737 0.829183952751064 0.949454540039128
"ydcH" 0.0620972956743679 6.47133081878338 0.0454036056847445 0.831422424126851 0.949454540039128
"dld" 0.0380716639881272 8.62730892829535 0.0434589646783837 0.835018692305158 0.949454540039128
"hyfF" -0.0417684940935781 3.46642105919149 0.0431459785525532 0.835605297257766 0.949454540039128
"dsbD" 0.0334757311468004 6.62637959459929 0.0427912398004606 0.836272845936486 0.949454540039128
"ygfI" 0.0510422895460676 3.44571204949568 0.0424779038802585 0.836864886928755 0.949454540039128
"yaeQ" -0.113655508758045 5.41233893200405 0.714383454650852 0.83751749625347 0.949454540039128
"nuoM" -0.040382290662885 7.97093695623845 0.0406822450149713 0.840302514410711 0.949454540039128
"rcsD" 0.028242832260644 8.01557604838383 0.0405103855055246 0.840635631148448 0.949454540039128
"diaA" -0.090948370251405 5.87111647881254 0.449377792822513 0.841288832946062 0.949454540039128
"aroA" 0.0362594988949479 8.23434801717283 0.0377558445034676 0.846078537876694 0.952915338993507
"putA" 0.0460458634730136 9.37638027566299 0.0365277147279185 0.848571678914533 0.953146006928061
"pgm" 0.0309314822713557 9.30121963144104 0.0359640271699121 0.849730526972033 0.953146006928061
"dps" -0.0697919544452613 13.3133797238272 0.0347681667389346 0.852220579398935 0.95400400892229
"tpiA" 0.033106951742104 9.86119941516645 0.0331270282783941 0.855711081779716 0.954347306789708
"fabF" -0.0363026312887752 10.047944974201 0.032551870053756 0.856955452891487 0.954347306789708
"nlpD" -0.0457240348884167 11.6359977073573 0.031409224200491 0.859461734327443 0.954347306789708
"hdeA" -0.0543249195309169 10.7047285737152 0.0305070312862143 0.861474022012063 0.954347306789708
"nuoI" -0.0333755687917174 6.84846236047813 0.0302482265204178 0.862056915322442 0.954347306789708
"glyA" 0.0484557285976499 11.0259357505228 0.0291076447952993 0.864656926558394 0.954347306789708
"ppa" 0.0322703093138282 9.763259786221 0.0288058156726514 0.865353697862765 0.954347306789708
"osmY" -0.044599708793931 11.2087214434267 0.0281976637939537 0.866769114151261 0.954347306789708
"ghrB" -0.0299456160103085 8.12178273361992 0.0258161916421439 0.872468692500743 0.954347306789708
"solA" -0.0467418317569188 6.74207931976833 0.0784268608218471 0.873313620505278 0.954347306789708
"fabH" -0.0892305782070588 9.06939471793733 0.398226052742953 0.874764021266717 0.954347306789708
"topB" -0.0218729342718104 7.66956976637901 0.0238096895277101 0.877483984059143 0.954347306789708
"typA" -0.0342347710271069 10.7324988938538 0.0230696331653142 0.879388162002035 0.954347306789708
"dsbC" -0.0169060309679783 6.6882084964117 0.0227850855154263 0.880128613139473 0.954347306789708
"Sensor_TetR" -0.106446577654665 9.23148997409497 0.0227106588570051 0.880346721070141 0.954347306789708
"ptsP" 0.0224428206323851 8.85418474868569 0.0222799824361039 0.881454737528113 0.954347306789708
"yhbJ" -0.0205956024026195 8.29648733279196 0.0221248033631609 0.881865232856312 0.954347306789708
"gmr" 0.0245601341561709 7.14506089830096 0.0208481381796528 0.885299810973164 0.954369034601339
"mtn" -0.0212225764005257 7.93024389337353 0.0200816524305219 0.887413648254342 0.954369034601339
"sgcX" -0.0487439800173028 6.55901011534815 0.0192327732071043 0.889803327035201 0.954369034601339
"uvrY" 0.0202768903741281 7.35255392331374 0.0180472555519405 0.893232513744622 0.954369034601339
"cysQ" 0.0251155550210463 8.33018453446708 0.0179303583768563 0.893576781183161 0.954369034601339
"potI" -0.0921239425628957 5.40385632963945 0.260939637953285 0.893828482010734 0.954369034601339
"fecI" -0.0297084627631844 7.61028933195297 0.0177986867093016 0.893965931145558 0.954369034601339
"rpoN" 0.0184135416742908 9.31234770448344 0.0150529964708492 0.9024422110521 0.960621946890574
"Sensor_LacI" 0.0388666587920036 10.8571215223279 0.0147948157545633 0.903297309915187 0.960621946890574
"hemE" 0.0165699147027155 7.59306674564634 0.0139658690868311 0.90601397690299 0.961661668382636
"glgX" 0.0192511466282401 9.02135634798363 0.0123088657126108 0.911741108516783 0.963293507175313
"yigZ" -0.0125701232328399 5.91550521370835 0.0117214394528737 0.913864430178129 0.963293507175313
"yceD" 0.0243542442184842 10.5045566120251 0.0116739090687509 0.91403856488758 0.963293507175313
"rimJ" 0.112322193480854 6.45740284368115 0.683813635939969 0.914519152381627 0.963293507175313
"fimA" 0.0201295900556881 9.02204318679379 0.0103394160896496 0.919084571262309 0.964577705248116
"gstB" 0.0180398085955779 7.65361502690957 0.0103025332486518 0.919226854730121 0.964577705248116
"uhpB" -0.0193748885879521 4.61466449975243 0.00859287707588095 0.926211560850555 0.969767734085949
"pyrI" -0.029213984565931 9.29231559582606 0.00814493430009534 0.928155203044318 0.969767734085949
"ybjG" -0.253971275725691 5.4848362446841 2.69309716684112 0.930767110658355 0.969767734085949
"poxB" -0.0224973260188505 10.1069810825214 0.00716299585451943 0.932613928299602 0.969767734085949
"serA" -0.0213501987637471 10.7725606320013 0.00709344211011062 0.932941111272558 0.969767734085949
"fes" -0.0190476385836727 8.30128590686586 0.00657913615245573 0.935412332183365 0.970512232077675
"metI" 0.0161352882878097 5.91882348488264 0.0052879475742935 0.942083479579086 0.975603303758866
"hslO" 0.0120890915558363 8.92963395540364 0.00491993401605261 0.944131726929437 0.975896906527063
"zipA" 0.00986199674279585 8.43333407076126 0.00449402227432016 0.946600875102564 0.976623664051712
"glnH" 0.00913281690029981 8.61973787038108 0.00295453179939317 0.956691549383926 0.985196325529443
"agaI" -0.108168185352016 1.45300176286875 0.0999159013458955 0.961846682157519 0.988663968834773
"ompX" 0.0109554804747241 12.6155219276533 0.00139870415937272 0.970193962824551 0.994657402728068
"ddpC" 0.0156770205035236 2.85297007902611 0.00348975418021572 0.973151969661946 0.994657402728068
"nuoB" -0.0051470470105064 7.90880054017566 0.000830105210169522 0.977035913381245 0.994657402728068
"ygiC" -0.00303921770959754 8.21854427928195 0.000581445522052483 0.980779920299091 0.994657402728068
"osmE" 0.0066616030066281 9.99690393256158 0.00056177612344768 0.981107747716567 0.994657402728068
"rpmE" 0.00705866319180157 8.82901216847998 0.000443296742308842 0.983217449044936 0.994657402728068
"trpS" 0.00560675794442675 8.26493518240732 0.00114433406005349 0.9837069169435 0.994657402728068
"cyoA" -0.00437521230466664 9.98164686797297 0.000340340939917462 0.985294652877099 0.994657402728068
"yhcO" -0.00474144439813001 6.24180600797443 0.000334372479633753 0.98542415034282 0.994657402728068
"ykgM" -0.00748080077816044 8.98840543579994 0.000235301303233968 0.987772742258078 0.994657402728068
"ybaY" -0.00267834231112999 9.76050893015507 0.000129926874521902 0.990913785924366 0.994657402728068
"cycA" 0.00230994487718227 8.37067216311992 0.000109958274024044 0.991641104865204 0.994657402728068
"sbmC" 0.00181397386919449 7.33249065191318 0.0000993903326585052 0.992052916803722 0.994657402728068
"fkpA" 0.00131056992722288 8.88606360159271 0.0000802555095733529 0.992858745580278 0.994657402728068
"aspC" 0.000139957233514397 9.49158289912724 0.000000379774331778412 0.999508746469663 0.999508746469663
