"logFC" "logCPM" "F" "PValue" "FDR"
"putA" -4.32569035474478 9.37704562883743 239.870925858915 0.00000000000000000000000000000000000000287424054061493 0.00000000000000000000000000000000000229939243249194
"murD" -1.42421941615139 7.75072963627758 96.5474227035878 0.000000000000000000104148881609761 0.0000000000000000288472807671212
"gatD" -3.37902391628779 8.06538144771144 96.4457426575004 0.000000000000000000108177302876705 0.0000000000000000288472807671212
"cpxP" -1.80134048884601 10.0390902967434 80.037806419367 0.0000000000000000572176655129148 0.000000000000011443533102583
"glpK" -3.47674026210617 9.10081963609495 70.2409261680244 0.00000000000000280348468564854 0.000000000000448557549703766
"murE" -1.29389589960458 8.10905752283067 69.7242033278033 0.00000000000000345348835380134 0.000000000000460465113840179
"glpF" -3.46907745835731 8.39993508830498 65.9512393255048 0.0000000000000159936245214442 0.00000000000182784280245077
"rplC" -2.75626617336812 11.6765961756822 62.6704756036363 0.0000000000000615570953962604 0.00000000000593663841531451
"grcA" -1.70717590754243 8.63109967193503 62.4730748364881 0.0000000000000667871821722883 0.00000000000593663841531451
"yniB" 1.34154348448385 7.24240014937269 61.939433197007 0.0000000000000832807462181685 0.00000000000666245969745348
"eutB" -1.43079127517052 7.99659699593457 56.0414535231038 0.000000000000979687578194803 0.0000000000712500056868948
"ftnB" -1.431829810854 5.88133480558288 55.3993880936006 0.00000000000128496141642522 0.0000000000856640944283479
"ivy" -1.52279584473459 7.78466715921686 52.6531967497369 0.0000000000041268546781777 0.0000000002498602262613
"uxuB" -1.29659364018952 6.90113222459713 52.8006781091648 0.00000000000437255395957275 0.0000000002498602262613
"rplK" -1.89460539999248 10.4448303659174 51.2248612484177 0.00000000000760407409832585 0.000000000405550618577378
"mdaB" -1.16878384999157 6.25083730558393 49.836897039317 0.0000000000138108195971115 0.000000000690540979855573
"rplN" -1.8624102668438 11.0843190683291 49.4886294568227 0.0000000000160489354733378 0.000000000755244022274721
"rplD" -2.53621364716113 11.1578287157285 48.6860791547523 0.000000000022701572694012 0.00000000100895878640053
"metH" -1.17042018559551 8.42312504047153 48.392549885542 0.0000000000257778120841913 0.00000000108538156143963
"yeeO" 1.13793796614615 6.18704458963125 46.9496984607665 0.0000000000482349353884253 0.00000000192939741553701
"rpsP" -1.71361029267825 9.37014050444425 46.6539300978676 0.0000000000548672726564745 0.00000000209018181548474
"sucB" -1.57175651005148 9.96690366020936 46.0172528805893 0.0000000000724361369267702 0.00000000263404134279165
"bax" -1.21309742496926 7.93617675159081 45.3594489798033 0.0000000000965801287931478 0.00000000335930882758775
"rpsF" -1.84248847559981 10.8012285244778 44.8390340728155 0.000000000121320786901319 0.00000000404402623004397
"lsrG" 1.72785641409927 6.67139827524927 44.4365119791067 0.000000000144767753232315 0.00000000463256810343408
"purA" -1.63831401155729 11.0422662571222 42.6374028962021 0.000000000319905629270771 0.00000000984325013140835
"moeA" -1.00236077378807 7.39528986653741 41.8632615440534 0.00000000045070200674687 0.0000000129153114829855
"ykfB" 0.927500136055074 7.13089877481333 41.8565969789769 0.000000000452035901904493 0.0000000129153114829855
"ispG" 0.809398392596815 8.93301931668104 41.533098232431 0.000000000521805977328792 0.0000000143946476504494
"rfbA" -1.5899361410088 7.31952439977068 40.0597031109265 0.0000000010054728594703 0.0000000262821053778452
"sucD" -1.36482556280224 9.38946917924679 40.0310175964378 0.0000000010184315833915 0.0000000262821053778452
"rplR" -1.63344597625532 10.3534040657664 39.2240836833323 0.00000000146091466998206 0.0000000365228667495516
"mdh" -1.19308410846653 9.95186839827649 38.9142137507049 0.00000000167850711445717 0.0000000406910815625981
"gatB" -2.14175112127366 6.8929276523373 38.725946133226 0.00000000182638868627103 0.0000000429738514416713
"topB" -1.13982844961097 7.67089668707851 38.6071532411803 0.00000000192639216727732 0.0000000440318209663387
"yneE" 1.14247970204839 5.28768766222315 37.2023425784739 0.00000000362514576014424 0.0000000805587946698719
"rimM" -1.56438445531798 10.8675135898903 37.0576201414294 0.00000000386987402666999 0.0000000836729519279998
"cyoC" -1.69201996034997 8.7512350318664 35.970192372986 0.00000000632974314875814 0.000000133257750500171
"rplX" -1.6339012231426 10.7987344565329 35.6640647122186 0.00000000727288336371558 0.000000149187351050576
"mtn" -1.02806763817438 7.93163709343004 34.8779700677336 0.0000000103976438332141 0.000000207952876664282
"marC" 0.998465912389583 6.57046854135287 34.3680319650175 0.0000000131186768183924 0.000000255974181822292
"yqiA" -0.872415664697557 6.4842787890128 34.1504354051115 0.0000000144887614557041 0.000000275976408680078
"ppsA" -1.16882465299035 9.03549095376762 33.7426735591717 0.0000000174572751606623 0.000000324786514616972
"lysS" -1.31344142051485 9.74343014129865 33.625667758768 0.0000000184173818947319 0.000000334861488995126
"rplV" -1.92260385498137 10.4434301537316 33.5442021846552 0.0000000191171539508887 0.000000339860514682466
"yihI" 0.870312171361009 7.85183272806729 33.0048116635358 0.0000000244787184922589 0.000000409509724081141
"mioC" -1.34659106780576 7.32202722375109 32.9995392572685 0.0000000245380081982901 0.000000409509724081141
"tmcA" 0.735730513806283 7.10006760712926 32.9966479333078 0.0000000245705834448685 0.000000409509724081141
"ybiT" -0.987437695723515 8.08467315612733 32.8847788164711 0.0000000258650388634674 0.000000422286348791305
"yghB" 0.835294375524699 6.71616800442623 32.6468309430812 0.000000028851907255314 0.000000459627576481077
"acnB" -1.47375604640973 11.1098625996567 32.6132002535461 0.0000000293012580006687 0.000000459627576481077
"uidA" -1.09443923729214 5.84171921491128 32.388646343159 0.0000000324881197947476 0.000000499817227611501
"dfp" -0.997970647258117 6.96866273780931 32.2784015605548 0.0000000341785047490825 0.000000515901958476717
"aspC" -1.4651430143249 9.49259974719351 32.0334441818103 0.0000000382591021226317 0.000000566801512927877
"rplF" -1.53406019846057 11.2319223863489 31.9092469379673 0.0000000405124174030319 0.000000589271525862283
"ybeY" 0.883984026226311 8.64631055099492 31.5961898824237 0.0000000468049003138501 0.000000668641433055002
"yejK" -1.08979512422056 7.09372068382294 31.4007376961764 0.0000000512248067088377 0.000000718944655562634
"dtpB" 0.868446731011336 7.14627224558802 31.307057028231 0.000000053490295679819 0.000000737797181790606
"galU" 0.86877341991212 8.55621534491342 31.1982319724028 0.0000000562493128820879 0.000000762702547553734
"ybfA" -1.49512107277075 6.46653876573796 30.9852211823269 0.0000000620725013926776 0.000000827633351902368
"lsrF" 1.62045804300771 7.76700049323131 30.7981188011044 0.0000000676876127033578 0.000000887706396109611
"erpA" -0.892110530163079 8.23330171660396 30.7295810378524 0.0000000698704511867969 0.000000901554208861896
"rplE" -1.6201353616744 11.6008124181121 30.6719875411319 0.0000000717595741395611 0.00000091123268748649
"iscS" -1.15957859625539 9.8061356576151 30.233473044852 0.0000000879406794818927 0.00000109925849352366
"obgE" 1.01017774609516 8.79961551413497 30.1909402668862 0.0000000896941188272475 0.00000110392761633535
"rpsN" -1.52520995444542 10.9409650799934 30.0863391522154 0.0000000941579530963727 0.00000114130852238027
"lsrB" 1.59345473282448 7.89741051943576 30.0395573273936 0.0000000962262801413997 0.00000114897050915104
"def" 0.863872614414542 8.54949142815303 29.6176550272133 0.000000117080229372118 0.00000137741446320139
"dctA" -1.57584822266828 9.23978186035153 29.4793884757747 0.000000124863520068517 0.00000144769298630164
"ypfJ" 0.732315565885082 8.13749185821554 29.3475594354016 0.000000132770509694484 0.00000151737725365124
"apaG" 0.659770769402443 6.84624214414847 29.2092636901949 0.000000141609371390758 0.00000159559855088178
"yihD" -1.84542097422394 5.15113863278697 28.7967935512618 0.000000171661635438736 0.00000190735150487484
"aceB" -1.41086548893954 10.5839816432022 28.7154523028839 0.000000178309116434837 0.00000192968652980593
"sdhC" -1.67378442319551 7.80391253395906 28.7132099511953 0.000000178496004007048 0.00000192968652980593
"rpmA" -1.26561144398091 9.51779608650304 28.4790096148842 0.000000199145182612375 0.00000212421528119867
"aceA" -1.45861767670741 10.4658555866451 27.8636328183351 0.000000265656407557239 0.00000279638323744462
"grxB" 1.21648150074981 9.23566286066145 27.5796831802863 0.00000030351652190928 0.00000315341840944707
"rpsR" -1.36647241422298 9.40158974258629 27.2582566558123 0.000000352995707502212 0.00000362046879489448
"rplA" -1.5093252360527 11.4973318667362 27.090668529557 0.000000381947040301628 0.00000381079593691701
"pheA" -0.871163320413035 7.75297656179457 27.0838582372091 0.00000038317295778675 0.00000381079593691701
"metG" -1.27998823012685 8.97157366615276 27.0458171566542 0.00000039009414813586 0.00000381079593691701
"csdE" 0.695729280558929 5.48061429673838 27.043027795261 0.000000390606583533994 0.00000381079593691701
"mreB" -1.06903495611038 8.98516956553005 26.7632203266404 0.000000445621738136139 0.00000429514928323989
"trkA" 0.636366607107108 7.38106182411415 26.6281936027799 0.000000474906562992396 0.00000452291964754663
"dgcZ" -1.23760583113187 5.38442393115551 25.983999206919 0.000000643750086594426 0.00000605882434441813
"allR" 1.14403430209921 9.2982817389126 25.7522778423451 0.000000718345325561055 0.00000655692998669263
"sapB" 0.697146613463905 5.92320695339588 25.7369505994372 0.000000723576791094442 0.00000655692998669263
"aceK" -1.03049354004777 7.95820579443758 25.7230632905037 0.000000728349994804433 0.00000655692998669263
"mcbA" 1.17998712546255 8.09156340061443 25.7198514334184 0.000000729458461019555 0.00000655692998669263
"xylA" 0.838742461730619 7.21460255165474 25.5238130416242 0.000000800442126175832 0.00000711504112156295
"yhbE" 0.890415093756006 7.45647516715438 25.4854734166151 0.000000815119940263463 0.00000716588958473374
"glmS" 0.918611592645704 9.57102060452453 25.4102223830663 0.000000844723915717062 0.00000734542535406141
"gcd" 1.11107119807402 9.89060268045443 25.3627599064104 0.000000863951822881254 0.0000074318436376882
"rplB" -1.57910365999556 11.7408603037515 25.2191315217314 0.000000924873794394172 0.00000787126633526955
"ybeX" 0.960006273838219 9.69649463615788 25.1241633266312 0.000000967521142758491 0.00000814754646533466
"rpmB" -1.28227292526938 10.498711612029 24.8482753014849 0.00000110302439030355 0.00000919186991919625
"yohJ" 1.07577057820467 3.62720828098086 24.7415090704703 0.00000116047101549451 0.00000957089497315059
"uxaC" -0.983697519877913 8.64508284995057 24.643321278321 0.00000121596673665017 0.00000992625907469523
"accC" -1.20551912679898 9.67566396770569 24.5162161848934 0.0000012918079533089 0.0000104388521479507
"ypfH" 0.753156831274873 6.82001295621229 24.3917556051551 0.00000137070152482048 0.0000109656121985638
"yidC" -1.27015069504601 9.31873351991738 23.8157821519546 0.00000180419738356803 0.0000142906723450933
"ydiK" 0.660650578639982 7.29386148675373 23.3894266115416 0.00000221227224548035 0.0000172747210020241
"yfeX" -0.737781535758703 7.33548146226216 23.3782700118327 0.0000022241203290106 0.0000172747210020241
"glyQ" -0.872590331540753 8.86752550024015 23.3370763435685 0.00000226842523484362 0.0000174494248834125
"zntR" 0.666634095839801 7.36844792156305 23.2591812600353 0.00000235465571236712 0.0000179402339989875
"ppiD" -0.873223371115277 8.66879066842191 23.1575678398258 0.00000247214148542196 0.0000186576715880902
"yejG" 1.18286733666822 7.2333543983146 23.1319758139994 0.00000250265352104175 0.0000187114281947047
"lsrK" 1.14902552670682 7.87442496715426 22.9542456242566 0.00000272531541796895 0.0000201875216145848
"gdhA" -1.5582940230179 8.80991945477545 22.8283854343116 0.0000028950061417166 0.0000212477514988375
"icd" -1.47310676624284 11.627271017026 22.784851432131 0.00000295615351785528 0.0000214992983116748
"ygfB" -0.739043436119981 7.60417761006976 22.7448625215217 0.00000301347092093242 0.0000217187093400535
"tldD" 0.662220435507265 8.86005838626058 22.6056224095289 0.0000032219564226375 0.0000229172278238268
"aas" 0.590436392552361 7.16235572080097 22.5958926849889 0.00000323705843011554 0.0000229172278238268
"yshB" -0.997825635122006 6.24486007238347 22.5287234202652 0.0000033432851077305 0.0000234616498788105
"lpoB" 0.788920144799831 7.87609377424517 22.2736439794443 0.00000377980351881583 0.0000262089059847466
"uxaA" -0.827115279093557 8.02628411018412 22.256295379472 0.00000381150500703413 0.0000262089059847466
"nhaA" 0.892134420648134 9.26066061083285 22.237722812667 0.0000038457409356369 0.0000262089059847466
"nupG" -0.726010403895406 6.27912294502131 22.2221710490919 0.00000387464737974069 0.0000262089059847466
"hflK" 0.893480965070424 9.89923917819767 22.2093864670822 0.00000389857476523106 0.0000262089059847466
"atpB" -1.20614131440075 9.35787847965995 22.159476283226 0.00000399342384413326 0.0000265673804226481
"yccU" 0.880580629278952 7.93049029312208 22.1340477780429 0.00000404264134083375 0.0000265673804226481
"rpoS" -1.24245969381177 12.4368939704522 22.1294910678908 0.00000405152551445384 0.0000265673804226481
"iscU" -0.795942672219119 8.31739547862836 21.9922170980316 0.00000432862228415078 0.0000281536408725254
"sdhD" -1.46373785542305 6.18566027528254 21.9404793792017 0.00000443796093943494 0.0000286320060608706
"secE" 0.700875487028826 8.5699214382765 21.8944083651714 0.00000453767165294423 0.0000290410985788431
"dppA" -1.29636501182407 10.4928001357158 21.7229479288922 0.00000492907570801156 0.0000312957187810258
"ydhQ" 0.710290794173837 8.84336369944674 21.6471619170253 0.00000511278805972033 0.0000322065389588682
"ompT" -1.49840191696923 10.0947414454895 21.5462403519594 0.00000536822400915753 0.0000335271784392053
"rluF" -1.04909365628752 5.98416087705168 22.1995665597752 0.00000540625752332186 0.0000335271784392053
"dusB" -1.3584602505169 9.02967273282778 21.3482391490477 0.00000590748148992776 0.0000363537322457093
"rplY" -1.63251442925015 8.92853910133499 20.9699639182651 0.00000709484709763779 0.0000433273105199254
"csrA" 1.03761753140993 9.91852836978071 20.8638810213119 0.00000746926075549316 0.0000452682470029888
"pfo" 0.923521550519421 9.53054011434232 20.6924330868109 0.00000811709328085864 0.0000488246212382475
"rsgA" -0.701534130897144 7.95655351851125 20.5621303478553 0.00000864721807013736 0.0000516251825082827
"fumA" -1.11076292346134 8.30208299586043 20.4609524794156 0.00000908289135987299 0.0000538245413918399
"phr" 0.789070771516973 7.22592473243919 20.2336629117666 0.0000101443113472063 0.0000596724196894489
"rpsC" -1.36494214563594 11.4806197787151 20.0375593080503 0.0000111604706345116 0.0000651706314424037
"speA" 0.915750995216309 10.2020963056626 19.7979750812445 0.0000125428151297233 0.0000727119717665117
"yoaC" 1.24170307720809 4.7437316108443 19.6360989896513 0.0000135736544116007 0.0000775884369690684
"ddlB" -0.670087068244521 7.62151718821777 19.635446789055 0.000013577976469587 0.0000775884369690684
"ymgE" 1.09024866711765 6.53464191722872 19.3366799747239 0.0000157117622815767 0.0000891447505337688
"ybdK" 1.01762123809627 8.38949060701285 19.2026002300902 0.0000167767205447346 0.0000945167354632934
"dsbD" -1.08175177207658 6.62855786528229 19.0070161048449 0.0000184625992985944 0.000103287268803325
"sspA" -0.686714106055988 9.13344106727107 18.9664173639077 0.0000188334911485817 0.000104630506381009
"ycfH" 0.833061248935265 8.92735233835973 18.9444353124514 0.0000190374453247975 0.000105034181102331
"pncB" -1.00761499096652 9.07791809014099 18.8602561822214 0.0000198393568412645 0.000108708804609669
"ycjG" 0.630808462346846 6.99157125840137 18.567325147723 0.0000229060280426858 0.000124658656014617
"wrbA" 1.11714011977198 9.87105139292711 18.465516174196 0.0000240807131085997 0.000130166016803242
"acnA" 1.03271408444286 10.4618094519533 18.3445660974205 0.0000255557709270434 0.000137212192896877
"serS" -0.908515042193961 10.1863202081647 18.2418850843086 0.0000268796051170653 0.000143357893957681
"msbA" -0.807160058245183 7.82215140264505 18.2087155593931 0.0000273219124041837 0.000144751853797
"bamC" -0.819212546921575 9.07687605164685 18.1443184372038 0.0000282017755000172 0.000148430397368511
"ybdR" -0.800350421995138 8.50434598467458 18.0879636508883 0.0000289952564636267 0.000151531794908506
"ycfJ" -0.826211075058813 7.68063266555598 18.0757717754643 0.0000291698705198875 0.000151531794908506
"atpH" -1.26415346745614 9.2254472539081 18.0214764513504 0.0000299605114762507 0.000154634897941939
"ubiC" -0.652817462514994 5.68992352807566 17.9448884440218 0.0000311127966417048 0.000159552803290794
"hspQ" 1.06042535617431 10.5761402309268 17.9151587422935 0.000031572080311551 0.000160876842351852
"can" -0.822493545492688 9.30091357922568 17.8287559797837 0.0000329462154014128 0.000166816280513482
"bioB" -0.758068547697311 8.16233412754843 17.7367124684093 0.0000344767418666676 0.000173413021707172
"yihW" -0.707588818807857 5.42233905904583 17.7246488215779 0.0000346826043414344 0.000173413021707172
"uspE" 1.00064366114301 9.77014201353674 17.6441906015475 0.0000360877903096495 0.000179318212718755
"nusG" 0.704978533324512 8.89406363855827 17.5573816088029 0.000037668616402586 0.000186017858778202
"iscA" -0.659488592348557 8.46487604789192 17.4325258381134 0.0000400660577834069 0.000196643228384819
"pgpA" 0.563629414133253 7.21397023897944 17.4072039804979 0.0000405708150648149 0.000197906414950317
"rraB" 0.697841548845884 8.70101593015472 17.3343463246657 0.0000420593355396818 0.000203924051101487
"cspD" 1.22683547184578 10.5849772676865 17.231637755858 0.0000442521471197054 0.000213263359613038
"mqsR" 1.00647837672011 8.34927858965836 17.0846548288338 0.0000475931955099514 0.000227991355736294
"yjgA" 0.666732379093123 7.84702443177654 17.0387841436086 0.000048687308186861 0.000231844324699338
"rplU" -1.03641684531765 10.2003903863579 16.864804765311 0.0000530737442500647 0.000251236659171904
"uxuR" 0.629264718756145 6.62517028422711 16.8698825325727 0.0000534265387137433 0.000251419005711733
"miaA" 0.971702594013441 11.0501541484528 16.6150588692292 0.0000600799820542874 0.000281075939435263
"manA" -0.708912026387292 7.36288197899164 16.5383466296047 0.000062414769842852 0.000290301255083032
"ybiB" 0.681323621917302 7.54893639438883 16.5223791188558 0.0000629121909217551 0.000290851562261387
"mlaA" 0.572304664281726 7.54899800787555 16.5112831840908 0.0000632602147918518 0.000290851562261387
"yodD" 1.11677283576251 9.18970043474205 16.2861692664056 0.0000707577572517303 0.000323464033150767
"nlpD" -1.02918736495068 11.6373376538893 16.2567445725604 0.0000718021431243321 0.000326373377837873
"lldR" -0.815142907719599 5.42919025739936 16.1513380403616 0.0000756732439120014 0.000342025961184187
"ybhL" 0.764059417261773 8.66267595431583 16.0727460854104 0.0000786966006490339 0.000353692587186669
"rbsK" -0.727299564273854 6.25207120750165 15.8456450210066 0.0000881389092387739 0.000393916912798989
"ppc" -1.01494207468055 10.4854351023421 15.7924267887933 0.0000905128747461045 0.00040227944331602
"ftsA" -0.563237768873662 8.54625909642903 15.7620824485871 0.0000918953747617343 0.000406167402261809
"hflC" 0.667686264243578 9.03090208609911 15.6258367064241 0.0000983713895851705 0.000432401712462288
"crr" 0.971478410681873 10.7049628403636 15.5481742541666 0.000102267844839412 0.000445765956630554
"yiiR" 0.886257647509969 4.16833099385686 15.5431319044069 0.000102526170025027 0.000445765956630554
"ihfA" 0.882629949414541 10.1632740637892 15.4726675784017 0.000106206103845588 0.000459269638251193
"insI1" 0.592951150935031 6.6059080148726 15.4554072832966 0.000107127738156113 0.000460084784877759
"yohF" 0.823152815706169 6.91797019616899 15.4476456347569 0.000107544818465176 0.000460084784877759
"cdd" 0.988704714851274 8.35984384336514 15.3933944160093 0.000110506383530578 0.000470239929917354
"rplM" -1.03816710158749 10.8621014104583 15.3727974254124 0.00011165229834453 0.000472602321035049
"yiiM" 0.531992309985485 7.17938227809073 15.1010130593584 0.000127951458239071 0.000538742982059246
"yecA" -0.708577624432785 8.00128008438148 15.0872617780445 0.000128837507326983 0.000539549751272215
"minC" -0.593899671655818 7.59859735788874 15.0771665348862 0.000129491940305332 0.000539549751272215
"fadR" -0.667444002391919 6.2308734311438 15.0222090749081 0.000133114171234134 0.000551768585426463
"tsx" -1.00204157455338 8.4696191245114 15.0093655586575 0.000133975388204774 0.000552475827648553
"mqsA" 0.906970576928158 8.39037434348992 14.9904207456502 0.000135256047192229 0.000554896603865557
"pepT" 0.669138800680862 8.11446027094793 14.7963819363727 0.000149109625686849 0.000608610717089178
"yibT" 0.878092248061915 8.22444671041565 14.7630395708031 0.000151631139659209 0.000615760973235366
"ydaN" 0.579163143180786 7.12390396061383 14.6108414308771 0.000163701804417546 0.000661421431990083
"yedP" 0.856466990161321 8.57628802841453 14.4901239624287 0.000173965588646055 0.000699359150335901
"glpX" -0.850084966873165 6.17688208829318 14.3724858908464 0.000184595594249183 0.000738382376996732
"recR" 0.59423567142669 7.67430427341206 14.1563879301848 0.000205870778784279 0.000819386184216037
"yjjG" 0.500683976829048 6.63911457174574 14.126237878298 0.000209030731362034 0.00082784448064172
"yohC" 1.06789553614477 9.80955712238621 14.06040275476 0.000216102867947013 0.000851636918017785
"fabB" -0.796498735928676 10.2919799839624 13.8362566875325 0.000242053578308088 0.000942733241810872
"uspA" -0.911190126590889 10.3204676237795 13.8360878897557 0.000242074268081039 0.000942733241810872
"fabR" -0.552634561298374 6.98676353101492 13.8305519610099 0.0002427538097663 0.000942733241810872
"srkA" -0.688770897530458 7.31476865056124 13.716586257481 0.000257181562588238 0.00099393840613812
"sodC" 0.939082081140756 8.64898188492842 13.6225596147786 0.000269738463740545 0.00103745562977133
"lacY" -1.00946275663293 7.34054516093163 13.5957807238166 0.000273427259705769 0.00104255736453321
"yjdN" 0.818381827282237 8.40424457659214 13.5940220007765 0.000273671308189967 0.00104255736453321
"dapE" 0.478797182334251 6.96446861016375 13.4600211020396 0.000292931263597675 0.00110280339192968
"melA" 0.648124837927276 6.32393388127269 13.4565022934676 0.000293455156715271 0.00110280339192968
"yncE" -1.24039479361951 10.03673359058 13.4553870067015 0.000293621403101277 0.00110280339192968
"yicH" 0.479851233854035 7.18682358610196 13.4022714521718 0.000301650592036951 0.00112766576462412
"wecA" -0.708676781593807 6.96413004778181 13.3924626146054 0.000303157544651224 0.00112802807312083
"ytjA" 0.942768485444091 8.670115346859 13.3337593028241 0.000312337367463479 0.00115680506467955
"oxyR" -0.766703003090131 7.24250143247749 13.2342533274228 0.000328547270325033 0.00121123417631348
"ispA" -0.679493443428954 7.40666324980464 13.1696113889933 0.0003395328721443 0.00124093112258462
"atpF" -1.08905908882962 9.69517372014888 13.1686161372449 0.000339704894807539 0.00124093112258462
"seqA" -0.449663959747997 7.50584923536248 13.1279224426864 0.000346814837648064 0.00126114486417478
"bamB" 0.616478581436137 9.33841876578041 13.0844927106787 0.000354569623876312 0.00128331388725117
"gmk" 0.475145229813103 8.05245880062458 13.0759279677495 0.000356119603712201 0.00128331388725117
"gatA" -1.17586094615724 8.54414288079745 13.0434523962161 0.00036205954731292 0.00129886833116743
"yhjG" 0.766272351651361 8.47806280445092 12.9958990562345 0.000370939332156878 0.00132478332913171
"rplI" -0.896658835990896 10.2660139695292 12.921002391061 0.000385375832544819 0.00136525421363275
"ygdI" -0.923563323397795 8.63410387745766 12.9194332508069 0.000385684315351253 0.00136525421363275
"yraJ" 0.610552120697404 5.86784215079101 12.8724362560756 0.000395040790060289 0.00138760513211637
"atpE" -0.982860389913817 9.11801528393252 12.8703201439416 0.000395467462653165 0.00138760513211637
"ydgA" 0.708207767467427 9.97776808684831 12.8610212298984 0.00039734796108327 0.00138811514788915
"prmB" -0.959732630037688 7.23957021218109 12.7393089865962 0.000422815811947237 0.00147066369372952
"ydcH" -0.810640846104599 6.46206077344738 12.6803136481772 0.000435750963773652 0.00150909424683516
"gabT" 1.14652256049861 9.9158009934492 12.5778962754799 0.000459169266261507 0.00158334229745347
"dld" -0.716668286536817 8.62867727436499 12.5169841094887 0.000473699587342071 0.00162643635138909
"modA" -0.950578502992442 5.96233903241107 13.7230698894699 0.000507008459295519 0.00173336225400177
"cydB" -0.606322260380525 9.12078396805262 12.2609504535864 0.000540068928945469 0.00183853252406968
"ydcI" -0.742372422627581 6.61427543607388 12.1213213076831 0.000580171524814524 0.00196668313496449
"ftsZ" -0.702494864770508 9.86276788526632 12.0775840107627 0.000593345920692458 0.00199503961634878
"nrdE" -1.01429399245013 9.70636513591282 12.0769986581721 0.000593524285863761 0.00199503961634878
"csiR" 0.707427021683853 6.89081563713269 12.0612304250385 0.000598349654666859 0.00200284403235769
"yajO" 0.764199293555174 9.38051586653396 12.0346755792817 0.000606566245869502 0.00202188748623167
"glyA" -1.05590896579834 11.0269150787956 11.9481136802821 0.000634155354006979 0.00210508001330118
"fxsA" 0.647639856068296 7.00430046121211 11.8545219959547 0.00066542342302527 0.0021997468529761
"ybbN" 0.601682844720873 9.76710918110239 11.8037185005447 0.000683048360832921 0.00224871888340056
"ribF" -0.467568192838423 8.33147896899185 11.7733001431021 0.000693827704724693 0.00227484493352358
"atpA" -0.976318313184944 11.2695685799805 11.7437885261566 0.000704451087161957 0.00230024844787578
"yciS" 0.508366747211938 6.94941284171382 11.6490869915341 0.0007396716579845 0.00240543628612845
"rpoD" 0.775707803257691 10.9010935354697 11.5924276865082 0.000761595165049402 0.00246670498801426
"mukB" -0.610927405851263 9.20864202463332 11.5608224978196 0.000774110393748475 0.00249713030241444
"hrpA" 0.430776563066933 8.29906815275131 11.3439370158442 0.000865832022919387 0.00277596587476057
"glpD" -1.30215999755267 9.69989977167938 11.3402368055198 0.000867489335862677 0.00277596587476057
"rplO" -0.948944526877499 11.2732135921922 11.0674028945675 0.000999030372269427 0.0031841605490659
"yhhA" 0.820491604977762 8.39338092696324 11.0316062230751 0.0010177353996244 0.00323090603055366
"focA" 0.592123486941752 9.08731673318267 11.0208092157985 0.00102344691875834 0.00323619579054021
"yahO" 0.835897648158222 8.41764125726547 10.9092039130368 0.00108443255732626 0.00341356479877674
"helD" 0.395018869436817 7.42161891341384 10.9027440158603 0.00108807377961009 0.00341356479877674
"ytfK" 1.08085546814314 9.14753869822813 10.7822632256666 0.00115831386378029 0.00361973082431342
"maeA" -0.521990271400944 8.473905248758 10.770303764214 0.00116553354087899 0.00362811997160775
"rpoE" 0.684686923966939 9.85368192007154 10.7590942952764 0.00117234207549608 0.00363516922634445
"ftsQ" -0.46008593669826 7.89354044586671 10.6662185627432 0.00123033575135897 0.00380026486906245
"ubiG" -0.682728417889212 6.64953681134254 10.6549298807005 0.0012375811037133 0.00380571058022912
"macB" 0.570001826901528 8.58555861552758 10.6486769543816 0.00124161307679975 0.00380571058022912
"csiE" 1.01073809816004 9.89043246281989 10.6306577476371 0.00125330712233713 0.00382689197660194
"pyrG" 0.710447791603825 10.5069552249304 10.6038975577279 0.00127088128833946 0.0038657985957094
"bcr" 0.504238687547783 6.50317810079389 10.5245100381516 0.00132450914570358 0.00401366407788963
"ygaM" 0.969523048806987 8.53786666206585 10.2036238483413 0.00156586489367128 0.00472713930164915
"avtA" -0.762469296859535 7.83350674115721 10.1709821760822 0.00159280563400915 0.00479039288423806
"ahpC" -0.766968770869878 11.1122207280381 10.1317090876476 0.00162584699446009 0.00487145166879429
"ycaC" 0.840188477706561 8.49376750927397 10.12342669985 0.00163290393794386 0.00487434011326527
"yeiI" -0.689077525169991 5.60172587891517 10.0432843949322 0.00170282346842067 0.00504883762680708
"ybeZ" 0.635029173020491 10.0915774755428 10.0419841395099 0.00170398269904739 0.00504883762680708
"hofB" -1.2118996306962 3.83789605633665 11.9704494645575 0.00177747091933099 0.00524714662533132
"ftsH" 0.799803393576994 11.6504816815735 9.94428981777412 0.00179342435530241 0.00527477751559532
"ydgJ" -0.553792777191906 7.51293758863191 9.89574117592906 0.00183963907524236 0.00539088373697395
"ldtE" 0.874214256173369 10.4345002175853 9.81161525862113 0.00192261801957628 0.00561348326883584
"cdsA" 0.47962530067668 7.39601462506734 9.75119106035594 0.00198456710240277 0.00577328611608077
"pck" -0.812204221077778 8.77870891258661 9.70422148189264 0.0020341266973177 0.00589601941251506
"nagC" 0.36137690693685 7.48687836882228 9.689488725733 0.0020499307050153 0.0059203774874088
"mlaC" 0.420516698216867 8.11304381148142 9.67358031489038 0.00206713663787942 0.00594859464137963
"gpsA" 0.527227627401772 8.89831060681062 9.5659891642252 0.0021874396869074 0.00627222849292444
"gadC" -1.08186145881217 10.4861535027844 9.55409880044498 0.00220116636384832 0.00628904675385234
"pheT" 0.747429068029963 10.7980342013505 9.45617545494919 0.00231761140517784 0.00659818193644935
"osmY" 0.809912461360489 11.209714351847 9.44058280054919 0.00233672579979348 0.00662900936111626
"mdtK" 0.372781230855157 6.85537343022645 9.42377857456781 0.00235750573737389 0.00665565935119934
"lplT" 0.451590007311303 6.32113776801126 9.41664128587478 0.00236638865097327 0.00665565935119934
"yecE" 0.541939228231089 4.79912523449941 9.41288397641803 0.00237107864386476 0.00665565935119934
"mlrA" 0.619661381070361 7.14642733926014 9.4006000296379 0.00238647822049563 0.00667546355383393
"rob" 0.458825278454192 8.80185654106172 9.32684049005298 0.00248111889035515 0.00691601084419555
"fetB" 0.78499525200402 4.44823771710305 10.5318569528158 0.00253580080214908 0.00704389111708078
"oppA" -0.829558160236388 12.5844819472795 9.27355238696198 0.00255187131545134 0.0070640036413878
"gltA" -0.674647450690641 10.3502506751237 9.22376154169906 0.00261984318710847 0.00722715361960956
"bssR" 0.927554032031454 10.5508125656834 9.20815330951425 0.00264152942138883 0.00726193655364627
"yebC" -0.480993054156959 8.03234439208646 9.18695432673859 0.00267127762866639 0.00729940530706578
"mutS" -0.783590568263205 6.63942962829408 9.18544603470838 0.00267340719371284 0.00729940530706578
"hslJ" 0.447185639998856 6.66167335440362 8.99591196900538 0.00295531164176267 0.00801472041250375
"ybiC" -0.490855682795314 7.41904726339268 8.99583751834211 0.00295542815211076 0.00801472041250375
"speB" 0.447984761372589 8.18682254816014 8.86064820941882 0.00317493519827344 0.00858090594127955
"otsA" 0.621771432505555 9.73333118958192 8.67022875145381 0.0035127525661155 0.00946195977404847
"ycaP" 0.585375112706342 5.23706125027495 8.66163582459316 0.00352883710058645 0.00947338818949382
"yiaJ" -0.742263015512602 5.46930109307928 8.63591499727539 0.00357743418958332 0.00957173027313263
"tolC" -0.536958282254572 9.68240932513817 8.61624016406231 0.00361506995240318 0.00964018653974182
"yggN" 0.399756179861198 6.71116393949317 8.57088782715132 0.00370337554035948 0.00984285857902851
"metQ" -0.773040735124991 8.10481788667305 8.52797168475762 0.0037889712980959 0.0100284284917848
"lysU" -0.429029936254465 7.87203506013255 8.52337071980705 0.00379826729126349 0.0100284284917848
"plsB" -0.517870013281794 8.69575816268401 8.3797384316439 0.00410052386135802 0.0107824756259779
"sufD" 0.697262286827728 9.01983026617366 8.37284984310036 0.00411562446827467 0.0107824756259779
"pepP" -0.519512041591308 8.88851351623089 8.36489160350912 0.00413314081597604 0.0107824756259779
"lsrA" 0.979273779196612 8.69112660570835 8.36279191397716 0.00413777502146901 0.0107824756259779
"hdeB" -0.899389280676214 9.42963602550432 8.28541057796026 0.00431232849546919 0.0112008532349849
"pfkA" 0.572683401497106 9.97809415607765 8.25448318303763 0.00438418722804549 0.0113506465451016
"yjdC" 0.462504569727182 8.22635183512803 8.23873091345097 0.00442125757038111 0.0114096969558222
"yibI" 0.569999726930996 5.4967635076917 8.19688317670163 0.00452130747618035 0.0116303729290813
"amyA" 0.635088847061243 8.88212628528203 8.15663638481579 0.00461971945320069 0.0118454344953864
"yrbL" 0.573189954811517 10.5655131770294 7.99525644992785 0.00503691009026445 0.0128738916045098
"rseA" 0.588479791138417 10.2897824259398 7.98085958919222 0.00507595739309615 0.0129323755238119
"gadW" 0.656615547793828 7.66163650735835 7.9535303773104 0.00515093631976411 0.0130817430343215
"rspB" -0.919360231947648 9.52470541965731 7.94834783876827 0.00516925901135074 0.0130867316743057
"aldA" -0.809499913700612 8.99321425757515 7.85554909297586 0.00542922123669207 0.0137015046982765
"gadB" -0.986491684751253 11.1345706863871 7.80487797457673 0.00557914280701953 0.0140355793887284
"qorA" 0.639950439523976 8.6704959717913 7.77807594817691 0.005660154060801 0.0141947437261467
"rpoN" 0.439756887879922 9.31348240378725 7.75473636871323 0.0057316830908919 0.0143292077272298
"rpsM" -0.722156074147339 11.2306670919674 7.72085045475267 0.00583718913065249 0.0145475118520934
"ugpQ" 0.458590640863518 6.28742737672111 7.62045483729955 0.00616163925111868 0.0153084204996737
"ychH" 0.980952127515553 11.0166788155741 7.57966324053537 0.00629870548438075 0.015578025410684
"sufB" 0.67435203097163 9.58478439490571 7.57501595647327 0.00631451859759842 0.015578025410684
"exuT" -0.562010762018855 7.51811624364984 7.57089561249258 0.00632857282309036 0.015578025410684
"gshA" 0.448312314148899 9.22451665646984 7.52974161325987 0.0064707225206324 0.0158790736702636
"osmC" 0.806196476182233 10.337083381755 7.51916233375462 0.00650779163180318 0.0158874275195892
"phoU" -0.554192687681255 6.39565569201743 7.51733805601874 0.00651420580793959 0.0158874275195892
"pheS" -1.05951250032585 8.34539688549976 7.51180366050162 0.00653370456743108 0.0158874275195892
"ibaG" -0.811440023840897 6.14693539812563 7.47540231945986 0.00666345715325326 0.0161538355230382
"asd" -0.642456789511366 10.1140149110488 7.46855298922601 0.00668816610739988 0.0161647519212082
"trxB" -0.600114436927396 8.01699043517212 7.40682680822638 0.00691513714970717 0.0166629810836317
"atpC" -0.646304807292045 9.24050133171759 7.38255021983971 0.00700655969786627 0.0168325758507298
"rspA" -0.781648000831763 9.59327403734739 7.35844486900669 0.00709856739086698 0.0170025566248311
"deaD" -0.681779481019814 9.91699528334203 7.35040919822186 0.00712951409082254 0.0170257052915165
"yncG" 0.609239950355795 6.79397887364585 7.30697861864155 0.00729919037016195 0.0173790246908618
"eno" 0.745869631870988 12.1280242374744 7.29319269022385 0.0073539138068947 0.0174573621528658
"dkgA" 0.683392475608723 9.05318978153876 7.28018997226404 0.00740591501657242 0.0175287929386329
"asnS" -0.619619322624079 9.95516871731617 7.23385194070796 0.00759432903170079 0.0179217204287924
"gabD" 0.86032716930806 9.95891801618859 7.16842466236063 0.00786879648337302 0.0185148152549953
"fre" 0.309930343831109 7.68149911413872 7.0619549691985 0.0083374592297346 0.0195600216533363
"arcA" 0.612835057922989 10.0238689347518 7.0366053352075 0.00845322116087934 0.0197736167505949
"yjjY" 0.524927938206961 7.61624045103665 6.95828675631201 0.00882144138630639 0.0205747904053793
"wcaN" 0.39235012400694 8.98304910425867 6.94830452579194 0.00886954657507314 0.0205992460698475
"ycaL" 0.736339431965873 3.06888281168859 6.9454350289172 0.00888342486762172 0.0205992460698475
"pmbA" 0.36519011216099 8.65667074826571 6.87600713149666 0.0092261210085036 0.0213318161960906
"srmB" -0.372865315043856 7.39422559426789 6.87073882103806 0.00925267527505429 0.0213318161960906
"elaB" 0.804748606469582 10.2540440742261 6.86034411814802 0.00930529977975918 0.0213753966993508
"sspB" -0.411134729312129 7.80596544811199 6.85646508979586 0.00932501681009177 0.0213753966993508
"fruA" 0.774286272602741 10.7629452622558 6.79130188359207 0.00966275625550289 0.022086300012578
"ldtB" -0.467740356736776 8.02786662801378 6.77104386773367 0.00977030345486139 0.022268497902818
"glmU" 0.429755496287748 9.00050078422333 6.75388445165865 0.00986236594888647 0.0223657166697155
"ompX" 0.755327890149478 12.6165327745858 6.75267796381957 0.00986887248051196 0.0223657166697155
"ydjG" -1.11674875948941 2.55274124366054 7.83714175284665 0.00995111794407255 0.0224884021334973
"ptsI" 0.690367579534383 11.6552477194235 6.66266338550807 0.0103670235272762 0.0233623065403408
"lhgO" 0.836422721087393 9.4886385789874 6.62788958192587 0.0105663488082969 0.0237446040635885
"serA" -0.719547706093151 10.7736236178866 6.6085931755011 0.0106786590297932 0.0239297681339904
"lacZ" -1.09482487815288 10.933644042277 6.51226096677086 0.0112580569200413 0.0251576690950644
"slyD" 0.466002196449492 9.85033321775718 6.32713764586898 0.0124644444249578 0.0277664514456742
"cysA" -1.26328969734384 8.35488764853235 6.32270686946848 0.0124949031505534 0.0277664514456742
"yifL" -0.492210920028948 6.44190429749475 6.24672088616932 0.0130294072163677 0.0288740326124492
"nrdA" -0.573111509833926 8.66246596564092 6.22748581525336 0.0131684259440155 0.0291014937989293
"thyA" -0.452643639314654 7.20934834862509 6.21178177623762 0.0132830621177683 0.0292739660997648
"hisF" -0.583705101427468 7.03670587083965 6.20542618345832 0.0133297496522945 0.0292800883765863
"rbbA" -0.500195099792354 6.96105141926856 6.20145058025081 0.0133590403218175 0.0292800883765863
"frr" 0.443630397976372 9.89421584459219 6.19531989571662 0.0134043393805214 0.029299102471085
"uvrB" 0.415224278202972 9.26010414046028 6.18728279779607 0.0134639656441135 0.029349243910874
"prmA" 0.365961110475998 6.67180603528538 6.17598158609679 0.0135482726732083 0.0294527666808875
"queG" 0.350070771325009 7.07911493625579 6.13308242416385 0.0138733061787143 0.0300776285717383
"yeaH" 0.742100696800909 9.78276872789112 6.1198451195063 0.0139752225504377 0.0302166974063517
"csiD" 0.89146602613897 10.1833610954977 6.09889800717165 0.014138084782349 0.0304864361883536
"clpX" 0.568278631178263 11.1474029663981 6.04217628504176 0.0145890330878405 0.0313742647050334
"grpE" 0.564160777605309 10.2859697536888 6.02070690661591 0.0147635825932961 0.0316645203073375
"lpxB" -0.482069934963817 7.30841888060484 5.93571746169721 0.0154760792851285 0.0331039129093658
"yfcZ" 0.52892698845916 5.82763501081074 5.9172179995657 0.0156358357462581 0.0333564495920173
"dnaJ" 0.572880179256129 10.5230416104454 5.88414732091787 0.0159256999610838 0.033884468002306
"yeeZ" 0.30912399382496 8.36619992511818 5.87521598257665 0.0160049348209819 0.0339627264105717
"tig" -0.61749655354513 10.745816325681 5.8220337933319 0.0164852869338573 0.0348894961563117
"htpX" -0.463040088445937 10.6639681698511 5.81450161353692 0.0165545185555259 0.0349435747873897
"rpsK" -0.603967180898344 11.1991031599505 5.80665068091415 0.016627001152156 0.0349980022197619
"rsmB" 0.315744250412195 7.54182903285017 5.8021417730655 0.016668777791054 0.0349980022197619
"glgS" 0.666746412305819 5.94805145779947 5.79753797111028 0.0167115460599363 0.0349980022197619
"pssA" 0.352461679727941 8.6162702328481 5.78772195024697 0.0168031153395817 0.0350978910487346
"slyB" 0.480326074324919 9.90149055702097 5.71936607373476 0.0174553917339094 0.0363653994456446
"nlpI" -0.487505758734724 10.1482677236764 5.66206644300973 0.0180224074137466 0.0374491582623305
"nrdD" -0.439659992139441 9.33607478762526 5.63206563963773 0.0183268832343492 0.0379831776877704
"cysK" -0.939454549996264 11.6210030497935 5.62212226964524 0.0184289730715969 0.0380742412122344
"pykF" 0.562867028822146 10.890207622168 5.6185293737652 0.0184660069879337 0.0380742412122344
"rpsD" -0.609145703013601 11.8306224099374 5.60758724439921 0.0185792706248524 0.0382092969148636
"yidE" -0.378686061197974 6.4999139545722 5.5648426764855 0.0190286926355487 0.0390332156626641
"rho" -0.496096480151473 9.78708311022766 5.55476030362768 0.0191363381089105 0.0391536329594078
"eptA" 0.594058449467187 3.59928029832282 5.52684946000801 0.0194376465527163 0.0396686664341149
"yjiA" -0.544034452645158 5.67101770603838 5.52052012510024 0.0195395675829222 0.0396961495641971
"rplP" -0.656753224219203 10.7571637615571 5.51652463100314 0.0195503536603671 0.0396961495641971
"sgcC" 0.704270453870188 6.38546284659579 5.509641011051 0.0196258736078843 0.039748604775462
"acrF" 0.441144228723306 4.5189092131493 5.50331166327616 0.0196955804560083 0.0397890514262793
"yidB" 0.428092248677042 5.89076186782138 5.448808968215 0.0203065992786213 0.0409200993020077
"yggE" 0.3623175123949 8.50596468740459 5.43075318848076 0.0205133423783681 0.0412328490017448
"ycgB" 0.66363637125064 10.4084195425677 5.40593736526307 0.020801071268327 0.0417064085580491
"guaA" -0.679949796394034 9.73927583188441 5.31849631420277 0.0218488593214239 0.0436977186428478
"sodA" 0.526005438564671 11.1913534808417 5.28479270346882 0.0222672744381968 0.0444234901510161
"btuE" 0.404839019280699 7.76036876803342 5.24219624089607 0.022808071076536 0.045389196172211
"purT" -1.32617236209469 7.98460806115996 5.20710209336417 0.0232639047876246 0.0461460271025678
"trmI" 0.283837412062585 7.30882946491858 5.20406908943177 0.0233037436867967 0.0461460271025678
"cyaA" 0.498959952112382 10.1323354579034 5.17507894689164 0.0236881439003826 0.0467913953587804
"hdeA" -0.725663901225308 10.7060867923593 5.1561595297114 0.0239425726272443 0.0471774830093484
"adhP" 0.592599917181868 9.47507799338057 5.12233193657795 0.0244046213282435 0.0479379904507722
"acpP" 0.509506928131551 10.7068392890622 5.11809395518689 0.024463160351205 0.0479379904507722
"deoD" 0.511576123990566 9.82038614994089 5.11483342876368 0.0245082976179573 0.0479379904507722
"ycjX" 0.424554489012781 8.97830284048006 5.09169034475821 0.0248311899301057 0.0484511023026453
"aceF" -0.628551338019133 11.3190103461857 5.05976123882526 0.0252839758010633 0.0492145514375928
"oppB" -0.622212288070472 9.02496780164741 5.01565945224328 0.0259236158340336 0.0503371181243371
"rpoA" -0.655263571244283 12.6234290369291 4.99250456705704 0.0262661972344026 0.0508788324153078
"sfsA" 0.512748489723244 7.9743173337369 4.95622524050677 0.0268125076825523 0.0518116090484101
"malT" -0.515149053376005 8.52976317454041 4.8394570399399 0.028653013456005 0.0552347247344675
"yeaG" 0.750253398680589 11.9954998668369 4.78451395083107 0.0295643494827751 0.056854518236106
"cbpA" -0.437049248992689 8.68350668511854 4.76885864433073 0.0298295456789886 0.0572269461467407
"nuoH" -0.564977889249558 7.44586761472503 4.7527783388033 0.0301045386511063 0.0576163419159929
"yjjI" 0.342006952456587 6.10597288479275 4.67229902485309 0.0315213465840991 0.0601839552918359
"ydcV" 0.644763724286551 4.58787861074005 4.62119120439724 0.0324572653088042 0.0618233624929604
"ackA" 0.516763931843205 9.8799878130353 4.57109264929953 0.0334030628696855 0.0634737536716113
"yiaG" 0.62331717546001 9.31817549593771 4.48167745204258 0.0351638123769048 0.0666612556908148
"hslU" 0.501947495915348 10.9914012795599 4.4698302664072 0.0354043285698259 0.0669585410304037
"lepA" 0.340694694317168 8.91258596513303 4.46369230137979 0.0355296189815561 0.0670370169463322
"ygaU" 0.559969371740038 9.85725469739511 4.43753371878586 0.0360688335078983 0.0678942748383968
"mdtE" -0.632223469732344 6.82489268475074 4.35093833769079 0.0379161891667223 0.0712041111112156
"secB" 0.336637288660635 8.87614338069371 4.3459408514087 0.0380257997486932 0.0712427161568023
"deoA" 0.438210746449693 8.84702926019626 4.32703401270453 0.0384435185256615 0.0718570439731991
"dcrB" -0.312484053042307 7.1811071701883 4.31157251008824 0.0387887138278421 0.0723332658794259
"kgtP" 0.491014982238772 10.5950758984652 4.30636414647511 0.0389057312539947 0.0723827558213854
"mntH" 0.629265435652113 11.0096951726719 4.25906417767811 0.0399856388755416 0.0742192832956689
"rpsQ" -0.523010962897439 9.79269752203876 4.1523489923931 0.0425400210841187 0.078777816822442
"araB" -0.893509336672852 10.6496252077966 4.09696671190899 0.0439331580419157 0.0811698070058489
"wzxE" 0.289330275377195 6.20436760194372 4.07264861872368 0.044560058791605 0.0821383572195483
"hslV" 0.432233017194274 9.64070787475307 4.0304589586955 0.0456702564687566 0.0839912762643799
"tufB" -0.530247747525512 12.4545806552602 4.01079878980647 0.0461975793821407 0.0847662007011756
"ydcS" 0.620403689191503 8.07633194953603 4.00008216354869 0.0464877340550405 0.0851034033044221
"yehY" 0.396997517632696 5.55875768169181 3.97158519236305 0.0472687368200787 0.0863355923654406
"tas" 0.325278506731763 8.52817702330335 3.96531485243483 0.0474424458976118 0.0864554822735522
"potE" 0.396109831377188 3.88791890773168 3.95997953928432 0.0475907849848403 0.0865286999724368
"raiA" -0.615449384712702 10.3840558952751 3.94599871027552 0.0479818370813326 0.0870418813266805
"yjbJ" 0.722274926426694 9.907294423614 3.8773885110563 0.0499509815153692 0.0904090163174104
"lpxA" -0.290531931906496 8.64621288501665 3.85437769800265 0.0506304838594034 0.0914320250282679
"nuoF" -0.401227389091595 8.59189710513269 3.8225844650879 0.051585544832279 0.0925905462066025
"hchA" -0.458469721861012 8.32531432447964 3.82245009322867 0.0515896217597655 0.0925905462066025
"miaB" -0.348382642666916 8.15806160666254 3.82147458723897 0.0516192295101809 0.0925905462066025
"pyrH" -0.431822458708611 8.3984342994901 3.81502805404644 0.0518153444096762 0.092734397153783
"htpG" 0.543784651980016 11.6884288118731 3.75704335344537 0.0536154098452045 0.095741803295008
"menE" 0.346076015793324 6.09767810058365 3.71351702407875 0.0550580400349698 0.0980989577460486
"yqeF" -0.471220576191504 6.02545982938696 3.67527853500778 0.0562677868730391 0.100031621107625
"yfaY" 0.252387708521331 7.07694532947524 3.64884708459908 0.0571548618040641 0.101383346880823
"yfhM" 0.306820132248938 9.06322744809977 3.6296569373031 0.0578082596860463 0.102315503869109
"ybhF" 0.338765535200999 7.64403507844672 3.59074680058477 0.0591577197019315 0.104472794175597
"recQ" -0.52940975254208 6.51429607011375 3.56793078711526 0.0599646433819561 0.105664569836046
"cysS" -0.511697226119881 7.2025903729475 3.52099714907422 0.061661790681879 0.108416335264842
"cysM" -1.0411492973517 7.53483970869794 3.48522594238439 0.0629898194943612 0.110508455253265
"galT" -0.359947825198093 6.01317701478911 3.36490583082047 0.0676867073004852 0.118488765515073
"prs" -0.420227439705923 9.43208477874699 3.35852406780275 0.0679461162643027 0.118683172514066
"yobF" 0.592039879652706 8.61819582949065 3.34234686963315 0.0686084970393533 0.119326993864564
"fruK" 0.569098383619612 10.1507576163935 3.34223694877107 0.0686130214721241 0.119326993864564
"tktB" 0.568743024383218 11.3157294884796 3.33461207581405 0.0689276522541616 0.119556056160446
"rhlB" 0.275385529044479 9.24600458886451 3.33181105463514 0.0690436224326579 0.119556056160446
"mscS" 0.408854797927347 9.2825070094008 3.31509760066001 0.0697399858181663 0.120501055409359
"zapA" 0.393317899517475 9.46958679792734 3.29399052609513 0.0706302321838609 0.121776262385967
"yihQ" -0.939126832077298 2.41727132856228 3.58220996569217 0.0707863070147314 0.121782893788785
"crp" -0.293110508426253 9.20747772321705 3.26808563171423 0.0717396062172819 0.123158122261428
"hokD" 0.345507155713859 9.36606215747667 3.25963882550875 0.0721053882599241 0.12352100772578
"pnp" 0.416601539809296 10.972721947843 3.20618988716564 0.0744671015843013 0.127294190742395
"fepA" -0.698131814788632 10.562574618051 3.19474694673145 0.0749834963025772 0.127705728768359
"ompA" -0.581548138755981 14.5756392630393 3.19312177495988 0.0750571498507876 0.127705728768359
"yebV" 0.593715565527141 10.3105905878376 3.19026636322045 0.0751867478123716 0.127705728768359
"pstS" -0.40312394556344 7.33076053393452 3.18095451574398 0.0756110652126641 0.12802643991504
"clpB" 0.555242854761614 13.0733349471675 3.17910539317572 0.0756956325997672 0.12802643991504
"polB" 0.235311327572832 7.3164228520618 3.13281149388399 0.0778715528945064 0.131428781256551
"bluR" 0.22144128440282 7.38095835036274 3.10223173857886 0.0793035053435051 0.133563798473272
"speC" -0.473835621011226 6.40553825945668 3.08461158501165 0.0801564227950552 0.134716676966479
"adhE" 0.528984030388489 12.1630978074761 3.07212660997198 0.0807667838242323 0.135457918363492
"ptsG" 0.402334000739738 9.75589639708947 3.05053770701321 0.0818341400262611 0.136960903809642
"deoC" 0.384248631549341 8.42411318673547 3.03731778773845 0.0824952813873828 0.137779175594794
"ybeD" 0.38964961191718 8.97565245249858 3.02598065283452 0.0830668820282658 0.138444803380443
"lptD" 0.308193252098485 10.3283209392361 3.01001228404112 0.0838792898984421 0.139504157228974
"umpH" 0.271375548855585 6.81992449305923 3.00665375778645 0.0840512547304568 0.139504157228974
"acrB" -0.330837844891244 9.84707346290655 2.99580123465137 0.0846095549702041 0.14014004964009
"yehX" 0.360469220844386 5.414784627483 2.98744319670743 0.0850422757708 0.140565745075702
"yafD" 0.292310095051319 9.37138094153518 2.95391381541115 0.0868025458993656 0.143179457153593
"fsaA" 0.435434039227374 3.85744277755705 2.93722856945828 0.0876932534721711 0.144351034522092
"ydeI" 0.34996151440482 7.34334729617584 2.93179837568416 0.0879852761553154 0.144534334546719
"lpp" 0.681578699622811 11.8943521204178 2.91490359358778 0.0889006336558701 0.145738743698148
"dapB" 0.289396946714942 6.87990324638894 2.91147452090434 0.0890876845492484 0.145746723188955
"rplT" 0.385614740498188 10.6952373761753 2.90103113212573 0.0896600044433041 0.146383680723762
"potB" -0.695486226177954 6.27472154573543 2.88518180480381 0.0905362565788174 0.147403216883803
"pntB" 0.3232278536566 8.91083889034023 2.88129798453597 0.0907524014170951 0.147403216883803
"relE" 0.329848430299061 9.25858407472488 2.8773473350855 0.0909728433895041 0.147403216883803
"fruB" 0.621812487928818 10.7058132086921 2.87647698639415 0.0910214864257485 0.147403216883803
"ldtD" 0.340465859662411 9.45402544864031 2.87288328938821 0.0912226358930411 0.14743052265542
"deoB" 0.444465813915964 11.3925349865765 2.84720813242432 0.0926739491254605 0.149474111492678
"yihA" 0.25306401800333 6.75985547887262 2.84131703678125 0.0930104949676148 0.149715082442841
"clpP" 0.320568130450848 10.0881423066073 2.83520322312957 0.0933611772689052 0.149977794809486
"pepD" -0.322955544412074 9.92313707925052 2.79022975197457 0.0959856974140806 0.153884885633797
"thrS" -0.371367421052517 10.8242317621008 2.75639851904309 0.0980132267933125 0.1568211628693
"gapA" 0.484112095609737 13.2302831605121 2.7212249584773 0.100171117893651 0.159953880868106
"pitA" 0.267179424877855 8.55994343287332 2.69964473334066 0.101520847749144 0.161786211552421
"ibpA" -0.384783998101927 9.45672062115876 2.6660128723029 0.103664375054735 0.164873757542321
"yceD" -0.385111451428172 10.505748041651 2.65661492272832 0.104272220404369 0.165511460959315
"ybaE" -0.375583777693265 6.85905997842872 2.64926892194458 0.104750081675905 0.165940723446978
"dinJ" 0.262046778235514 7.25256228336232 2.64019557314246 0.105343640574946 0.166551210395172
"insL1" 0.265460398459336 8.57368991811522 2.62010426459775 0.10667120601376 0.168317484834336
"dnaG" 0.262934726286944 8.67689899491809 2.60974564378233 0.107362868108918 0.16907538284869
"agp" 0.464889451371363 8.61219042757115 2.5993926321789 0.108059103389186 0.169837490592041
"pspA" -0.443805675277077 11.2653026403638 2.58480566521459 0.10904854383151 0.171056539343544
"dnaK" 0.546102680916272 14.2030006412981 2.57545859739976 0.109687818203049 0.171252771225934
"ddlA" -0.21972316822323 7.6244196737682 2.57341964323389 0.109827817979296 0.171252771225934
"tisB" 0.347912747743313 5.98744906947586 2.57152881853776 0.109957823313256 0.171252771225934
"proQ" -0.276511314062456 8.70341162289462 2.57048150450989 0.110029905512663 0.171252771225934
"rmf" 0.696914344788405 10.0303788394643 2.51251747469439 0.114102030921287 0.177245873275785
"queC" -0.250428604693909 6.3073689915582 2.49104695131706 0.115652535364954 0.179306256379774
"gstA" 0.252190414223804 7.75509399167296 2.48227039630457 0.116293056438271 0.179950570890942
"pgk" 0.399780551978252 11.1127765673718 2.44866009434533 0.118782652014954 0.183448111220006
"roxA" 0.211067291094375 8.64918088120941 2.42413988635009 0.120636305182742 0.185849715357058
"opgD" -0.235964076338674 7.27887088274611 2.42196438517652 0.120802314982088 0.185849715357058
"ykgM" 0.79067011441736 8.98957592081849 2.37506057378198 0.124470095698114 0.190804616032443
"patA" 0.440199755417866 10.8520976220421 2.37144280180406 0.124730074607301 0.190804616032443
"paaJ" -0.270462983333307 5.6749940526988 2.37133612074106 0.12473851773121 0.190804616032443
"yceH" 0.240384072240419 6.69700779863422 2.35911677996394 0.125709836822653 0.191923414996416
"gpmA" 0.401111716852155 11.5387534337127 2.34212502582319 0.127074592378447 0.19363747410049
"rnr" 0.249527309868579 9.39574510675619 2.33579962478766 0.127586864821488 0.194048463606826
"menA" -0.296929851312244 5.51684443293088 2.28597397303606 0.131703877077348 0.199929984178137
"rpmF" -0.322150824282483 9.80718436369685 2.25038150392547 0.134736062347202 0.203722013656941
"pflB" 0.410659839782849 12.4105772911996 2.24981499644256 0.134784954025745 0.203722013656941
"fbp" -0.241720330764252 8.07783797488287 2.24250102903386 0.135417970828083 0.203722013656941
"fbaA" 0.383498563782304 11.3240177230387 2.24199679521342 0.135461734811974 0.203722013656941
"topA" 0.318510906776609 10.482861238345 2.24184239240136 0.135475139081866 0.203722013656941
"talA" 0.420370445967277 10.3155894578608 2.23257170188008 0.136282702517894 0.204551898713537
"fur" 0.263004519443679 8.18849983292354 2.20783866061428 0.138463824834653 0.207436441699855
"leuA" -0.41901087040531 7.22773911430341 2.17159438582852 0.141731540161491 0.211935013325594
"exuR" 0.225878493328698 8.66300479625856 2.16727613636269 0.14212663690038 0.212129308806537
"ydbC" 0.321247083620366 6.83105822955349 2.15421097555381 0.143329630646359 0.213526451614688
"tufA" -0.396875208968197 12.9674972072108 2.1476985833455 0.143933565828362 0.21400692162602
"yeiG" -0.287236945766921 7.24918688727329 2.1449731836702 0.144187163445531 0.21400692162602
"ftsK" -0.215042177930098 9.15673900207148 2.11938637709384 0.14659283771056 0.217174574386014
"pka" 0.331905912470168 8.8019595212519 2.11176690705703 0.147317985698816 0.217845450201576
"yfjL" -0.215009540931942 6.17921945910693 2.06541380254157 0.151818166693071 0.224085854897521
"rpmC" -0.373928932623862 9.19709371829494 2.04690972047226 0.153658131532804 0.226058849265164
"lon" 0.353469219061006 11.3586273108929 2.04629174099621 0.153720017500312 0.226058849265164
"smg" 0.212249845616681 8.46088180609665 2.03158155431899 0.15520155135812 0.227818790984397
"aldB" 0.505584340167616 9.84374494071976 2.00919310793388 0.157487772813175 0.230751315477179
"dacB" -0.263631700169193 5.9639651049539 1.97031570395982 0.161549861857865 0.236270364691576
"mepM" -0.382866236962323 9.35769347908672 1.96576431187992 0.162033208884145 0.236416493278672
"kbl" -0.20759925709823 8.0627014149057 1.96381415069821 0.162240818512489 0.236416493278672
"rpmJ" -0.315782533960592 9.65474332188845 1.91685347661193 0.167333555407393 0.243313921947422
"rpoB" -0.389966647556469 12.8566180267026 1.91460051425167 0.167582463741287 0.243313921947422
"malS" 0.28215884781343 4.86118723207674 1.87757174971387 0.171735170443 0.248891551366667
"fhuF" -0.289744783982883 10.090005234061 1.85136897285687 0.17474557706219 0.252796494845845
"rpoC" -0.376289654266795 12.7369716896122 1.84535127300809 0.17544553442648 0.253260306276319
"pspC" -0.290125160345257 8.46908123546639 1.84317613096936 0.175699337479196 0.253260306276319
"dnaA" -0.200754025100607 8.79270125351943 1.8330496732116 0.176886540665076 0.254513008151189
"narK" 0.3568816840779 5.76512336118542 1.81534725963034 0.178996726652754 0.257086860542555
"puuD" -0.314699492699507 5.93911882825409 1.77973797047415 0.183292358092911 0.262784742785536
"cysD" -0.772565742808938 9.0941905869654 1.76788531897317 0.184752980154364 0.264404980542918
"ygiM" -0.248230998823642 6.82963184789012 1.761513932123 0.185543743255639 0.265062490365199
"feoA" -0.553961154611324 6.69607050001353 1.75113516257034 0.186840342738359 0.266438991427251
"rpmE" 0.468957280232027 8.83028555988854 1.74725083676811 0.187328322936782 0.266659534429583
"cysJ" -0.706480723573315 9.3733894300426 1.72230154176603 0.190498421338434 0.270690474370777
"yiiX" -0.428043710807669 4.74903852486604 1.70744707489992 0.192415684258676 0.272930048593866
"nrdB" -0.26195161224346 7.53268100317417 1.70301083263158 0.192992651048131 0.273263930687619
"ygeA" -0.444354414276425 6.52473008635402 1.74124359423729 0.194251503916759 0.274557086986998
"yfdC" 0.232370546823358 6.59974244617295 1.69079198886255 0.194592335402035 0.274557086986998
"fdoG" 0.414651114005483 10.695069829298 1.68778184153448 0.194988810385634 0.27463212730371
"copA" -0.209149921725765 8.808358163208 1.65827680597481 0.198925746698257 0.279309079873816
"purM" -0.617664766052067 8.85880151767674 1.65573610611054 0.199269117547952 0.279309079873816
"rplJ" -0.331798391222407 12.0308818038277 1.65508773399756 0.199356855759936 0.279309079873816
"glsA" 0.313301690438141 9.21320843261063 1.63959322004074 0.201467212624165 0.281772325348483
"mtlA" 0.315929456374301 8.62516630330204 1.62766120779523 0.203110358985186 0.283574672230625
"dinI" -0.714128694487686 4.9014923610715 1.62424619126666 0.203583551914939 0.283740142041726
"cfa" 0.309779851404004 11.0144969079141 1.6167113872857 0.204632216648681 0.2847056927286
"pabC" -0.270863225156957 5.46746279577967 1.87397429706688 0.205246412595666 0.285064461938424
"pfkB" 0.23748335889192 8.32496544392526 1.6067425982481 0.206029485165039 0.285206819525857
"argS" -0.232045335439561 8.20932189487122 1.60651209458866 0.206061927107431 0.285206819525857
"aroP" 0.246028893702057 6.98395883779489 1.57286703638983 0.210863011667398 0.291347857226111
"smrB" -0.313806855322372 5.36643742709854 1.70371672641722 0.212150210998494 0.292620980687578
"fdhF" -0.202172267385314 5.64187799209684 1.54644248436673 0.214727299146049 0.295665816380101
"ibpB" 0.31656767398218 8.1889060035491 1.51118094785646 0.22001654289671 0.302428237658708
"ydcJ" 0.382616696340731 8.76896548307631 1.49003100225505 0.223264017804323 0.306365719113993
"lolB" 0.15135602249354 7.3750371441157 1.47634029335695 0.225396914378856 0.308762896409392
"araC" 0.327115554591888 9.52158394826936 1.45486992001154 0.228814915457887 0.312909286096255
"prpR" 0.335817121576478 7.00342767891962 1.44267176306675 0.230795365652742 0.315078997478145
"ydcT" 0.351376562932054 5.92451129380636 1.43459433742301 0.232054093209891 0.316257707952151
"mppA" 0.181855186369225 6.60849272639901 1.42683242944645 0.23331797642118 0.317439423702285
"ybgF" 0.209233152496768 8.64112739732461 1.41637773113003 0.235033562220657 0.319230644781877
"rpmI" 0.274155015603495 10.6468226978518 1.41259432994841 0.235658181438515 0.319536517204766
"gcvP" 0.272007662526675 9.68767099638149 1.37507127115914 0.241963811259456 0.327531385799601
"lpxD" 0.190653298637898 9.5962978051465 1.37046311545393 0.242752321356593 0.328043677508909
"cysN" -0.638358343749241 9.73509697951161 1.36144047745869 0.244305328564597 0.329585603459827
"metE" -0.550294100773859 10.5587107890417 1.35829187729395 0.244850139059476 0.329764497049799
"tmk" -0.194277481070896 5.97821496612875 1.3406074826101 0.247937963098093 0.333361967190713
"pncC" -0.269639547292708 5.47002028305591 1.54847243095279 0.254537785514957 0.341661457067057
"tdcE" -0.457733005661814 3.37927131317706 1.27061224487891 0.26270279316144 0.35203054359992
"pspD" -0.212450273378533 7.71086375228085 1.21868415057129 0.270590304195516 0.361993717987313
"acrR" 0.188538352777957 5.8333057915002 1.21372525006187 0.271565117375969 0.362691308682429
"yfcO" 0.182291631707816 5.9346896146646 1.20477770763792 0.273335204638833 0.364446939518444
"ycgV" 0.188990273578248 5.28053051270565 1.19313496093952 0.275660285721479 0.36693548848117
"mfd" 0.185819314641761 9.43169846910377 1.18323032678867 0.277657930284301 0.368980638251562
"nfuA" -0.199632908888256 9.34405935984007 1.17297366894356 0.279745896682458 0.371138834736263
"purL" -0.365404420371162 10.0941444300878 1.1685329826374 0.280656060005501 0.371243716527941
"yniA" 0.236488405275342 8.82996064030841 1.16806079291272 0.280753060624256 0.371243716527941
"nuoN" -0.228074530512308 8.00034742472721 1.16534158005693 0.281312488905336 0.371369622317275
"wzzE" -0.168917845029318 7.00191277602789 1.13008292279636 0.288696280409498 0.380489331676438
"gatZ" -0.366344202916993 12.0823937493456 1.12535875011583 0.289704293755575 0.381189860204704
"livJ" -0.537401936335927 7.56168982362687 1.10806534339069 0.293432906323772 0.385461945909716
"ybjP" 0.212366554029675 7.77286555914506 1.10340711932252 0.294447770188375 0.385764068074348
"gatY" -0.351279239769561 12.3962134605325 1.10258519273131 0.294627306991783 0.385764068074348
"fadJ" 0.240498917845124 6.96963809698844 1.09496226345588 0.296299140961206 0.38659896161944
"lpxM" 0.148927636635195 6.9528530434292 1.09463266349593 0.296371702650338 0.38659896161944
"prfA" -0.293682173693329 6.13458232873802 1.09297432580739 0.296737134393697 0.38659896161944
"evgS" 0.388716019050654 5.91977335983218 1.09088687238491 0.297197951744945 0.38659896161944
"sstT" -0.227395306522975 9.40775037176064 1.07846820907227 0.299958607235252 0.389556632773055
"katE" -0.257606529557589 10.0555451169963 1.07519266794913 0.300692270967688 0.389876526376256
"rbsD" -0.299726015522656 7.77149422871386 1.06649573061319 0.30265153069837 0.391781916761644
"umpG" 0.156267843295782 6.71554465866067 1.0485083102451 0.306756594639253 0.396454403410989
"araD" -0.478936674059475 8.56668208756777 1.02759871421935 0.311661296755793 0.402143608717152
"phoB" 0.15134823916671 5.90080310806535 1.00569796159131 0.316822974294389 0.408145538543497
"kch" 0.243125371067106 5.07707934693142 0.998930800454222 0.31845366573365 0.4095867083391
"secD" -0.216621993566034 8.77808433516777 0.99364484044199 0.31973513116086 0.410574807269162
"ycbF" -0.33073205185838 4.02024888722583 1.10248197537756 0.320723962587567 0.411184567419957
"ybaY" 0.231443111131955 9.76148120979751 0.982894744514054 0.322362333846152 0.412623787323074
"acs" 0.357794030279354 9.91780305806777 0.975866849269474 0.324125068262932 0.414217339633139
"cedA" 0.349218218016581 3.32978923292677 0.971408516502966 0.325201105048187 0.414929639614912
"fbaB" 0.273702379683828 10.6633315195238 0.966454001936086 0.32643583154598 0.415312004509153
"fabZ" -0.161099912270675 7.80291404091112 0.966040897159187 0.326539063545322 0.415312004509153
"relB" 0.180329202580386 7.70554643015779 0.946940085404947 0.331360087789393 0.420774714653198
"fadE" 0.25439850570527 8.98871660211265 0.930928670096484 0.335474899522975 0.425324753753375
"manX" -0.242172450842731 9.37559931180916 0.916705116136949 0.339187986471635 0.429351881609665
"ycaO" 0.274213133767959 7.42009329756823 0.909045343813651 0.341210551233323 0.431229764591877
"cca" 0.143162916105093 8.27997801207233 0.891294368268311 0.345960842458961 0.436543649790487
"ribE" -0.151560959581949 7.78394344943679 0.886188733344809 0.347343758415227 0.437598435798711
"thrB" -0.226293461807785 8.07884642194077 0.876675163645489 0.349940764094111 0.440177061753598
"lacI" -0.243323603270141 9.62773690495943 0.848187059006652 0.357878143724923 0.449454497613718
"rne" -0.173786432987425 9.72850585695371 0.840352804567626 0.360104289760745 0.451541429167079
"ychF" -0.20155389300933 7.4957315084666 0.832322503850182 0.362406056106938 0.453716502168311
"scpA" -0.225831658557317 3.76337190582106 0.965517811062255 0.367906837689163 0.459883547111454
"gltS" -0.163709161381818 6.73245424371454 0.810320725419435 0.368818139803035 0.460134255080433
"bsmA" 0.276241800772877 8.80743235366984 0.808831866739507 0.369257739702048 0.460134255080433
"yrfG" 0.134528188640276 7.33153896204096 0.783320904509904 0.376905605807697 0.468628849200053
"infC" 0.220509139185668 11.6100800640371 0.782201667908427 0.377246223606043 0.468628849200053
"pgi" 0.194386327052974 10.4675801006077 0.758846705351209 0.384454424477253 0.476220668971473
"cstA" -0.239965538942259 9.13170482963283 0.758547004299972 0.384548190194465 0.476220668971473
"ydiY" 0.372431050582099 4.74738506096066 0.756069519538988 0.385324556427964 0.476444582909383
"yhgE" 0.141782508400876 5.00365814548887 0.753804067265434 0.386036436756075 0.476588193526019
"trxA" 0.155128827391727 9.20426046310049 0.728235660462753 0.394203160092347 0.485920690406591
"arnC" -0.211419348812386 4.20416210092487 0.72007071910709 0.396934975086875 0.488535353953077
"argG" -0.238170367875689 8.28519246284647 0.711448273112646 0.399701251521959 0.491184333667539
"pykA" 0.146132873950643 9.28715621827638 0.703346176877554 0.402394702164431 0.493735830876603
"dps" 0.304408019006699 13.314120991533 0.69801041979811 0.404182996303478 0.495170592714828
"hlyE" 0.369306397556144 2.20487867165799 0.693569623769715 0.405680218388511 0.496244915459952
"mhpR" -0.175709419035911 6.71060108084883 0.682598838316904 0.409414106277229 0.500047763392036
"ygjR" 0.1862245831256 8.02414058143538 0.669825431456115 0.413825672410633 0.503411224540822
"cysC" -0.632914704929596 7.20285772068163 0.669329084212743 0.413998513700815 0.503411224540822
"ibsE" 0.147252992871618 5.41646337924366 0.669164837941245 0.414055732184826 0.503411224540822
"infB" 0.192262471515506 10.7314615295545 0.66032797787153 0.41715162772675 0.506405617877693
"tyrA" -0.484805645966545 10.5299303698925 0.653692074290254 0.419499155702529 0.508483825093974
"wecE" 0.106050673171551 6.73699896237309 0.641998828814589 0.42368413602966 0.512779589748454
"kdpC" -0.167686063885766 3.71322682223852 0.627961336806612 0.428791587574752 0.517680021382914
"cheA" -0.210728163040399 3.54965316647543 0.627319550869565 0.42902731772109 0.517680021382914
"glnL" 0.190424620056287 6.98188807296727 0.620585704866801 0.431512579143549 0.519894673666927
"rarD" -0.34633386279318 3.99694546035469 0.613726721790544 0.434066602643806 0.522185386639165
"osmE" 0.216916608917663 9.99801124597653 0.607959581517683 0.436231964289666 0.523484117427621
"araA" -0.31870625125357 10.6944823957938 0.607429220738311 0.436454882905279 0.523484117427621
"yqjD" 0.170811406584289 8.76038676993598 0.601680771360437 0.438608307256287 0.525279409887769
"ppk" 0.113437605840647 8.74432931363666 0.596589739275132 0.440549746553531 0.526815840422758
"glgX" -0.139006276946641 9.02243006912959 0.588117380782855 0.443810153088569 0.529922570852023
"ydeJ" 0.145236388392481 4.50624981828896 0.581154746804912 0.446517636121385 0.532360818028477
"epd" 0.152235201978831 9.47234959636463 0.573953450293125 0.449345052583663 0.534934586409123
"glgB" -0.141728442674678 9.79073272698051 0.551582639537108 0.458309775279613 0.544796166751397
"gloB" 0.15121247674136 5.82442876098187 0.49642950299543 0.481673295055373 0.57171904457611
"menF" 0.116137003777931 7.72466166005209 0.493929853656018 0.482784489900582 0.572189025067357
"lpxC" 0.185513575741252 12.0379552824849 0.491295882247343 0.483946293740878 0.572717507385655
"trpS" 0.12844282474952 8.26605692231782 0.48801574509658 0.485407929142893 0.573598734585398
"insA" 0.136500882175257 5.38340645794276 0.484491164944518 0.486986662873846 0.574615531414568
"yqjC" 0.141592471735104 9.12145097707495 0.472712506856549 0.492325130746735 0.579912893626003
"cysB" -0.277475393945827 6.97142507561694 0.471400225434704 0.492925959582102 0.579912893626003
"yfbR" -0.192080451467774 5.01294266650315 0.549084711180735 0.493980317151426 0.580299932042792
"fadM" -0.148769016851242 3.66842475368829 0.466738148673888 0.495070495430583 0.580727853877517
"gfcE" -0.24717607256042 2.90706475378299 0.453238448010739 0.501370097159846 0.586164698207072
"ppiB" -0.118689468534481 8.54909291700724 0.452160704536028 0.501878891842834 0.586164698207072
"ybcM" 0.171725717641934 3.74602534320772 0.452108577760425 0.501903522839805 0.586164698207072
"pflC" -0.284534598757313 2.35289956511632 0.45014844608498 0.506368242024996 0.590516900320695
"phoP" -0.0901990214286138 7.88760576365603 0.429696334333444 0.512689531604591 0.59701837741437
"rpsA" -0.196029193185293 12.8757078390887 0.426069497870102 0.514472726470409 0.598224100546988
"hns" 0.14090394607804 10.6022624660527 0.424370850030686 0.51531162246699 0.598329895462398
"ygfF" 0.206334246439859 5.16318086136862 0.420387821528776 0.517288106415418 0.599754326278745
"rpsG" -0.168950212411783 11.3052280701012 0.413085670097447 0.520946437177063 0.603121779655066
"tolB" 0.128930947749069 9.73080973542297 0.400749183988507 0.527232072401712 0.609516846707182
"dnaE" -0.0905011611351021 8.63056211470333 0.396884143186878 0.529229294195771 0.610942908162506
"secY" 0.180246809374714 12.6279616327748 0.395130252923507 0.530140087476311 0.611112492768082
"yfcH" 0.0973921069133754 8.08801050994116 0.387692919936076 0.534033904577542 0.614715285844653
"hslO" 0.106053544360389 8.92998524460293 0.38259427689567 0.536733379021222 0.616934191129157
"leuS" -0.125764300968617 10.3771522570845 0.381147487618397 0.537503914021278 0.616934191129157
"glgC" -0.124439329112444 9.31683815295278 0.374122811682156 0.541274103401711 0.620371465216861
"waaH" -0.289865364173386 3.37169295888927 0.418075710858992 0.545868546830367 0.62474225674434
"pepA" 0.0963640598286723 9.05400208147402 0.355686670947141 0.551405343619609 0.629832138774953
"znuA" -0.219459049400723 11.3001111594105 0.354819842513079 0.551890411601553 0.629832138774953
"ileS" 0.128649787871725 10.7562399780593 0.352459056185724 0.553215566825936 0.630172653208755
"yqjA" -0.0746395288628679 7.46702137449907 0.351484743489741 0.553764219007194 0.630172653208755
"pheP" 0.208874373575158 5.64537612094341 0.347422064011589 0.556063124168689 0.631889913828055
"norV" -0.117738548194762 4.91232426919891 0.330849672669106 0.565632550983246 0.641852540122832
"bioA" -0.0867395343773718 7.74193157830379 0.322670914054206 0.5704734261261 0.646212380263307
"yfeO" -0.0750404251523189 6.97978928625743 0.321242394797157 0.571327260955735 0.646212380263307
"spoT" -0.103305351432369 8.94999502141813 0.320289920340435 0.571897956533027 0.646212380263307
"rpsB" 0.149682797082082 11.8885452679976 0.318390356591227 0.573039476294206 0.646588971841136
"suhB" -0.199366718217893 7.02844121965412 0.316462882051062 0.574202369596313 0.646988585460635
"gltL" -0.181231124691806 5.6307672652386 0.309484719592778 0.578451862129958 0.650684908817428
"pntA" -0.0981841619329721 9.16082409185191 0.30837110163477 0.579135821403859 0.650684908817428
"argT" 0.136000785218527 7.50485592432514 0.307092794649407 0.579922924983533 0.650684908817428
"proS" -0.111667328130111 9.42941514975652 0.28730458420225 0.592389089231958 0.663741276450374
"yjfN" 0.142473763200236 7.9813499289925 0.279384771446869 0.597533815582322 0.668270255126137
"mtr" -0.27890330434586 10.9922944841368 0.278518981749072 0.598101878337893 0.668270255126137
"amn" 0.086059693795838 8.01035112369455 0.275249333454827 0.600257402274214 0.669743266135804
"bamA" 0.104477329174657 10.5672217688898 0.262718960064107 0.608672414314931 0.677816817483191
"ytfQ" -0.179266934327501 9.11300131194692 0.261963424316004 0.609187864713018 0.677816817483191
"frlA" 0.288833358881996 1.59413065014143 0.259998230874806 0.610537558090795 0.678375064545327
"eptB" 0.0850352353021844 5.95545016939643 0.25589293093362 0.613363776863186 0.680281854725678
"trpE" -0.498794255689779 11.0368401038567 0.255041602697362 0.613954373889925 0.680281854725678
"ptrA" -0.0863838555245632 7.06390642431798 0.244841366148813 0.621128727665095 0.687279366711032
"rimP" 0.0871979717039 7.36861268851152 0.242377562123234 0.622889504632277 0.688275695726273
"rapA" 0.0763505274639644 8.45801715712456 0.239062747350741 0.625276100284465 0.689959834796651
"yhiI" -0.0919587579625647 6.78552029713049 0.235706746274214 0.627713338277498 0.690768830616241
"typA" 0.112552374903864 10.7335415283381 0.235675439802347 0.627736174822509 0.690768830616241
"alkA" 0.0945446561059422 5.12627003883449 0.226674541097252 0.634381111459218 0.697122100504635
"rpsL" -0.117223861085837 10.937654121245 0.221365233604199 0.638376995262386 0.700550886433345
"araE" -0.116441877859392 8.93743587746055 0.216642503836974 0.64198092421727 0.703540738868241
"rpoH" 0.0970403917281272 10.3169784642786 0.207574569262982 0.649036968313529 0.709514706083965
"aidB" -0.118463939021013 8.55010283672458 0.207360272222567 0.649205956066828 0.709514706083965
"manZ" -0.104076302665947 8.96756886577321 0.204807595972805 0.651227072608056 0.710752603119297
"glpG" -0.0860505973148209 6.14804272107445 0.202594492011513 0.652991652236851 0.711707522873952
"rluB" -0.108073630516505 7.2790949068149 0.201332435673748 0.654003128247146 0.711840139588731
"groL" 0.150997007146055 12.756665235019 0.199435415359628 0.655530689285746 0.712533357919289
"uvrA" 0.0792063624727586 9.78236312780289 0.19497760247492 0.659154936201302 0.715500609173733
"barA" -0.0996925235730807 6.0356382725029 0.209278365201257 0.663121110178766 0.7188304717385
"gsiC" -0.159057432856772 6.04359622393225 0.178347735860764 0.673129153955273 0.728691912265518
"fhuA" -0.0774116568843609 9.70705315018106 0.164459482493144 0.685400897672653 0.740973943429896
"rlmA" 0.113585231501762 5.24191504063405 0.161001173043903 0.688550051964271 0.74337387526507
"ushA" 0.0603521314032566 7.71002941247305 0.15821315252784 0.691117561994019 0.744232923989229
"yaiE" -0.0872855916752123 6.6875845042198 0.158055397262845 0.691263621370641 0.744232923989229
"araG" 0.111201934358738 7.79342220955397 0.157114392680884 0.692136619309983 0.744232923989229
"lgoT" -0.111373507573816 3.81365272480117 0.237240894141535 0.702523850300756 0.754388027168597
"glgP" -0.0782240043811305 9.6537880997256 0.137843264422837 0.710722302593879 0.762168689108717
"pepN" -0.0747651504285707 9.95935425093663 0.135930156944762 0.712646494769347 0.763209097477212
"mtlD" 0.0760938977851147 8.42975810571434 0.130397526025561 0.718299273387232 0.768194322118988
"adeD" -0.0837244884910091 4.94107370106389 0.129506817319756 0.719221934083902 0.768194322118988
"glgA" -0.0779708702382431 9.26617885342566 0.127217095395099 0.721610367293539 0.769717725113109
"cspE" -0.152577513455918 11.0024448450988 0.1229265997258 0.726151933062071 0.773530687682632
"pal" 0.0681262239842972 9.6807119517134 0.119219650713585 0.730148049916658 0.776753244592189
"nudK" -0.136241474769104 5.5100914318046 0.163842348522929 0.733182286762396 0.778945324581563
"ftsN" -0.0623463986339243 7.18578266123101 0.115445096182587 0.734289176710901 0.779042160142576
"ygfZ" 0.051315852601863 8.33579400477536 0.113648506202674 0.736286804049691 0.779042160142576
"dxr" 0.0417909718912832 7.24179219324336 0.113467335244543 0.736489221851624 0.779042160142576
"trpB" -0.191162498434744 10.8042737477359 0.112860405320396 0.737168644034913 0.779042160142576
"ynbC" -0.0935923914744021 3.25145101081442 0.106851488121286 0.744007815435001 0.784716436893961
"aspA" -0.101042705932091 9.85201542324143 0.106426318840195 0.744499719503146 0.784716436893961
"cirA" 0.155193431913555 11.4004496919202 0.100490741387438 0.751483599564032 0.791035367962139
"yggC" -0.0511184944582725 5.40236306740513 0.0972190960856063 0.755430488707129 0.793357554537442
"mipA" -0.0829419744676139 8.9076463069278 0.0970199546053741 0.755673070696913 0.793357554537442
"ygiF" -0.0412880465243556 7.01248701625931 0.0865278654608436 0.768861893404924 0.806146152980261
"uspG" 0.0554291575252107 7.33622415905261 0.0838509706110427 0.772364585212928 0.808758727971652
"trpA" 0.168941283179963 10.2753762022426 0.078953299394117 0.77893356702863 0.814571050487457
"ybjT" -0.0425886279229492 6.7756560733416 0.0776364264131582 0.780737135800037 0.81539126454312
"pdxB" 0.0387691528992711 7.97963998328606 0.0695984303705801 0.792121223835215 0.826202058759024
"glnS" -0.037309239782159 9.45025077079652 0.0514372925334281 0.820750475877995 0.853853417423805
"hdhA" 0.0477081297849462 8.06595561771873 0.0514278796334444 0.820766597498633 0.853853417423805
"fadI" 0.0594960145825103 6.48531647314615 0.0503369032459063 0.822645751498647 0.854619176718568
"mrcA" 0.0562227647943544 6.61514291966486 0.0497650847575598 0.82363923156252 0.854619176718568
"sra" -0.0852696097420453 9.84586109534768 0.0484359599717674 0.825971860052204 0.85500765221133
"cycA" -0.0485124451355425 8.37066255361252 0.0481330248083503 0.826508195886344 0.85500765221133
"ybaK" 0.0562840702454035 5.19490964938056 0.0576727830573768 0.827219903514462 0.85500765221133
"mdtB" -0.0305640720152705 6.03173038872922 0.0478811469577724 0.828945731408523 0.855685916292669
"gnd" 0.0522454300762394 10.9685452381308 0.0435344425582891 0.834877643950519 0.860698602010844
"yqeG" 0.0411531560796928 4.96039218071893 0.0372447841873087 0.847110895905506 0.87218625061056
"gpmM" 0.0313041668975534 9.35317460998594 0.0345044531183388 0.852775703746244 0.876890183800765
"iscX" -0.0540638508788439 5.52770686217087 0.0332021550171689 0.855549442313746 0.878613034468545
"zinT" 0.093113715053929 10.2375934752189 0.0299818245610629 0.862659678260504 0.88477915719026
"hldE" 0.0260065914355891 7.85192029636046 0.0272649645141119 0.868970795335563 0.890110929921192
"araF" -0.0530853311259206 8.27094735912633 0.0256723920612165 0.872822700490379 0.892381755143246
"paaH" 0.0519443305710558 3.02068162877092 0.0254297759333884 0.873418642846452 0.892381755143246
"yheS" 0.0266009961508321 7.06672095130494 0.031214041410146 0.885763837760294 0.90384065077581
"clpA" 0.0347919254145257 11.3824724526746 0.0180789462491733 0.893139432197569 0.910205790774593
"glcG" -0.0259242808939114 4.53380838260808 0.015125575342671 0.90220853715433 0.918278409317384
"xdhD" -0.0380407618976544 4.82922681595951 0.0588688459538195 0.903856564714517 0.918786851043982
"ygiW" 0.0349081614928212 10.2798903296562 0.0139962210373509 0.905912426227216 0.919708046931184
"phoQ" 0.014208788830625 7.33128980919286 0.0126060950388136 0.910686323260194 0.923382837272694
"fusA" 0.0303063775243524 13.4762902309572 0.0104878685282664 0.918506130614865 0.929519841970313
"msrB" 0.0207518157837466 6.48507127623765 0.010344595783286 0.919062743748147 0.929519841970313
"dadX" -0.0173054068331469 9.31902785554628 0.0066239729627617 0.935193141096911 0.944639536461526
"tsf" 0.0367441748283834 10.4942004563616 0.0261890428855682 0.943145083230144 0.95147044966471
"yfhH" -0.0102661567304451 4.46636357672579 0.0022623750197824 0.962098127863442 0.968911012962353
"fiu" 0.0211338005116671 10.7756978491786 0.00217281888486843 0.962855319131338 0.968911012962353
"yghA" 0.00936970143054153 8.20069241734971 0.00144336870138003 0.969722048485075 0.97459502360309
"groS" 0.00909599081640791 10.2999006680259 0.00115706276004024 0.972889526609225 0.976551595090816
"hemF" 0.00499428056823903 5.3930717439385 0.000559487842806853 0.981146265923018 0.98360527912082
"dadA" -0.00157411042706981 10.6772368217093 0.0000389984590142658 0.995021900370292 0.996267234413308
"arcB" -0.000299849454389453 7.82468126082685 0.000005298648240041 0.998165047385587 0.998165047385587
