"logFC" "logCPM" "F" "PValue" "FDR"
"Circuit_PhlF" -4.74627173842365 11.0203168954136 173.000710710619 0.00000000000000000000000577152786832656 0.00000000000000000000225666739651568
"gadC" -1.36233737233696 10.4826691565391 14.4456905873108 0.00017788581165475 0.0347766761785036
"cysB" 1.1115583524125 6.96750068395347 13.1206125544756 0.000348075202801159 0.0431842759242532
"yicL" 0.922120892458889 4.94718124457149 12.1432668712054 0.000573626692537888 0.0431842759242532
"ychF" 0.626965999603053 7.49264276078221 12.103617056895 0.000585420570512252 0.0431842759242532
"rluC" 0.755740949310446 6.12793762254406 11.8624171191832 0.000662674310858105 0.0431842759242532
"gadA" -1.15621849171599 10.8996531171771 11.3446754655964 0.000865439094237196 0.045395995403773
"gadB" -1.20295497844211 11.1312333567141 11.2080055143451 0.000928818320281801 0.045395995403773
"glnA" 1.03932824973336 10.5865409559007 10.7599796282658 0.00117172585211826 0.0478126680846364
"ybaT" -0.723504328540026 8.39204328581928 10.639836641726 0.00124725594384656 0.0478126680846364
"nuoB" 0.634150240602994 7.90806036323696 10.4500812518845 0.00137679558666361 0.0478126680846364
"xseA" 0.535688536592688 7.50950485266175 10.3278851840249 0.00146739646295559 0.0478126680846364
"purM" 0.865202665013703 8.85742051516828 9.96255350464668 0.00177624512815317 0.0534239880852222
"sdhA" 0.950446902441222 9.2888955228095 9.51531534267609 0.00224643539646166 0.0585502441577806
"pdhR" 0.831981275617377 7.52366870410358 9.43480633796177 0.00234372603589874 0.0585502441577806
"fdoG" 1.04125446093683 10.693186878483 9.39301239369794 0.00239591791949997 0.0585502441577806
"metE" -1.25549727500507 10.5558069151771 9.25319338364174 0.0025793145564 0.0593242347972
"yafK" 0.557324027186738 7.15489486113438 7.93421101735621 0.00520442593095001 0.111032189319963
"rho" 0.563567370315176 9.7848260237863 7.86709964274374 0.0053954260794867 0.111032189319963
"kdsD" 0.329737876697664 7.0633811629842 7.58980678074831 0.00626411062638095 0.122463362745748
"carA" 1.15683208678629 9.65723267431876 7.30371928745684 0.00731184930401579 0.128371072852277
"hdeA" -0.852858928249233 10.7028092499783 7.2461924769856 0.0075434294296136 0.128371072852277
"prs" 0.597815696862462 9.4299598001224 7.18638202566474 0.00779221441244519 0.128371072852277
"ushA" -0.41181328834602 7.7082992235597 7.10982196708463 0.00812304398395975 0.128371072852277
"hchA" -0.663393157450709 8.32601356703578 6.95746718140815 0.00882511360865156 0.128371072852277
"osmC" -0.803370431019626 10.3336701315743 6.82772852331818 0.00947215453884066 0.128371072852277
"wrbA" -0.707003185823496 9.86863552968811 6.82528004795972 0.00948482529158231 0.128371072852277
"fdhE" 0.522958758536672 7.36074575478289 6.73247835414162 0.00997818275499859 0.128371072852277
"hdeB" -0.787022598864751 9.426074331521 6.72053839636093 0.0100435530965031 0.128371072852277
"aroH" 0.897531566795642 8.38351521553311 6.69056625131754 0.0102096018317002 0.128371072852277
"poxB" -0.713716520520933 10.1051583649216 6.65596961050683 0.0104047972117674 0.128371072852277
"tpiA" -0.486222652468454 9.85967283957981 6.6382824228878 0.0105060724584983 0.128371072852277
"rpmB" 0.6382022183507 10.4963773831633 6.51696665815016 0.0112287103296939 0.133043204209403
"ggt" -0.517401570497155 8.10196907618271 6.37761936339831 0.0121224702110599 0.137241402767121
"pyrI" 0.869917090045748 9.29137795954545 6.353418224394 0.0122850360533228 0.137241402767121
"pliG" -0.907076138632067 8.05038493492791 6.28171996131197 0.0127800133503248 0.138805144999361
"ybjP" -0.515994835226318 7.77206511707669 6.21337319256485 0.0132710683217172 0.139091442014125
"ytjA" -0.643097744928573 8.66747889559642 6.17875213074989 0.0135272209450261 0.139091442014125
"nlpA" 0.977273891192711 6.98773974155113 6.13300394334675 0.0138735709425854 0.139091442014125
"rpmE" 0.890236751471172 8.82718771008749 6.04864637631737 0.0145365055370555 0.139739952149599
"tktB" -0.806960825175321 11.3125390164743 6.01641240591042 0.0147984085538157 0.139739952149599
"osmF" -0.522793173264211 7.63954716451463 5.96489304745726 0.015227204044996 0.139739952149599
"yidC" 0.584514751917143 9.31653997060659 5.94832490376684 0.0153678208246363 0.139739952149599
"cdd" -0.661975455825164 8.3622711871876 5.87189894862687 0.0160341046329249 0.142484884351673
"sbcD" 0.35903855863108 5.7048749194123 5.71255151697423 0.0175214673697466 0.15224208314602
"katE" -0.611446479270796 10.0521505089591 5.63081951130464 0.0183392605011501 0.155883714259776
"artI" -0.451823581493493 8.37951895998041 5.47387636546309 0.0200227601872611 0.16289913227341
"accD" 0.424182942418132 9.03635533715307 5.45867090991691 0.0201941929959932 0.16289913227341
"nuoI" 0.497677036328365 6.84631626536463 5.39163686369549 0.0209683767315286 0.16289913227341
"glmS" 0.41548457913353 9.56866302207057 5.37792631900439 0.0211304925771586 0.16289913227341
"dkgA" -0.612538658539794 9.05100761658052 5.36808077104746 0.0212477129052273 0.16289913227341
"fabF" 0.482288736778608 10.0466216261566 5.30308185479596 0.0220387796551699 0.164557610656077
"hpf" -0.390059602191559 8.36090256965453 5.26823821874626 0.0224754207577414 0.164557610656077
"fepB" 0.472659816465086 7.09468367993501 5.2485105450164 0.0227266265356219 0.164557610656077
"typA" 0.52784383387169 10.7309902834622 5.11281182178116 0.024535891270789 0.171741376095612
"nuoG" 0.474917440395745 9.3741330904409 5.10839621603292 0.0245972303359444 0.171741376095612
"cfa" -0.575546861144496 11.0112089710013 5.01448247407468 0.0259404700784497 0.177942522818839
"rplU" 0.539098462376048 10.1977631280829 4.90649187815273 0.0275803446596071 0.185929564860455
"elaB" -0.707883705889789 10.2510805322107 4.87019805179783 0.0281555371756676 0.18659008535061
"patA" -0.676810975749522 10.8491574581301 4.74849401726211 0.0301777799822621 0.196658532884408
"kbl" -0.33606321471166 8.06198285847551 4.68592027819818 0.0312762376024799 0.20047555577983
"sdaC" 0.594671265469246 7.80250380102231 4.48412314829673 0.0351138753033436 0.221443955542054
"ygaU" -0.594452873380071 9.85436554606462 4.3848497592585 0.0371806369314107 0.230756016510819
"mepM" -0.567948666598245 9.35412698791462 4.14745151350055 0.0426607788143376 0.254939173045631
"pfkB" -0.383049493942072 8.3227087382683 4.14725349904698 0.0426656905111121 0.254939173045631
"dppF" 0.500965265161339 6.70203496831565 4.12372848416464 0.043253500739909 0.254939173045631
"rplL" 0.499508474509034 11.0614771970965 4.10666452458833 0.0436852291408115 0.254939173045631
"atpE" 0.418676358633689 9.1157352349723 4.0665533157173 0.0447181296353793 0.257129245403431
"sufA" -0.456252199587531 7.79229259431985 3.97363702724721 0.0472114910783207 0.267531782777151
"rplM" 0.494028392687086 10.8595560462671 3.87156225291572 0.0501215485223697 0.279964649603522
"luxS" -0.34827212710848 9.10594361940211 3.79887306653825 0.0523097333680133 0.288071911928074
"msbA" 0.319835841532968 7.81920134500793 3.73399670644558 0.0543486879541231 0.295143569306419
"metK" -0.571267777707972 9.46856328203362 3.6986288359661 0.0554957642450391 0.297244435887812
"ykgM" -0.979423531085279 8.98668946387695 3.6458208962329 0.0572803060552498 0.302656752264901
"osmE" -0.544502902645058 9.99527393153878 3.49613836177831 0.0625808792134502 0.317885412222729
"dps" -0.708585082304103 13.3123821169736 3.47348039819711 0.0634319458856818 0.317885412222729
"sspB" 0.297776873404671 7.80420754598429 3.46821267857672 0.0636315815181286 0.317885412222729
"osmY" -0.50251577846122 11.2073065531005 3.4229212972118 0.06537610015836 0.317885412222729
"yidB" -0.423940500751129 5.90212852110387 4.25917956034812 0.0656489245436169 0.317885412222729
"znuA" -0.672682117099405 11.2967365303848 3.38992963151513 0.0666791538862124 0.317885412222729
"yibN" 0.256837623511392 7.60414275742176 3.3867985997344 0.0668042601440648 0.317885412222729
"yqjK" -0.40814327066936 7.82688219494824 3.37972249124282 0.0670879294614259 0.317885412222729
"fabH" 0.276020540622973 9.06827793308748 3.37000714769185 0.0674795120575102 0.317885412222729
"rnr" -0.300766187943785 9.39337631425404 3.30500496790924 0.0701635474075488 0.323990929656073
"mtlA" -0.482832113541003 8.62547677256144 3.29863212551632 0.0704328107947985 0.323990929656073
"mscS" -0.3804554563913 9.27951207160066 3.26561924632243 0.0718455963541189 0.326646839237913
"rplI" 0.428528123315053 10.2634678421874 3.21211086422023 0.074200798810285 0.33347715327381
"cysQ" -0.360764744601729 8.33035723687749 3.17668770673687 0.0758057436508065 0.33436467324483
"fkpA" 0.280174179092105 8.88441231537634 3.17009458417268 0.076108582912506 0.33436467324483
"rpmI" 0.419463585432127 10.6441939764935 3.1238133194093 0.0782715855879991 0.34004655516564
"ysgA" -0.371916950513382 8.32309917200292 3.09165014560833 0.0798139111919416 0.3429366953412
"sseA" -0.331251372857617 7.65682369333897 2.9674841646432 0.0860847570529641 0.361081856513231
"rpsI" 0.449424663350432 10.582510213105 2.96503667899621 0.0862136232875335 0.361081856513231
"adhE" -0.530835679769933 12.1602095042999 2.95381054953152 0.0868074028446131 0.361081856513231
"solA" 0.316550689522697 6.73906687523075 2.89892805853061 0.0897751138585789 0.369495468617941
"rhlB" 0.254156185147549 9.24368592861528 2.81970080388154 0.0942562469412809 0.375574373399544
"putA" -0.4245410208445 9.37537007290389 2.81968783107529 0.094257000409338 0.375574373399544
"tig" 0.393304040294825 10.7436604750382 2.80253186491208 0.0952592198259701 0.375574373399544
"sra" -0.679271621612463 9.84187012489615 2.79354746357585 0.0957887202988316 0.375574373399544
"rpoS" -0.446943034180822 12.4342087489177 2.78905275570882 0.096054826956405 0.375574373399544
"ppa" 0.323639504469194 9.76163003570441 2.66893854867127 0.103475308029981 0.393863283967934
"gpp" 0.252026937191917 8.13598582318494 2.66516711843187 0.103718281436629 0.393863283967934
"clpA" -0.438776369861551 11.379277351542 2.663458201489 0.103828584647566 0.393863283967934
"pgi" -0.366186918811738 10.4642494407345 2.6490827178909 0.104761589597609 0.393863283967934
"arcA" -0.38896027130693 10.0215110772381 2.5779239578002 0.10951816620714 0.405345051185965
"cysA" 0.76533520386691 8.35194129146458 2.57252109589814 0.109888939707704 0.405345051185965
"pflB" -0.447171858425837 12.4078598302245 2.53626772594687 0.112413040650707 0.410780363499313
"rob" -0.240492639961157 8.80069802402257 2.42482903458452 0.120583131465692 0.436555596324866
"gcvT" 0.297200828570586 8.71771699696226 2.37616761882064 0.124356136063657 0.446084855054035
"acnB" 0.399240460173259 11.1076703514883 2.35415095208039 0.126106345555208 0.448250737382604
"nusA" 0.294848787645562 9.44225549366798 2.32145425593676 0.128756592335746 0.453468961569288
"zinT" -0.788715774675197 10.2345743370426 2.30765298252074 0.129893922495551 0.453468961569288
"rpsF" 0.388497483894442 10.7986411810426 2.2366170991249 0.135929009928845 0.462948949612322
"sufS" -0.364214882277622 8.80724314152131 2.23507838966148 0.136063177073078 0.462948949612322
"rpmJ" 0.338685044779293 9.65211511302251 2.22420426211218 0.137015601599802 0.462948949612322
"yceD" 0.344152060270739 10.5028326859731 2.20905239260651 0.138355240956841 0.462948949612322
"nuoN" 0.294627398127094 7.99742602021792 2.20709381952092 0.13852948108604 0.462948949612322
"glpD" -0.620263501763579 9.69750411783884 2.06707616904313 0.151653468468908 0.50248746999323
"ihfB" -0.29144084719356 8.9746684315806 2.05418597811018 0.152930969128374 0.50248746999323
"yedR" -0.316975475226054 5.53209684318982 2.00736972389748 0.157675028736972 0.508385332563394
"rplJ" 0.366885737835046 12.0284545632784 2.00637642960863 0.157777487115522 0.508385332563394
"efeO" 0.31336237847586 7.41399785571055 1.9981726298456 0.158626625505714 0.508385332563394
"glnH" 0.249618324368318 8.61839790538605 1.91924264737278 0.167069440169826 0.531090659401641
"uvrY" 0.22742070116693 7.35021877713135 1.89167703509103 0.17013883128415 0.534000664753694
"tyrA" -0.735651982736243 10.5255212382271 1.88655474501482 0.170716325049135 0.534000664753694
"frr" 0.248196171881854 9.89199068664711 1.8475511518693 0.175188658458294 0.542505370524041
"hisS" 0.2360512403711 8.84484213102332 1.83258461576776 0.176940668765189 0.542505370524041
"csrA" -0.323385656754758 9.9157467102311 1.82701643921874 0.177597666053906 0.542505370524041
"rpsD" 0.338025959612698 11.8282482765159 1.79856093414799 0.180999701504029 0.546591525419713
"sucA" 0.357889356159357 10.6301200541121 1.79252366899863 0.181731197709879 0.546591525419713
"topB" 0.206081121648313 7.66774587772434 1.77204535505038 0.184238180083138 0.549901743606922
"fimA" -0.268749603295607 9.02116615535515 1.74313904296851 0.187870649849053 0.556495637052877
"atpH" 0.282017970066929 9.22333822803566 1.72688594731548 0.189910631781167 0.558308699446889
"malP" -0.239973442276013 8.60099356134626 1.69476934909937 0.194069313189888 0.560405183771735
"trmD" 0.353808619691689 11.1021298783101 1.68741909359229 0.195036048998527 0.560405183771735
"atpF" 0.296119673557656 9.69280715977614 1.66629786840621 0.197845681549132 0.560405183771735
"livK" 0.285108281307159 6.3155741602487 1.66332407059276 0.198245084119729 0.560405183771735
"ompX" -0.378041346848625 12.6141382096008 1.63985888732107 0.201430208065591 0.560405183771735
"mntH" -0.405187642005954 11.0063485409618 1.6321975898579 0.202483199590423 0.560405183771735
"gpmA" -0.336922659362264 11.535727248234 1.62692379221468 0.203211829263592 0.560405183771735
"fldA" 0.20608524605897 7.93073660764964 1.61964622452735 0.204222401946855 0.560405183771735
"ihfA" -0.300452293220651 10.1601299277331 1.61737412671134 0.204539126527275 0.560405183771735
"rplQ" 0.316314705273447 10.5812726004217 1.61438727543192 0.204956371558461 0.560405183771735
"iscR" -0.24071118097452 9.04240357151753 1.59048195025992 0.208332420453523 0.563005768758969
"sspA" 0.201174676289706 9.13107844857819 1.58729615450907 0.208787305550001 0.563005768758969
"sufD" -0.302002663599778 9.01717384864315 1.56357621331838 0.212211571836976 0.568320031426423
"rpsM" 0.31942918834856 11.2280170632543 1.54929668718094 0.214305270006663 0.57002286103813
"exbB" 0.252564197949258 9.19830993209171 1.51522049172504 0.219402173135579 0.576263737565316
"nagA" -0.298979817305655 7.71691214223491 3.21828149022282 0.221295907413876 0.576263737565316
"rpsN" 0.330138825553491 10.9381460027568 1.49561063050128 0.22240114953426 0.576263737565316
"ftsA" -0.173163800257253 8.54347510275244 1.48682384869024 0.22376089801852 0.576263737565316
"ycjF" -0.245204317466222 7.62155061504443 1.4851523932564 0.224020685703141 0.576263737565316
"rplA" 0.342119666371441 11.4947800047894 1.44171188027713 0.230901846699725 0.586909576043994
"rimM" 0.29788647755298 10.8649991873475 1.44010456560454 0.231161316395844 0.586909576043994
"aceE" -0.342222162784373 12.0643560406272 1.42105647544738 0.234263336121426 0.587911460558387
"ybaY" -0.294577886991361 9.75904471284887 1.41923174743614 0.234563140273934 0.587911460558387
"rseP" 0.174764958002482 8.75259749169215 1.37407315025775 0.242133772353427 0.601412145997574
"mioC" 0.205508326759091 7.31779095483142 1.36886540472837 0.243025879968329 0.601412145997574
"aroF" -0.668099986349885 11.2052475013179 1.35262234151112 0.245834354889259 0.604536055105034
"rpsK" 0.287374571651437 11.1964991163229 1.33680731541569 0.248607174577883 0.607533782874702
"hsdR" 0.205488855226242 7.56182081040033 1.30856395481271 0.253677883263827 0.613724533099205
"rplV" 0.330327555541416 10.4407911559002 1.30511956055068 0.254279729826269 0.613724533099205
"yjdC" -0.329908010744729 8.22500673677852 3.83811589507654 0.267016596648149 0.637734556545418
"rpsH" 0.287890704919214 10.5304921643688 1.23460451924958 0.267489686121352 0.637734556545418
"rplF" 0.287964474210209 11.2294235057546 1.22006636401346 0.27031883806866 0.64057373142331
"rpsJ" 0.330270151870589 10.8415630064485 1.21038420744395 0.272223848868721 0.641201957275121
"yfhM" -0.178239021413284 9.06065695310632 1.19836109512959 0.27461301379344 0.642956217923564
"bamE" 0.219214944475455 7.37928640988762 1.18890452068826 0.276510756882655 0.643545868697132
"tsf" 0.24197589660798 10.4915281528184 1.17620818216801 0.279084775513871 0.645693178851618
"cyoA" 0.264543146255531 9.98027704283427 1.16611262114464 0.281153192602868 0.646652342986597
"oppA" -0.28170271927567 12.5821338469697 1.15057714402306 0.284374304796105 0.650235983481152
"rpoA" 0.303041934166638 12.6213981970384 1.13972966484812 0.286651275051944 0.650358282025398
"infC" 0.270151838911206 11.607309232315 1.12949217575457 0.288821567098224 0.650358282025398
"manX" -0.277355259835258 9.37362652448802 1.12669710034013 0.289417752103374 0.650358282025398
"uspA" -0.254240958227888 10.3170484406206 1.11566451887086 0.29178641309062 0.651934214391042
"purL" 0.295716587157048 10.0916891549293 1.08957397359817 0.297487745264533 0.660896070445638
"rplE" 0.29447552650813 11.5981134531809 1.08073567715258 0.2994515819237 0.661500387187383
"nrdE" -0.302688634377483 9.70297286325535 1.0602497599165 0.304068345774614 0.667925411224012
"ahpC" -0.244861697210878 11.1093678634213 1.04637023113907 0.30724884668686 0.668112740052904
"rpsB" 0.274010851197869 11.8860860499342 1.04040710679084 0.308628594604998 0.668112740052904
"rplR" 0.253797216099836 10.3510453840944 1.0376046799802 0.309279810612725 0.668112740052904
"rbbA" 0.162232550387449 6.95723295990186 0.975180186315587 0.324264829959226 0.685467344012662
"ptsN" -0.230257670680255 8.37699510566674 2.39533885873891 0.325071166732893 0.685467344012662
"acpP" 0.223206282497865 10.7040117411617 0.971457258853492 0.325188507714771 0.685467344012662
"mutS" 0.175144000904209 6.63524115017379 0.969922653518359 0.325570267738076 0.685467344012662
"ubiD" 0.127001503665867 8.21575604968693 0.96788097427872 0.326079094594259 0.685467344012662
"pepD" -0.18752192960157 9.92023810131911 0.955328839955074 0.329230692033529 0.688391446979197
"cysK" 0.379682696595876 11.6178254027976 0.934708751495877 0.334496827138711 0.692574856645579
"malT" 0.229210637170302 8.5281738004995 0.933635368406804 0.334774035565255 0.692574856645579
"acrA" 0.144907012261876 8.71100935097845 0.925321563281049 0.336931614951192 0.693369797083769
"leuD" -0.178498932510513 6.44275640714925 0.904840432975169 0.342346164485029 0.697194318539054
"eno" -0.265038288271583 12.1252807452523 0.902156103944212 0.343043141339495 0.697194318539054
"nlpD" -0.249933322660279 11.6341219239179 0.898059786389196 0.344139395084495 0.697194318539054
"valS" 0.186249034217474 10.0832574277921 0.887512089004921 0.346984133378636 0.697685133290423
"rpoC" -0.261058997239755 12.7346000302213 0.88395614150415 0.347950386167858 0.697685133290423
"lptC" 0.148702709753217 7.45729891409008 0.869823549425417 0.351827100875242 0.701859165521529
"fabI" 0.170333927581602 9.60938067806026 0.853095545182517 0.356492580593779 0.703026146870932
"serC" 0.188491092741967 9.81350859410053 0.849732605935587 0.357440762724364 0.703026146870932
"rpsL" 0.231955946449741 10.934893682276 0.848439969394923 0.357806146361421 0.703026146870932
"ppiB" 0.156247393698923 8.54674176776972 0.807839959395385 0.369550579926242 0.721711406170834
"rplC" 0.274497151869975 11.6741334524142 0.802928190880831 0.371007653811605 0.721711406170834
"rplB" 0.258553104202464 11.7384183594367 0.796451301787446 0.372941353237819 0.721881530277164
"atpA" 0.224887388669135 11.2671833579801 0.780619521313226 0.377728032395677 0.727545126436993
"Sensor_LacI" 0.306446994616862 10.856458707695 0.755059087134908 0.385803581750222 0.739456865021259
"rpsS" 0.244809853371937 10.187347085937 0.73487426780157 0.392058647888132 0.747780152801266
"fiu" 0.312188143083303 10.7730057143248 0.724549742944907 0.395400514302571 0.748113505210775
"amn" -0.13631281556683 8.0076743450733 0.722526892734608 0.39606009099394 0.748113505210775
"rplX" 0.224722088412934 10.7960073511713 0.71323193099332 0.399111411669861 0.750252701744787
"insH1" 0.171308852447228 9.83805048024495 0.695253008673919 0.405111306118309 0.757887658814636
"rplD" 0.260842545238271 11.1550706487532 0.683029410858387 0.409266212709284 0.75862487731136
"glpK" -0.367803661412979 9.09978428225533 0.682680282300449 0.409385803357281 0.75862487731136
"rpoB" -0.229843888624699 12.8543482088239 0.656993749741022 0.418328303791268 0.77153946595465
"entF" -0.265862032527938 10.5446650876718 0.638516079386312 0.424942337972526 0.778767206592913
"argG" -0.222358449126346 8.28337704479753 0.634967140531195 0.426230645040623 0.778767206592913
"rpsA" 0.22785822007158 12.873668138388 0.589530826408737 0.44326326521988 0.793870708677801
"rpmC" 0.183030190513129 9.19475419739346 0.588915032515066 0.44350123978182 0.793870708677801
"yjeI" 0.123212424887273 7.03508613120721 0.588628384370177 0.443612082905771 0.793870708677801
"dcuA" 0.109447747640124 8.05835252552822 0.588499746513958 0.443661839444758 0.793870708677801
"ftsZ" -0.154902483799564 9.85973657152559 0.585952694018063 0.444648811254318 0.793870708677801
"rplN" 0.194046758084317 11.0816116415413 0.575712052612529 0.448651647162125 0.797376336547231
"cstA" 0.224023842484908 9.13121619550977 0.565780743558068 0.452587549081523 0.800731817605772
"hupA" -0.15386665012691 9.04708440650983 0.556504582846236 0.456313001958081 0.803686413358602
"ompC" -0.232578562001201 11.7996850239769 0.545848417423611 0.460652831387558 0.807691735751278
"trpS" 0.128733188703747 8.26334552688844 0.527669065300907 0.468209964687441 0.807756801186322
"infB" 0.172879778779093 10.728647361884 0.526075325488371 0.468881951962601 0.807756801186322
"fbaA" -0.185902858451866 11.3211089833807 0.523855029106238 0.469820717120006 0.807756801186322
"murD" -0.102819656792348 7.74823308166058 0.52349316932655 0.469974002779303 0.807756801186322
"clpB" -0.243445776615601 13.0713261874917 0.514320539792046 0.473886769876337 0.807756801186322
"fabB" 0.154917729350158 10.2890183425982 0.514032565315347 0.474010465862601 0.807756801186322
"fecI" 0.171807569870063 7.60860728623031 0.511382917704938 0.475151059521366 0.807756801186322
"rpsQ" 0.166359043805427 9.79010815515214 0.488428676827079 0.485223196035589 0.819779702934103
"pka" -0.176392275804638 8.80326031034529 0.481842712830291 0.488178258380096 0.819779702934103
"eptC" 0.334112277652702 7.26647010018739 3.19499275293273 0.493796109713531 0.819779702934103
"glgB" -0.136395267754205 9.78769206007375 0.506940399665725 0.494603723219411 0.819779702934103
"hemB" 0.0960428254004429 7.28412638536589 0.467559193515724 0.494691360258135 0.819779702934103
"btuE" -0.326875324654077 7.75926278074812 3.1591266242683 0.494803094354088 0.819779702934103
"aspS" 0.127390787220091 9.61651129306778 0.458819336988501 0.498749078568589 0.821074286263233
"gyrB" 0.115262452592388 9.53498142168216 0.45335035178624 0.501317004647317 0.821074286263233
"mtn" -0.108812410092409 7.92828954572557 0.452148632610921 0.501884282396196 0.821074286263233
"rimJ" 0.10069865451749 6.45786449185753 0.444203346967657 0.505662681091543 0.82292363793841
"rpsE" 0.180692655103985 11.1172355139812 0.440378272895113 0.507499154070278 0.82292363793841
"atpC" 0.131165882902304 9.23802394776717 0.433483630683031 0.510838592503042 0.82292363793841
"aceB" -0.172531062495565 10.5813346258297 0.428492516311661 0.513279908688018 0.82292363793841
"gapA" -0.191512196155163 13.2284942875359 0.415853530936515 0.519554105645868 0.82292363793841
"greA" 0.265975243417194 6.56894154865577 2.3193849177836 0.520935294255748 0.82292363793841
"clpX" -0.156724110139753 11.1444478478713 0.406470414631934 0.524300032104726 0.82292363793841
"nlpI" 0.134680431720558 10.1450519179254 0.404864265285133 0.525120134103243 0.82292363793841
"rpsC" 0.18062127943102 11.4780503231853 0.402648883528185 0.526255071266744 0.82292363793841
"hns" -0.137938474558248 10.5992901127296 0.390721301725728 0.532441885262411 0.82292363793841
"pgk" -0.161719791735923 11.1097584284455 0.388940961246929 0.533376598119769 0.82292363793841
"pntB" -0.112636150803059 8.90780058476778 0.384899234147952 0.535509666872473 0.82292363793841
"ghrB" -0.121372236638749 8.11933194040867 0.375799216418986 0.540369683172066 0.82292363793841
"asd" -0.137717265223624 10.1107364939779 0.371843235799457 0.542507751316222 0.82292363793841
"galM" -0.0911393731493772 8.07824745782851 0.371578970942994 0.542651132877811 0.82292363793841
"ompT" 0.15413513223678 10.0923563033211 0.369837362546463 0.543597827168767 0.82292363793841
"iscS" 0.132750089895739 9.80434872080764 0.367981699678127 0.544609886536074 0.82292363793841
"ybiX" 0.174486139812653 7.32624422231203 0.366503991067354 0.54541831495664 0.82292363793841
"kgtP" -0.15062071085952 10.5923028054873 0.3645695864706 0.546479968318694 0.82292363793841
"fhuF" 0.127626579782817 10.0866038027035 0.355153530489764 0.551703316136287 0.82292363793841
"insD1" 0.0818755253970045 7.65272415941987 0.352377029107076 0.553261447141397 0.82292363793841
"rpmD" 0.126322787010591 8.90967517703042 0.351544282289895 0.553730391618162 0.82292363793841
"yafJ" 0.0896963449963233 6.94025837724906 0.350421783925392 0.554363693865778 0.82292363793841
"lpp" -0.233542696521231 11.891839598268 0.340806596239299 0.559845354430334 0.82292363793841
"pykF" -0.144232851011716 10.8867313601668 0.340189972174002 0.560200423984954 0.82292363793841
"pheT" -0.145452951523629 10.7949040208352 0.336182017647168 0.562518891839293 0.82292363793841
"ydgA" -0.234985821359004 9.97470494462734 1.33743233246953 0.566589498482747 0.82292363793841
"serA" 0.148263585227648 10.7710459489037 0.326852133590568 0.567988323168235 0.82292363793841
"rpoN" -0.117817318564948 9.31069068869074 0.548061365464932 0.568018461126668 0.82292363793841
"yhhX" -0.0711236813586047 7.5904498735421 0.318904131105004 0.572730031631171 0.82292363793841
"accC" 0.126436068816284 9.67371627502876 0.316873427828823 0.573954032023684 0.82292363793841
"rplP" 0.148025168123792 10.7546391115457 0.31335482507808 0.57608714774348 0.82292363793841
"serS" 0.119255918358888 10.1831499418073 0.310119347504225 0.578062557236721 0.82292363793841
"thyA" 0.151537388334217 7.20488009687534 0.954654378090932 0.578381812150994 0.82292363793841
"aceA" -0.153559124384292 10.4632742104137 0.307731112739704 0.57952936979851 0.82292363793841
"cirA" 0.222675870417609 11.3982942330496 0.306616535807091 0.580216474204206 0.82292363793841
"ppk" -0.0840525856258819 8.74312970585344 0.303527895130075 0.582129099329834 0.82292363793841
"dadX" -0.125418997651746 9.3182283470143 0.298851583867333 0.585049178657962 0.82292363793841
"gatY" -0.193902138476895 12.3942363730688 0.298776028187014 0.585096601910174 0.82292363793841
"tldD" 0.0771457773766814 8.85804925379291 0.292541805266165 0.589036687159134 0.82549585906531
"trpA" 0.249451969146627 10.2725101287686 0.282846055455598 0.595273752445716 0.828374467149345
"gatZ" 0.195341715087994 12.080206593721 0.278773675283446 0.597934414973227 0.828374467149345
"trpC" 0.274552987652043 10.3742171842891 0.27706862235279 0.599055789814966 0.828374467149345
"atpG" 0.11989018561286 10.1897892441562 0.276296343575917 0.599565151414999 0.828374467149345
"rplO" 0.144123515559948 11.2704152292431 0.271002452312158 0.603081460807856 0.830298771746027
"glyQ" 0.0866748840885101 8.86480420376967 0.265174623808753 0.607003295438917 0.830498577146474
"trpD" 0.304104639774809 10.8861035675088 0.257180074743645 0.612472953090307 0.830498577146474
"trpE" 0.30752344662734 11.0335337495397 0.257053283712201 0.612560557559223 0.830498577146474
"clpP" -0.101617956143995 10.0850588112866 0.257006444588483 0.612592927262556 0.830498577146474
"fabG" 0.102465008870262 10.3881246522243 0.252501254175016 0.615723870245791 0.830498577146474
"maeB" -0.0952269884694606 9.07905478350123 0.25214804860532 0.615970811694316 0.830498577146474
"fusA" 0.146119057740495 13.4746499502743 0.243248841787983 0.62226535205276 0.836102242792541
"gltD" 0.113608404014914 9.73993114834442 0.229809517857346 0.632048357961144 0.846338725900025
"cpxR" -0.118523610495584 7.95936254162271 0.797659472615968 0.641358913050305 0.855122418040143
"alaC" 0.0827796702255534 7.77317713329165 0.215341291944171 0.642982073922767 0.855122418040143
"livJ" 0.0941269633835427 7.5567241114342 0.207421475214409 0.649157483014245 0.855751864194538
"lon" -0.119084623162979 11.3556259572291 0.203753866723658 0.652065608042845 0.855751864194538
"ubiB" 0.0634783835673517 7.02639434934602 0.203124165177335 0.652568077167196 0.855751864194538
"ydgH" 0.0804655869414922 7.7495220926381 0.200968443076524 0.65429536213341 0.855751864194538
"proP" -0.100452987975932 10.3934418682932 0.200840179483582 0.654398484384059 0.855751864194538
"purA" 0.107896641677791 11.0391729472693 0.197937044983605 0.656743220520199 0.855955330744659
"ptsH" 0.097007707838214 9.79459336355491 0.194698464439925 0.659383328068128 0.856541133802785
"dsbD" -0.0781196836265889 6.62340513691974 0.18868265993836 0.664357935533188 0.860145539051246
"recC" 0.0568059180734407 7.63691090666771 0.184644296037608 0.667750499684854 0.861684638207188
"trpB" 0.199694714151998 10.8015633902057 0.174575871678162 0.67640467471713 0.86909826055335
"waaZ" 0.145213161683543 3.5229644668107 0.172823040662336 0.677941098385605 0.86909826055335
"Actuator_YFP" 0.22431546999832 15.8087197545724 0.162794424157625 0.687024757873637 0.871929140930036
"manA" 0.0593555889226121 7.35937131180272 0.161621932730171 0.687981735736474 0.871929140930036
"ompA" -0.131027696769859 14.574722660902 0.160244561306308 0.689244081971576 0.871929140930036
"aspC" 0.0937280798203326 9.49013020669844 0.159291555988237 0.690121191594019 0.871929140930036
"secY" 0.114857520384277 12.6257174258973 0.158016670181991 0.691299318895936 0.871929140930036
"groL" -0.135658241765244 12.7545915575066 0.150792307379692 0.698081570179052 0.872006561225374
"entH" 0.109537290910641 7.59696529448827 0.150713396465297 0.698156675546665 0.872006561225374
"dapD" 0.06987439397874 8.8864162438336 0.148618472571624 0.700158901716914 0.872006561225374
"ettA" 0.0619521540428287 9.20301401488492 0.148490762511556 0.700281483950812 0.872006561225374
"fepA" 0.133081220317907 10.5598431397814 0.1421673821676 0.706428290212786 0.873750326316993
"yncE" -0.108403318069216 10.0339310298942 0.140196717479146 0.708375789609026 0.873750326316993
"htpG" -0.114012257842925 11.6855529546838 0.140186614008094 0.708385814430913 0.873750326316993
"dnaK" -0.128826920550073 14.201790989339 0.133719801642609 0.714888757983061 0.878998441419425
"Sensor_AraC" 0.179107279549069 12.1823531124131 0.12947513761413 0.719318333398124 0.88167231460397
"yhcB" -0.0568216620945068 8.1321842847813 0.120071341674183 0.72922367876217 0.888247245926019
"proA" -0.0470057919490122 8.0070862497304 0.120069198490536 0.729225999852307 0.888247245926019
"pheS" -0.0995550780306699 8.34258028171941 0.107528143617511 0.743227042698207 0.898090346980006
"leuC" -0.0722511007273111 7.57395784561415 0.104034481498888 0.747290052803956 0.898090346980006
"ftsH" 0.0838801435650687 11.6474066419575 0.103114076627556 0.748369495454268 0.898090346980006
"tufB" 0.0824273185918538 12.4524380371723 0.102574053742664 0.749006916043033 0.898090346980006
"ycbZ" 0.0481055401736165 8.51336918020046 0.101317973010544 0.750496734760951 0.898090346980006
"hldD" 0.0447877971604923 8.8264013666803 0.10055072570148 0.751411765976565 0.898090346980006
"potD" -0.0973203733658458 8.59516256253246 0.255382128999472 0.75338525270957 0.898090346980006
"murE" -0.0913463830301332 8.10662958647048 0.357092329616612 0.76810269346396 0.912851529314311
"atpD" 0.0705052941784244 11.0191551486454 0.0836427048517541 0.77263950510059 0.912994630573232
"hupB" -0.0648045962513117 8.67352698531995 0.0834508873368933 0.772893152735907 0.912994630573232
"lrp" 0.0485869654356376 8.53456016691765 0.0785355951696039 0.779503762329093 0.918030033345407
"pgm" -0.0475954274195675 9.2997555146604 0.0767715531496897 0.781930523092575 0.918122626213804
"entB" -0.0861839231921879 8.92386717704208 0.0735269683122461 0.786473708119844 0.918311107871795
"miaA" -0.0670454599146274 11.0469454873811 0.0710768846486218 0.789976221116851 0.918311107871795
"hflC" -0.0427162291954319 9.02803311781034 0.0708771034652962 0.790264652148105 0.918311107871795
"gyrA" 0.0568016571309235 10.3606001328265 0.0672521799803065 0.795575610688487 0.918311107871795
"lpd" 0.0616645386790716 11.2452576543779 0.0640143239106737 0.800450228106784 0.918311107871795
"ptsI" -0.0689185826801209 11.6525770863508 0.0637607370603465 0.800837494401126 0.918311107871795
"ileS" 0.0667821516232322 10.7531457371734 0.0901743150212686 0.80123596274448 0.918311107871795
"nirC" 0.0947109838225121 2.36566641546238 0.0629173103744863 0.802131465211011 0.918311107871795
"fpr" -0.240588871781666 6.63417098739274 2.30006403232146 0.803228641667913 0.918311107871795
"gnd" -0.0588574481487677 10.9659440215245 0.0577713287523003 0.810233903632963 0.919694658689524
"gltB" 0.0638128330609558 11.245478201429 0.0570341563379869 0.811425444300725 0.919694658689524
"cyoC" -0.0511724036914171 8.74926470631294 0.0557366476019092 0.813542634521958 0.919694658689524
"dppA" 0.0636490932016239 10.4900673123247 0.0553346102832607 0.814203924415391 0.919694658689524
"Sensor_TetR" 0.206820378001833 9.2337363050844 0.0523813961227202 0.81917763231319 0.919694658689524
"fhuA" 0.0435205743845609 9.70413271754112 0.0521756343529173 0.819490611442169 0.919694658689524
"yhdP" 0.0294008512851201 7.554398925429 0.0507948716220093 0.821854249294808 0.919694658689524
"fnr" -0.0392814910905957 9.42416145343437 0.0493142364437377 0.824426678899694 0.919694658689524
"tatB" 0.144882485857034 7.23339205438278 0.840455581538635 0.825608248593409 0.919694658689524
"pnp" 0.0484418108954224 10.9697593840025 0.0430874266311464 0.835715280552201 0.927216356115365
"yggE" -0.209267957582158 8.50428382997431 1.71853037489649 0.837103257567069 0.927216356115365
"lacZ" 0.0894339174461824 10.9310717994133 0.0410604211657815 0.839572059888848 0.927323941854632
"cyoE" -0.0422449699996773 9.74471437689881 0.0375625931142209 0.84646802319699 0.932307034000065
"potI" -0.039589561607323 5.40315702067233 0.0359128439536692 0.849836213832595 0.933250683380439
"glyA" 0.0538109833575544 11.0245304147594 0.0348263309801866 0.85209845004301 0.933250683380439
"speA" -0.050523558784133 10.199399692596 0.0564757770463207 0.854913659855929 0.933718550289576
"glyS" -0.036332685894585 9.81551258593044 0.0316964444716568 0.858827375587075 0.935380233578123
"mukB" 0.0295992949674674 9.20591416143867 0.0297093474043454 0.863278905800658 0.937616811577937
"hslO" -0.0289542480855465 8.92897597574324 0.0241755535898968 0.876553799773063 0.948997142554964
"tufA" 0.041343307347089 12.9654995033901 0.023370167201726 0.878611165229916 0.948997142554964
"hemL" 0.0214522085349858 8.53647666479409 0.0190838568413025 0.890228045200452 0.958895773204894
"araC" 0.0380846185048049 9.52326192820946 0.0158528429211347 0.899899311922444 0.966650085059548
"icd" 0.035938543103931 11.6248357328766 0.014927328343865 0.902848249945274 0.967160728023568
"katG" 0.0187524678664369 8.50234660744895 0.0136576823223645 0.907051979352963 0.969009081767783
"bamA" -0.0229499193855537 10.5643618561623 0.012785459047285 0.9100558222718 0.969569009559329
"lptD" 0.0185270288942254 10.3256473440506 0.0100994853194306 0.920024062612301 0.970729523929147
"sodA" 0.0236079124744729 11.1887482385349 0.00999704781167072 0.920429326469132 0.970729523929147
"ugpB" -0.0292713976085429 7.75110817919846 0.00951525747187046 0.922364138598725 0.970729523929147
"gpmM" -0.0157579268555069 9.35036060423097 0.0091180529890061 0.923996782319766 0.970729523929147
"entE" 0.0287978577728064 9.66338520041936 0.0088995634532573 0.924910168758331 0.970729523929147
"selB" 0.0165835934812854 6.78840920928304 0.00863271367850248 0.926041208249545 0.970729523929147
"dtpA" -0.0253780143066532 7.78279266413548 0.00747003064702528 0.9311883924008 0.97115665264998
"ptsP" 0.0137646086821058 8.85244417433696 0.00742052335918544 0.931416226966093 0.97115665264998
"cyoB" 0.0209702598929538 10.6827122323174 0.00684806445974023 0.934108472996 0.971373438674032
"hisI" 0.0462278894865581 6.958993329371 0.0782287799327888 0.939351503520715 0.974234583227054
"aspA" 0.0225821768595848 9.85112956719223 0.00424211069288723 0.948116911221464 0.976874373988288
"rne" -0.0119229199218854 9.72576134595917 0.00400743002171225 0.949570479603593 0.976874373988288
"aroA" -0.0119752447307465 8.23218645125451 0.00359171714155929 0.952254426681067 0.976874373988288
"fes" -0.0134532578735129 8.29936364357349 0.00292445297836557 0.956912348469426 0.976874373988288
"leuS" -0.0109830065477922 10.3739626660586 0.00274762142887773 0.958234105118423 0.976874373988288
"pykA" 0.00884686441646491 9.2854072218252 0.00246135352382081 0.960467786625796 0.976874373988288
"zipA" -0.00780794505018826 8.43226289881037 0.00243914113125561 0.960646423209569 0.976874373988288
"opgH" -0.00771683731449818 8.88756427667874 0.00212122546539167 0.963298632147372 0.976874373988288
"yagU" 0.00799806014518175 6.02059269246413 0.00189532649761646 0.965306568466217 0.976874373988288
"ppc" 0.00983680983287521 10.4823789661463 0.00162290293501595 0.967895101600442 0.976874373988288
"sbmC" -0.217239515167331 7.3347528225755 1.14231646032912 0.969379174187867 0.976874373988288
"crp" 0.00493832999407205 9.20482577099633 0.000983221191867165 0.975008224835022 0.979521947882832
"polA" -0.0464275245717784 8.72375457738302 0.120446733648562 0.977016776660625 0.979521947882832
"acnA" 0.000603648122982509 10.4595352621668 0.00000520877513374725 0.998180674781685 0.998180674781685
