"logFC" "logCPM" "F" "PValue" "FDR"
"narZ" 2.25204090727665 6.49114659703349 152.65158112892 0.000000000000000000000000000376422932568883 0.000000000000000000000000385833505883105
"yqjA" -0.745302739992028 7.46717184602346 34.003336253283 0.0000000155143562548752 0.00000795110758062354
"puuD" 1.37959920339926 5.93874441479409 31.967393833488 0.0000000394832859635511 0.0000134901227042133
"rpmC" -1.22886983402377 9.19732992178309 29.0362611776441 0.000000153645291595006 0.0000368139157800446
"gatD" -1.78348343961521 8.06513609944277 28.7021263729296 0.000000179580076975827 0.0000368139157800446
"sstT" -1.17233626755559 9.40792554005034 28.2146119520528 0.000000225563438032499 0.0000385337539972186
"rof" 0.911490074304848 6.48246275426766 27.5443420544045 0.000000308846439633313 0.0000452239429463065
"astC" 1.6860127912317 7.59555241170601 25.8817124444482 0.000000676153842619205 0.0000797950431889346
"sslE" -0.66067006009397 7.20293392682283 25.8065304794908 0.000000700639403610158 0.0000797950431889346
"ybhB" 0.781105405209689 6.68451463319541 24.9737356554868 0.00000103988517445785 0.00010658823038193
"tsx" -1.22321420550604 8.46967306985833 23.5220436124961 0.00000207749332828317 0.000193584605590023
"gatZ" -1.81356382276196 12.0826188255898 22.7253064241355 0.00000304365575683908 0.000259978929230005
"dppF" -1.08478607251065 6.70898612103826 22.2302364008074 0.00000386175825776045 0.000289821342043908
"rpsQ" -1.08570182659822 9.79295681818601 22.1788345349993 0.00000395853540352655 0.000289821342043908
"gatY" -1.72274412635381 12.3964192693097 21.3517328888929 0.00000590053058997165 0.000403202923648063
"rnb" -1.09901393815945 8.86202667899016 21.1537728348886 0.00000649370282495031 0.000416002837223379
"cirA" -1.87955888728655 11.400670523343 20.909866618092 0.00000730816963860055 0.000440639639974445
"ompT" -1.12809066585049 10.0949841899496 20.5425493350624 0.00000873402506422549 0.000497354205046174
"secF" -0.703838719500653 8.23209549535123 19.8336239033035 0.000012332176023281 0.000665288443361212
"ytjA" 1.12011810938304 8.67037054110742 19.6636575992593 0.0000133982024780975 0.000686657877002495
"tomB" 0.808395145608654 6.81720743136736 19.3791778757493 0.0000153953027644841 0.000751437396837914
"pyrH" -0.835239148538928 8.39861048657687 19.049997052831 0.0000180855211244179 0.00084262087056947
"atpH" -0.884533048769385 9.22566430245077 18.6231378814551 0.0000222957379569578 0.000993614408951378
"mreD" -0.612372176775815 5.79977516183204 18.047321992873 0.0000295926498825495 0.00126385275540055
"puuR" 0.822927922219659 5.91238861756899 17.8766672861683 0.0000321888684507897 0.00131974360648238
"rpmH" -1.02470805335755 7.71414993358783 17.6102152248633 0.0000367115870389555 0.00144728371980497
"yqjK" 0.886680707294215 7.82816237639191 17.2409920027171 0.0000440630327163179 0.0016727632790454
"astD" 1.16037874449485 6.82096058209347 16.5720479038358 0.0000613977768997556 0.00224759719008034
"rpmG" -0.955105514538099 7.57449709497016 16.4607291051388 0.0000648914001414049 0.00229357534982552
"ampH" 0.645730146025825 5.80193523704383 16.3724840871694 0.0000678034678809763 0.00231661848593336
"cysH" -1.94514094116026 8.06324516601578 16.2782616250029 0.0000710591307347421 0.00234953577429389
"clpB" -1.40076171055622 13.0735488719358 15.8191020750886 0.0000893414761176847 0.00280659128089356
"potC" -0.622407017578671 6.132242340574 15.7964361316684 0.0000903585485555974 0.00280659128089356
"dnaK" -1.42748701969408 14.2031325077108 15.5841702839615 0.000100471816412695 0.00300518500947258
"uspG" 0.812307983033061 7.33554945625906 15.5419548013744 0.000102616073494186 0.00300518500947258
"rbsD" -1.55735572330965 7.77072915041535 15.2995414011758 0.000115858760277235 0.0032987563690046
"ugpB" 1.0785249769218 7.74684762064185 14.9418671803116 0.000138632304490953 0.00384048951630343
"nusB" -0.640980643513466 7.77260514812646 14.8094310574836 0.000148173424100634 0.00399678315008288
"groS" -1.06167593065089 10.300098167525 14.5094958566386 0.000172319323500176 0.0044437206522802
"rfbD" -0.637057628592686 7.54546274033374 14.4878073375616 0.000174212901906697 0.0044437206522802
"rplS" -0.875066564663435 9.75508158863816 14.4479403887618 0.000177748826091208 0.0044437206522802
"rseA" 0.806410279876579 10.290143233032 14.2097056035577 0.000200449774692107 0.00489192902522403
"rplK" -0.928346973202132 10.4450523116964 14.1237050883407 0.000209349007073624 0.00499029609884801
"atpE" -0.741261620156246 9.1182489609327 14.0565558735667 0.000216575422175717 0.00504522290295705
"alaE" 0.884192454644612 6.76516371872461 13.987537402366 0.000224266937394543 0.00505983548491022
"kbl" 0.547041915897582 8.06274997833248 13.9629318155796 0.000227075543713044 0.00505983548491022
"yibH" 0.751460313942045 6.74443334922683 13.9088794641216 0.000233371321216577 0.00508948094142535
"maeA" -0.532511914493825 8.47413627615024 13.6626016529433 0.000264376807580287 0.00558505821519503
"bepA" 0.489997983089001 7.63283144378978 13.6215311500926 0.000269940285082449 0.00558505821519503
"fiu" -1.35659497627999 10.7759725760416 13.6033432717752 0.000272441864155855 0.00558505821519503
"priB" -0.861894892629945 9.83387240071398 13.4230391989202 0.000298550829124072 0.00600028627161125
"bisC" -0.429324850262422 7.078267144474 13.2904212753874 0.000319364189282522 0.00608159034043793
"serB" -0.547806460619829 6.61969971159475 13.2845124204091 0.000320325091480518 0.00608159034043793
"yojI" -0.647605416777344 6.59143752501834 13.2840772268309 0.000320395978910877 0.00608159034043793
"focA" -0.628522535804059 9.08766369852422 13.1594253008768 0.000341370226073691 0.00628230401284092
"radA" -0.564633050275897 7.10275166491322 13.1487599480726 0.000343228316799114 0.00628230401284092
"rplW" -1.03677457018124 10.3575503752902 13.0862480180843 0.000354327374896649 0.00637167647840465
"yejG" 1.03420349348539 7.23243018355623 13.0326764610195 0.000364128731737247 0.00643503362121858
"dppC" -0.972729554596609 6.01087956667658 12.863178130714 0.000396991952569804 0.00689689409125507
"ribE" -0.524078279583806 7.78416283068486 12.7461402718399 0.000421427977700941 0.00719939461905774
"cysJ" -1.832634475254 9.3736949929956 12.5022497272843 0.000477376537267223 0.00802149099506399
"rpsJ" -1.03416260047484 10.8446256405468 12.3220514980414 0.000523516370709721 0.00865490774157199
"rplV" -0.999091645904979 10.4436916238661 12.290094884461 0.000532160282902385 0.00865816333293562
"ydjN" -1.37491814059046 8.59339224335671 12.1835119062716 0.000562052777833561 0.00900162651999062
"cdsA" -0.50479786178005 7.39624969015509 12.0924184804425 0.000588951233672476 0.00924350291658283
"nrdD" 0.688127383145471 9.33609729023273 12.0382866445806 0.000605551785476628 0.00924350291658283
"rpmJ" -0.754888047151931 9.65500344266328 12.0085504004666 0.000614872614539452 0.00924350291658283
"ybiX" -0.945395910732891 7.33263841870685 11.9962254784318 0.000618778498070816 0.00924350291658283
"rpsR" -0.784501151412693 9.40182269880136 11.9853513266348 0.000622245562189479 0.00924350291658283
"kefB" 0.461040629394479 6.18336377593174 11.9404188986342 0.000636782317834938 0.00932431251115445
"truD" -0.447794976711904 6.77324800230333 11.8938485408065 0.000652213642594834 0.0093812746040121
"insL1" -0.555830228540969 8.57374145173462 11.8737883995852 0.000658977338037923 0.0093812746040121
"tgt" -0.65889122669212 7.9421734299215 11.8264052397189 0.000675238199721449 0.00948108431115734
"clpA" 0.890762928177943 11.3827972148312 11.5532023777774 0.00077728962819854 0.0107665117419392
"accC" -0.725157495082715 9.67585660019177 11.4412989668909 0.000823498447239258 0.0112133713440539
"yegP" 0.861115529095364 8.18497197068908 11.4227344270657 0.000831430460632292 0.0112133713440539
"truB" -0.497836237749353 7.50614553150645 11.390328179378 0.0008454633627362 0.0112545447636962
"glmU" -0.522672953649797 9.00071970923851 11.1681895291408 0.000948373349035611 0.0124625984969423
"gsk" -0.516050420232259 6.50695612034841 11.1121384517773 0.000976298421756617 0.0126671630670953
"rplR" -0.803591715934703 10.3536369587067 10.9872281182335 0.00104158034016242 0.0132155789759783
"hslV" -0.763168898353557 9.64091081753364 10.982100790136 0.00104435307029682 0.0132155789759783
"wbbJ" -0.638981470873254 5.91887204117317 10.8659934693639 0.00110919387020274 0.0137526031970582
"rffG" -0.47554250801282 6.83981024888267 10.858312225247 0.00111362542961544 0.0137526031970582
"rplA" -0.919406161522184 11.497588841376 10.8099358587414 0.00114195279787196 0.013934543069271
"purF" -0.698401749699753 9.09963559396092 10.7653407569376 0.00116871594772946 0.0140933393696787
"atpG" -0.731401232415289 10.1923475141553 10.6746015870034 0.00122516180701068 0.0146022192114645
"malT" -0.738339669486168 8.52991494336628 10.58770348817 0.0012818221751447 0.0151019279255553
"atpB" -0.655652158650303 9.35815083674619 10.4890488036836 0.0013493941446849 0.0154294653973964
"thrA" -0.864373138945742 9.67724487090828 10.4830305641014 0.0013536318643091 0.0154294653973964
"sdaC" -0.84673515946927 7.80250432999077 10.4770995916412 0.00135782140449863 0.0154294653973964
"wecF" -0.402090876215221 6.1305415380056 10.4342319641538 0.00138849796491259 0.0154294653973964
"gdhA" -0.70762824780313 8.81021629024034 10.422094961491 0.00139731098602658 0.0154294653973964
"fadE" 0.947334363655643 8.98847875096769 10.4058063599523 0.0014092282779979 0.0154294653973964
"efp" -0.58593986228563 8.7557766538662 10.3778837328767 0.001429898970311 0.0154294653973964
"rpsC" -0.907183178420224 11.4808794028131 10.3776838994404 0.00143004801244162 0.0154294653973964
"cstA" -0.901847685898894 9.13171758986726 10.3488450424946 0.0014517238478264 0.0155001765002298
"rplI" -0.747210044138853 10.2662660028588 10.2790721263087 0.00150556260753938 0.0159092955951326
"cysW" -1.57059921413351 7.2991647295635 10.2523560232923 0.00152671259550004 0.0159681674529341
"livF" -0.610741886782243 4.96360071499406 10.1592601166605 0.00160280903806075 0.0164953462225586
"rpsH" -0.801734536997515 10.5335020016655 10.1515263458904 0.00160930207049353 0.0164953462225586
"plsX" -0.474876447803304 8.50362171033854 10.1266808585812 0.00163034364594891 0.0165455667039369
"dksA" 0.601649656622031 9.50601209511628 10.0229822199328 0.00172123979788161 0.0172967724787123
"rplN" -0.78516817076661 11.0845909240105 9.89786464913121 0.00183782632841655 0.0179507518113473
"rplM" -0.773174283125033 10.8623550093907 9.89450765058105 0.0018410631000747 0.0179507518113473
"rimM" -0.758308121852085 10.8677630418042 9.88851721869878 0.00184685344875148 0.0179507518113473
"dhaK" -0.541514203694611 8.35376074143079 9.87871288845157 0.00185637043122226 0.0179507518113473
"eptC" -0.544488199740666 7.27056172321537 9.85467817081259 0.00187991299069706 0.0179871934587813
"ynfK" -0.74930871426639 6.05066561381662 9.83919927315115 0.00189523599370573 0.0179871934587813
"gltA" 0.69650881293334 10.3505350715385 9.73526461279156 0.0020014793767822 0.0188212510201996
"rplB" -0.889635621406996 11.7411085030761 9.54525319294264 0.0022116987985102 0.0206090115315723
"bax" -0.513383314614707 7.93638522777791 9.51796378346491 0.00224369038757142 0.0207187625879343
"cysN" -1.58334732799529 9.73543431049028 9.39655583506286 0.00239184778161512 0.0218896783585312
"yebZ" -0.509138889298596 6.24616470909158 9.26790734239359 0.00255977574965767 0.0232192048088417
"hslU" -0.76903025765958 10.9917064112958 9.24576806318413 0.00258986747280758 0.0232860891195419
"avtA" -0.581749604805916 7.83380148908726 9.19783607228545 0.00265626133961701 0.0236753728096298
"entH" -0.804712970145669 7.6024516929667 9.10817567636621 0.00278516510879798 0.0246102951423959
"rplC" -0.911664775532417 11.6768466529823 9.00730096310011 0.002937859645213 0.0256154011441526
"htpX" -0.607368276732801 10.6643498594771 9.00021965635998 0.00294889496098538 0.0256154011441526
"rpsI" -0.7622000816311 10.5853889758656 8.95826888149373 0.00301514488702508 0.0259707857916026
"rplP" -0.769373677878133 10.757414477458 8.80563852552835 0.0032693016225793 0.0279252846928649
"ptsG" -0.654282453961781 9.75616712309977 8.71080029046401 0.00343816491049496 0.0291249506880772
"ybcH" 0.606623448043226 3.71470402265567 10.4668139327216 0.00348515687218547 0.0292810310982796
"htpG" -0.884366410436689 11.6887216959202 8.66820629455944 0.00351688461613644 0.029307371801137
"mscS" 0.592570210550532 9.28281405877413 8.62414825130189 0.00360025241117171 0.0297601509794436
"gcd" 0.64013914510835 9.89081716509733 8.57424852749687 0.00369712089312765 0.0303163913236467
"ada" 0.512905082433793 6.94551641426975 8.53296923185219 0.00377926941630854 0.0307440567596528
"rpoE" 0.607317988928159 9.85402155472388 8.50180753579757 0.00384251942283456 0.0307971991625523
"purK" -0.768002847602309 7.8572417952003 8.50015968707516 0.00384589413932361 0.0307971991625523
"dnaJ" -0.72659087623673 10.5232865989589 8.48400668260078 0.0038791358512591 0.030822591066206
"ispE" -0.433760681851282 8.04307254402877 8.43041249388878 0.00399155165508282 0.031471849588153
"rfbC" -0.642099497655526 5.48995755235722 8.38493229677385 0.00408956289830384 0.0316518772157358
"rffH" -0.426949202937778 6.51510704231336 8.38417395789338 0.00409121787392006 0.0316518772157358
"dnaE" -0.382255482098718 8.63079815012838 8.37694707379206 0.00410702406799303 0.0316518772157358
"dcuA" -0.386554215281704 8.06005381876955 8.3366397576671 0.00419633637566373 0.0318956877188498
"ydcL" 0.575935157090935 7.6241292157886 8.33460585135102 0.00420089545565339 0.0318956877188498
"purN" -0.594269487729087 7.72585674393661 8.29231584693024 0.00429684857908183 0.0323843367173447
"rpmA" -0.610566736344418 9.51804018760214 8.26554939767059 0.00435873752529069 0.0326109924337442
"tsf" -0.620262557566952 10.4944649183953 8.20549218875069 0.00450094706151725 0.0334309473772114
"tdh" 0.440528151788538 8.20675364833119 8.1541533873948 0.00462627907968116 0.0341146478897352
"cydB" -0.4647987780951 9.12112758518173 8.01300893644884 0.00498962121450781 0.0365311553205036
"gpsA" -0.46151317602326 8.89847748224357 7.93896906889964 0.00519179496672245 0.0377417719212093
"mpaA" 0.423196243656211 7.34884708257461 7.86341336104624 0.00540678316369702 0.0390278362168271
"nusG" -0.441979236441309 8.8942654807827 7.74782388125735 0.00575351894735042 0.0411117388562369
"degP" 0.571938017528021 9.65277365837927 7.74067531541082 0.00577569794663231 0.0411117388562369
"fepA" -0.967934890536789 10.5628530671114 7.64200555616488 0.0060909552620069 0.0430567527141867
"hupB" -0.585790579244091 8.67708680823311 7.5914713110518 0.0062592062974203 0.0439430579099713
"patA" 0.827562206424259 10.8523891073247 7.4594255212532 0.00672175724406269 0.0468693957494167
"ihfA" 0.619292997698857 10.1635811041333 7.41813316976941 0.00687350219081158 0.0472496696700703
"basR" 0.461393811568165 5.00117055642188 7.40797646492923 0.00691136374008478 0.0472496696700703
"mltD" -0.517422311681553 8.59778471530693 7.39631667791366 0.00695509285329138 0.0472496696700703
"atpF" -0.601363408242939 9.69541070612711 7.39400278810666 0.00696380468681327 0.0472496696700703
"yebC" -0.372337326916389 8.03263979581234 7.38263171790155 0.00700678028278116 0.0472496696700703
"aspA" -0.926738710423002 9.85207005416951 7.34291777671959 0.00715902571915273 0.0479607932165461
"rpsM" -0.672258636526708 11.2309343999483 7.31301315523778 0.0072759089716897 0.0479913064068749
"yqjG" 0.576414493565006 8.06185617046124 7.30862040315543 0.00729324278653349 0.0479913064068749
"uspD" 0.472324615261262 7.02836143803926 7.30588889677073 0.00730404273119266 0.0479913064068749
"yedQ" 0.402819277800159 7.45379997867753 7.21832647840314 0.007659110403804 0.0500037462668732
"rplF" -0.690179998153067 11.2321736266291 7.19288019654674 0.00776559080575671 0.0502351302122145
"trmD" -0.713824802108046 11.1050875283752 7.18648947959659 0.00779257141828499 0.0502351302122145
"yibT" 0.626025354398585 8.22442555661947 7.17472489568472 0.00784249219833278 0.0502409656455694
"yaeH" 0.560841098293825 8.04790679206064 7.07980628436255 0.00825749955061298 0.0525710375116665
"cydA" -0.536995346018984 10.1129680091033 7.02752507474843 0.00849567756222297 0.053753515439991
"ybgF" -0.432997485842885 8.64136121479559 6.97059790700765 0.00876308166346108 0.0551052681291264
"barA" -0.374022641473499 6.03630379268855 6.93762826675383 0.0089219001340513 0.0557050315234942
"ibpA" -0.664833758211659 9.45688515240952 6.92834503471279 0.00896715141597712 0.0557050315234942
"proX" -0.436181789209393 7.39446882279706 6.88854414346109 0.00916385844781301 0.0565840657169177
"rpsF" -0.661074752504849 10.8014850060134 6.83410474950854 0.00944013978274144 0.057940977708443
"pntB" -0.452071202444916 8.91114648555228 6.75061044498204 0.00988067111566779 0.0602838565092826
"ispH" -0.376916361015915 7.363549237521 6.69139706316557 0.010205898983312 0.0618996831828094
"arcA" 0.60687172640219 10.0240921684051 6.65773342382616 0.0103957001253288 0.0626799566380119
"sdaA" 0.600652834609781 9.69297181780293 6.61216392179066 0.0106584479035425 0.063888357316556
"yobF" -0.791102230721429 8.61841065212078 6.5814955191857 0.0108391284357047 0.064423168952628
"wzzE" -0.338121703854682 7.00232685402968 6.57574227965989 0.0108733738817606 0.064423168952628
"osmF" 0.512498741198721 7.63783848644113 6.50324557585606 0.0113146012121587 0.0666521048417396
"fabD" -0.43878825023542 9.29887770162409 6.41834864961335 0.0118548944369248 0.0694358102734166
"gloA" 0.358689179423209 6.70631023588977 6.38107547591402 0.0121004603062101 0.0704714307605987
"secY" -0.721462902989641 12.6281966743895 6.34604725911101 0.0123360289809834 0.0714374559633218
"rpsE" -0.669552108301213 11.120288148172 6.33208345520999 0.012431254150157 0.0715176363945036
"bolA" 0.700160241527164 9.28610003611089 6.32360812378477 0.0124894213801133 0.0715176363945036
"cbdA" 0.454061541605004 6.05748037001869 6.24695439787008 0.0130284642340347 0.0741898657771421
"pntA" -0.396332648082463 9.16111703680492 6.18346211941429 0.0134931551637823 0.0764115140490433
"rimP" -0.388089454458053 7.36891459882898 6.17283283837979 0.0135726098490376 0.0764391488750744
"rpsG" -0.640555170684393 11.3054930102994 6.12819577864247 0.0139115989078267 0.0775169715152238
"pal" -0.459590418319573 9.68096727941773 6.12772224250843 0.0139152417159036 0.0775169715152238
"ispA" -0.400243489910752 7.40695527752731 6.10620552892001 0.0140818112889621 0.0780208463307362
"ypjA" 0.362902023922911 6.29157734013607 6.09254577658155 0.0141886270706399 0.0781900147709994
"mukF" -0.332757225538319 6.88186105597212 6.06237366765877 0.0144275493222306 0.0790814869266649
"guaC" -0.412435916929432 7.98616265663966 6.04180966088768 0.0145927730919465 0.0795616618044956
"treF" 0.547245301457161 9.02877384410531 6.01817030971478 0.0147851301954629 0.0801839071447064
"ahpF" -0.335404707035168 8.43283929823431 5.98418887940969 0.0150662566019728 0.0812784895632744
"rpsL" -0.596755140950199 10.9379299621595 5.95984733357928 0.0152710337530141 0.0819518827059659
"proS" -0.471300370990915 9.42966393377731 5.94613605655347 0.015387650156159 0.0819810491755156
"obgE" -0.448749983671746 8.79968642979762 5.94043244632292 0.0154364316984142 0.0819810491755156
"ypeC" 0.5377817003129 8.31572926709315 5.91549270594682 0.0156516256248157 0.0826954446671962
"rplQ" -0.587102736943254 10.5840248831179 5.86700316023402 0.0160789702688761 0.084517664233836
"recR" -0.343932184496182 7.67457346525768 5.79253849145407 0.0167589491049369 0.0876424634314301
"ldtD" 0.485502128415912 9.45431386846255 5.77863182509441 0.0168892104936171 0.0878642633843315
"purT" -0.57413989128576 7.98493876944418 5.76976592183095 0.0169728040488757 0.0878642633843315
"lrp" -0.389595259366505 8.53792072615509 5.73969579966601 0.0172595377598578 0.0888996291650967
"rplY" -0.733529452134951 8.92900167102974 5.71400037083609 0.0175085405528588 0.0897312703334014
"yidC" -0.542471065350092 9.31895139910511 5.68351852289252 0.0178087713433912 0.0908158737660495
"yheO" -0.318538795115452 7.26060004832779 5.66579482662359 0.0179857946625009 0.0912645521240765
"yceK" 0.538892535716025 7.55203571712147 5.58205282670411 0.0188472746727421 0.0951648105397077
"gmk" 0.29816844343709 8.05267648108608 5.55818457391133 0.0191005888119203 0.0955053522244356
"cspC" -0.629081794913468 9.6989608598206 5.5581395067035 0.0191010704448871 0.0955053522244356
"rplX" -0.606568812274983 10.7990060331596 5.53854413673036 0.0193116872692703 0.0960897060728256
"secG" -0.554138693756414 8.73037813654947 5.50633317684732 0.019663164197589 0.0969894835554037
"groL" -0.819401487942102 12.7568832792715 5.5046449316816 0.0196817683702673 0.0969894835554037
"entB" -0.719268947136139 8.92801144383086 5.49495787517765 0.01978887264381 0.0970506911957187
"rseB" 0.310010628251824 8.41128869953066 5.48092074548636 0.019945150355458 0.0973513291159262
"yhdP" -0.284534240384736 7.55698813549439 5.46758256380868 0.0200948366021483 0.0975452559724583
"ybeQ" 0.471996061160172 4.8764573708681 5.46046293407026 0.020175213918206 0.0975452559724583
"wbbI" -0.473042939976283 6.54226623369314 5.40304381829196 0.0208358087794783 0.100266215957583
"ybeL" 0.58792656437218 8.48083681119986 5.35282313634838 0.0214320479366029 0.102653500630925
"moaB" 0.407480306931693 7.09358627471388 5.32474508279567 0.0217731215464351 0.103410150754351
"yhhA" 0.593245691048467 8.39316279353027 5.32322087973369 0.0217917976223803 0.103410150754351
"wrbA" 0.598960211130411 9.87127995904935 5.3077202878033 0.0219826773742443 0.103835227228573
"hofB" -0.428117153880035 3.83804078286058 5.28167219895218 0.0223073771195021 0.104784334286276
"glmM" -0.361539182540829 8.46930405219278 5.27526034897272 0.0223880675206775 0.104784334286276
"ahr" 0.50451857678861 7.88781393514931 5.25312018089428 0.0226690394160027 0.105617115460922
"fdoG" -0.752925936521723 10.6952487600847 5.24014707243306 0.0228353819690996 0.105910708227724
"kgtP" 0.542640110539107 10.5953483815366 5.18574245832977 0.0235469502005783 0.108310486216518
"mutY" -0.288265415158347 6.86360633780408 5.1844498545206 0.0235641350500327 0.108310486216518
"ydcJ" 0.847316358052337 8.76856794190834 5.14706074273013 0.024066920827335 0.110127651107225
"cmk" -0.342009549269673 8.52669220434517 5.12919506527176 0.0243111087825984 0.110750606676282
"osmY" 0.60578706771362 11.2099565888424 5.12082832743639 0.0244263532531166 0.110783239311701
"yeiG" -0.348780005619252 7.24955156239526 5.09301101694797 0.0248136306661763 0.111754375670647
"fliY" -0.895767310303549 9.31496891059645 5.08981505498677 0.0248585342955196 0.111754375670647
"ycgB" 0.676653696944378 10.4087051533876 5.05201503150428 0.0253961143689847 0.113206282178871
"wecD" -0.351424320953244 5.3008695560734 5.05157904061459 0.0254023852694052 0.113206282178871
"clcA" 0.3459892387669 7.81151636250184 5.04171220761944 0.0255447343875702 0.113347847390734
"fabA" -0.432085510089381 9.04956437717319 5.01574635832638 0.0259233422802409 0.114532007919168
"xanP" -0.540557766178869 7.27714312749431 5.00312505642058 0.0261094873351505 0.11485933269755
"suhB" -0.595370257848071 7.02893322738887 4.9908996741095 0.0262911257722471 0.11516411930151
"dsbC" -0.251951763601376 6.68928568887776 4.9733741138839 0.0265538193529823 0.115819850369391
"nsrR" -0.3336610828761 6.19138644761912 4.93863289079917 0.0270827083350792 0.117626169675662
"uxaA" 0.432058174332251 8.02600492864591 4.91821973999297 0.0273986006925586 0.118496057847564
"gstA" 0.35342064487186 7.75497939479735 4.90743291700728 0.0275670808278939 0.118723772473072
"topB" -0.318983742004367 7.67122745581391 4.8969343957373 0.0277320993447701 0.118934735683637
"msbA" -0.338402711220031 7.82246113095838 4.88736170907067 0.027883466583703 0.119085638534565
"atpD" -0.524653999974997 11.0219312410544 4.82726906286776 0.0288536490261362 0.122717801874646
"guaA" -0.520968309163585 9.73951419867362 4.81314282521556 0.0290868054776977 0.123198246341488
"ilvC" -0.612210986514658 7.72423434019571 4.78273056799091 0.0295954911395396 0.124836948222338
"ybaY" 0.516047854056411 9.76171149931903 4.77532664739827 0.0297207371410306 0.12485145725228
"yjdC" 0.343009661771125 8.22646901116542 4.73970938559955 0.0303310579843771 0.1268952425877
"fabH" -0.305709406173179 9.07034427976719 4.68960193832489 0.0312120176632431 0.129134772224141
"msrA" 0.375283448849878 8.16983882689771 4.68671510470354 0.0312635831412691 0.129134772224141
"entA" -0.617217867781957 8.45121240975838 4.6762813908873 0.0314506999002106 0.129134772224141
"csrD" 0.272965527117498 6.9891726696032 4.66215393528627 0.0317059348294738 0.129134772224141
"rpsK" -0.521098653083943 11.1993643735193 4.65826602011884 0.031776557012236 0.129134772224141
"sapD" -0.297398811137194 6.59872698226499 4.65729584834379 0.0317942054640181 0.129134772224141
"bcsZ" -0.394341820180454 3.39676497567303 4.63126375939971 0.0322716195566396 0.129134772224141
"prs" -0.456280871050557 9.43229456641377 4.62846237609799 0.0323234420986318 0.129134772224141
"aroB" -0.300080525527864 8.74321205075938 4.62777839925468 0.0323361081936816 0.129134772224141
"rplO" -0.583719516010661 11.2734958054232 4.62337561398385 0.032417765193252 0.129134772224141
"dkgA" 0.539734887288276 9.05338804663889 4.6206228783587 0.0324689292665649 0.129134772224141
"amiD" 0.350851275164783 7.19069149864921 4.61939084131143 0.0324918561464118 0.129134772224141
"acnA" 0.547924897196001 10.4620222218005 4.61872965836813 0.0325041670573934 0.129134772224141
"purB" -0.546732442318918 8.87081417896737 4.60856053279377 0.0326941296840637 0.129387964965889
"rplJ" -0.54660030424947 12.0311308138099 4.59371413938879 0.0329735619512492 0.129949947688811
"yohF" 0.470775223499194 6.91744808164263 4.58758281803121 0.0330896939968582 0.129949947688811
"dctA" -0.698935433753722 9.23962412896302 4.57187719276715 0.0333891355479708 0.130267190465091
"yeaH" 0.665420509048429 9.78305427558295 4.56455194780755 0.033529770300629 0.130267190465091
"rplU" -0.498220631123367 10.2006517060667 4.56341028614883 0.0335517446661308 0.130267190465091
"tig" -0.485921259684026 10.7460284731718 4.5551934682713 0.0337103467327243 0.130389076985065
"rpsD" -0.527410947856988 11.8308647543828 4.54092426427608 0.0339876481842478 0.130967441311481
"mfd" -0.359714489186197 9.4319000041035 4.49723395675682 0.0348517210540997 0.133605892211755
"hokD" 0.450811351077639 9.36612503269289 4.49318036613225 0.0349330527929272 0.133605892211755
"yahO" 0.529919662024781 8.41766244391275 4.47050092819001 0.0353917949448074 0.13485721122092
"cyoA" -0.501468877051957 9.98281732127654 4.45092052070574 0.035792951798728 0.135880650347023
"recJ" -0.290918491865918 7.49066378444763 4.41656595800163 0.03650840710803 0.138085303637383
"aroK" -0.31419691241897 8.10915242725576 4.38027237589455 0.0372806286879883 0.140052383743007
"carA" -0.845842899834676 9.65836545163607 4.37481009135284 0.0373983319648026 0.140052383743007
"glmS" -0.358801406185803 9.57125488352284 4.37295508603224 0.0374383933127648 0.140052383743007
"rapA" -0.323116051372004 8.4580782576281 4.35571119887653 0.0378129699968412 0.140939251806408
"potA" -0.389269529995031 7.34983451950562 4.34224538321428 0.0381082245628748 0.141525109336763
"pepB" -0.344501513850853 7.88556593383041 4.30212771155105 0.039002352461754 0.144322784380137
"entC" -0.573722663379976 9.335829058386 4.27533088796674 0.0396118988465662 0.146051065891117
"dinQ" -0.59299758071652 6.92110391935303 4.25290056825902 0.0401298499573434 0.146565744149995
"dppA" -0.5493674393883 10.4930751154391 4.25276996315267 0.0401328866841706 0.146565744149995
"purM" -0.528296508275666 8.85894920304726 4.24891784899541 0.0402225621976653 0.146565744149995
"rnr" 0.327512764500337 9.39597636809742 4.24458212425303 0.0403237490879074 0.146565744149995
"secE" -0.291550579867222 8.57012835661854 4.23848729959557 0.0404664444823889 0.146565744149995
"guaB" -0.557110530351737 9.33159989759783 4.21430633740558 0.0410378593031445 0.14811199220325
"ycjX" -0.413809662752817 8.97835731823579 4.198971270863 0.0414046507093913 0.148457723810893
"minC" -0.263944324483946 7.59892044384531 4.19819433162488 0.0414233258633321 0.148457723810893
"fic" 0.468438662562558 8.25351507373806 4.18841079896148 0.0416592542290433 0.148783050818012
"rpsB" -0.537837290585946 11.888796823714 4.16716575401683 0.0421764795488769 0.150107262283329
"leuB" -0.454710370272667 6.91308331599392 4.16209284357281 0.0423338861487813 0.150146135994812
"rpoA" -0.569647542359082 12.6236413405522 4.12546474008647 0.0432115659795045 0.152442735921883
"entE" -0.605153965844428 9.66675576970404 4.12279013310565 0.0432788645397736 0.152442735921883
"dgkA" -0.268322270997863 5.3012333752984 4.08393666818204 0.0442691056536913 0.155396689366553
"ratB" -0.401886641255707 4.36984597061789 4.07538351357867 0.044490300239925 0.155640128825676
"yeaG" 0.716018109255012 11.9958132789304 4.04416121400889 0.0453077322795471 0.15796063124672
"pta" -0.442356770782966 9.3638649283738 4.01989605152849 0.0459540028101109 0.159310472612635
"dhaL" -0.314775175401017 6.82170470893085 4.0179685661315 0.0460057559935025 0.159310472612635
"prpR" 0.683231058412872 7.00163604947989 3.9855070341649 0.0469324697147522 0.161972328140138
"rplE" -0.553450633793815 11.6010858967208 3.95375140789365 0.0477658109102459 0.164295154976517
"rlmB" 0.257907803570609 6.50233928753461 3.93406651885382 0.0483195299460978 0.165405728668955
"rpoS" 0.520542986475051 12.4371754154376 3.93082252439543 0.0484114327811576 0.165405728668955
"putA" 0.47583405889599 9.37720274421187 3.83544079483984 0.0511983212532772 0.173950386925181
"ppiA" 0.322310807007358 6.41052912913779 3.83366740659269 0.0512517237574681 0.173950386925181
"mpl" -0.279561196512573 8.070154791976 3.81547399281161 0.05180302163229 0.175241244795701
"ddpF" 0.358165302972407 5.78830402546218 3.799732388452 0.0522851169707914 0.17629027926007
"rpsA" -0.570860771495236 12.8759225654227 3.77955600030957 0.0529100241753859 0.177119347997405
"osmC" 0.573223711580025 10.3374206218332 3.77660250216759 0.053002165706927 0.177119347997405
"pepT" 0.326624115136708 8.11462891686044 3.77509042564545 0.0530494047172715 0.177119347997405
"fusA" -0.570278089633024 13.4764658974772 3.75702855926 0.0536171580294788 0.17843372396174
"accD" -0.329318157098819 9.03888209680557 3.72619137051602 0.0546015030787175 0.181041657994422
"waaQ" -0.281476339948402 6.73535692259764 3.72146512862053 0.0547540624178252 0.181041657994422
"argS" -0.327923329721829 8.20950061388819 3.70643236782046 0.0552423371938952 0.181765651674549
"gltX" -0.339337873923011 9.02192962701431 3.70381908927149 0.0553276910463019 0.181765651674549
"nrdH" 0.518427841310038 7.61544705319109 3.68596747695282 0.055914528890579 0.181836984952866
"ybdK" 0.449521409122287 8.38941584510487 3.68061939509388 0.056091626867389 0.181836984952866
"azoR" 0.355390754114482 5.37019484679423 3.67843089234782 0.0561642700853783 0.181836984952866
"fabG" -0.373997177108055 10.3905416553929 3.67326212146508 0.056336236528694 0.181836984952866
"yodD" 0.555931103970266 9.18971883138282 3.67167505007459 0.0563891515228162 0.181836984952866
"ascG" -0.323960345447102 4.72558630997683 3.66915004373526 0.0564734478296154 0.181836984952866
"rpmB" -0.46251737621154 10.4989435654964 3.66562909852079 0.0565912177560627 0.181836984952866
"rplL" -0.457152175883059 11.0645870655817 3.65585652027099 0.0569194704418843 0.182320178759161
"atpA" -0.477580224562907 11.2698085157371 3.64381535402894 0.0573267209857124 0.183052613739424
"yifE" -0.422056567888295 6.93225085159847 3.58307317919257 0.0594291189442451 0.189176543223141
"nusA" -0.349008557628616 9.44471098570092 3.56405737239497 0.0601041145948844 0.190442833658562
"gmr" 0.323955206130829 7.14544565929987 3.55778601309223 0.0603285208622447 0.190442833658562
"ppa" -0.360303785412942 9.76467152678217 3.55623069153024 0.0603843131112514 0.190442833658562
"fadB" 0.705065398926276 6.7098096817864 3.53568765178376 0.0611264337405023 0.192192007926426
"rpsN" -0.494004621978684 10.9412457539629 3.49884392154884 0.0624819942300715 0.195853345828206
"rhaS" -0.606900419920414 2.30637825565917 3.45707834949372 0.0640576994831928 0.200180310884978
"ybhN" 0.340678783294512 4.98594176014845 3.44170141844032 0.064648517834092 0.201412555562141
"panF" -0.284228126055754 5.57923017743926 3.40931917218852 0.0659119331635575 0.204726459068626
"metE" 0.739342750321872 10.5590050309744 3.3886110000628 0.0667337575455463 0.206652874574577
"yjhU" -0.210251480888246 6.87068161754391 3.37790685418871 0.0671628722903476 0.207176989309826
"marC" 0.330941870386769 6.56974173734933 3.37432175956537 0.0673072560391924 0.207176989309826
"pcnB" -0.272649965985072 8.41366570470547 3.36248473445129 0.067786346927421 0.207601513719019
"mipA" -0.408710891453434 8.90790261700629 3.35960673323101 0.067903384156822 0.207601513719019
"fruB" -0.700406419994556 10.7061209195591 3.35194477163102 0.068216027213794 0.207601513719019
"carB" -0.745687743189972 10.8244893559463 3.34424825751441 0.068531639355556 0.207601513719019
"manA" -0.252022635860155 7.36324966947427 3.34365596225046 0.0685559927028502 0.207601513719019
"uspB" 0.478713982679543 8.80925027855679 3.34111917111975 0.0686604030738999 0.207601513719019
"prc" -0.269290444243768 8.84588715513467 3.32442823988888 0.0693516563910516 0.208954544958931
"trpE" -1.10926751070675 11.0371745522393 3.31394176986019 0.069789781004267 0.208954544958931
"maa" 0.437026521937751 5.20397454735942 3.3100831270327 0.0699517441881109 0.208954544958931
"kdsB" -0.246828108993545 7.51968605054334 3.30659202829972 0.0700986287725276 0.208954544958931
"ybiV" -0.308875198974676 5.5025608412053 3.30591425580679 0.0701271838691438 0.208954544958931
"insH1" -0.354920573455798 9.84101041390158 3.2798138202563 0.0712364035307021 0.211644387301361
"lysP" -0.312327125415773 8.37995063644212 3.27039183776191 0.0716414514636148 0.21194855968948
"hscA" -0.356089593081465 8.26701001936197 3.26782238506369 0.0717523416704872 0.21194855968948
"fimA" -0.356568171145912 9.0228937014352 3.21630997425644 0.0740398744005249 0.217746341982134
"yqjE" 0.37219716024479 8.587383064779 3.21351393236914 0.0741399740017218 0.217746341982134
"ghrA" -0.224460018638118 6.58810957580626 3.20343319378562 0.0745925283460422 0.218449547299123
"yegQ" -0.339519431925007 7.7075163974494 3.18322329893727 0.075508822862304 0.220502972746044
"mug" 0.273478559344917 6.37234200550637 3.16795901391396 0.0762089494463555 0.221915264723052
"ybhL" 0.334966833713472 8.66279720953888 3.15579239688795 0.0767720215056878 0.222921592190737
"tamB" -0.217889993700821 7.92439637799717 3.13112632760188 0.0779274270533966 0.224547997176175
"yaiA" 0.384476883188548 7.65163871183248 3.13093675189983 0.0779363796671493 0.224547997176175
"oppC" -0.353289241747408 8.94127622005156 3.12981549588317 0.0779893531655787 0.224547997176175
"secA" -0.302402639642628 9.40384503507035 3.12437475255088 0.0782469538636044 0.224655817326979
"iscR" 0.316894685321073 9.04463751830233 3.11165659664214 0.0788527157089191 0.224655817326979
"uspE" 0.42077610459342 9.77036928699241 3.11157211953905 0.0788567562637733 0.224655817326979
"yghU" 0.304597273224365 8.01843116952559 3.10700233575311 0.0790756643268041 0.224655817326979
"yihW" -0.279478415662332 5.42146675224191 3.10602259210349 0.0791226829805263 0.224655817326979
"eda" -0.292624047967526 7.43521681018258 3.09171202892085 0.0798129208575821 0.225989623975198
"yacL" -0.36324779359729 6.10414763686161 3.07928469093219 0.0804176203263267 0.226887006071371
"dauA" -0.267611632698526 6.07259341825979 3.07507086323178 0.0806237861038894 0.226887006071371
"trmL" -0.322046247379706 4.94907525624783 3.07160249497672 0.0807939094790735 0.226887006071371
"melA" 0.383134239174797 6.32141399813176 3.05555192367308 0.0815862748233968 0.228384603590709
"yggE" 0.261063089654883 8.50611468522023 3.04113324969418 0.0823052698756742 0.228384603590709
"udk" -0.335413927870533 5.95398526972877 3.7227330806385 0.0823714854502834 0.228384603590709
"blc" 0.364824455620473 7.27479629282484 3.0348717851244 0.0826196401842261 0.228384603590709
"grpE" -0.410173868873595 10.2862437091977 3.03168325172228 0.0827802280582206 0.228384603590709
"yjjI" -0.323820878540117 6.10498874260739 3.03110280233723 0.0828094983595167 0.228384603590709
"ubiE" -0.209042206484035 7.44220210633163 3.02956894878055 0.0828869000348719 0.228384603590709
"gsiA" -0.436960273316635 8.15060780146818 3.02248454662476 0.0832454155353388 0.22875750917888
"katG" 0.266096196937002 8.50423392170234 3.01445332881229 0.0836538838927657 0.229265323502901
"deaD" -0.412020760231069 9.91735681938694 2.98853996474194 0.0849867586148052 0.231112978094777
"hemD" -0.209857235956957 6.67440457353968 2.98845744704571 0.084991039672149 0.231112978094777
"gltI" 0.325600661701595 8.31622119241017 2.98819839915141 0.0850044807236398 0.231112978094777
"purL" -0.475962531101655 10.0943867455576 2.96884521009964 0.0860152147784993 0.233242315206248
"mdh" 0.309428221883409 9.95212208504452 2.92609242600031 0.0882946795447625 0.237968256181731
"typA" -0.384848903465947 10.7337941102443 2.91512882039369 0.0888897733332498 0.237968256181731
"dgt" 0.227558357108515 6.1012898926649 2.91130911951731 0.0890981286500181 0.237968256181731
"trpC" -0.875047858793658 10.3777163939361 2.91025579255625 0.0891556786614805 0.237968256181731
"yjhQ" -0.586388581116431 2.06184989849976 3.87902021536472 0.0895181706259987 0.237968256181731
"pspB" -0.482760628767918 7.74814465642048 2.90245529957419 0.0895831332228616 0.237968256181731
"qorA" 0.386029777551558 8.67067418516334 2.90228462405435 0.0895925109166818 0.237968256181731
"tktA" -0.470178489475809 10.6062705672151 2.90186879742257 0.0896153628157544 0.237968256181731
"amiA" 0.239662017168731 6.01574271941536 2.89274910376571 0.0901181407694606 0.238620715421426
"yiaG" 0.511405867366921 9.31843393488798 2.88898292947143 0.0903266708131838 0.238620715421426
"thiB" -0.28295782854527 5.7108715452947 2.86879011097637 0.0915201018882001 0.241018855988393
"acpP" -0.36926298017314 10.7071218334817 2.86262551004875 0.0918008830957354 0.241018855988393
"sixA" 0.320211348855729 8.6149808899412 2.86016433366473 0.0919398757965481 0.241018855988393
"ackA" -0.412910261830547 9.88015375493038 2.85423848226837 0.0922754767800429 0.241281540049857
"uspA" 0.395477980287217 10.3208119208007 2.82952693696108 0.0936894761085379 0.244355503845423
"mqo" -0.332522234220608 9.2775674284937 2.8147416345113 0.0945468098586069 0.245965685545868
"ushA" 0.24239902588845 7.71019805726824 2.80014880575242 0.0954014062112627 0.247240725588515
"dadA" 0.449623293824488 10.677431434289 2.7981461807017 0.095519343739563 0.247240725588515
"hisJ" -0.368840319309761 7.06438022907231 2.78614604514987 0.0962294021929738 0.248451227324429
"lpxA" -0.225243906706769 8.64647997933096 2.77134829755654 0.0971129692902774 0.250102496287775
"skp" -0.277024850712359 9.39593104186529 2.76675542359447 0.0973890126498471 0.250184806932565
"cysK" -0.642297454997426 11.6213294904936 2.74618286663128 0.0986360765180935 0.252754946077615
"map" -0.26637021739023 8.26748412057688 2.73885904699801 0.0990842495435147 0.253270213920455
"metF" 0.673449164825281 6.5978859805454 2.72182685778664 0.100135182372603 0.254893186266323
"uvrB" 0.270846487156435 9.26029444663906 2.720516500195 0.10021654055154 0.254893186266323
"ybiH" 0.286435040965643 6.82188160286603 2.68113794231007 0.102695709335017 0.259949626910939
"sodC" 0.423708742861836 8.6490786261751 2.68088572789978 0.102711803803834 0.259949626910939
"ihfB" 0.317143045333199 8.97750288572787 2.67231334375848 0.103260483690093 0.260694570892477
"sucD" -0.339855155153681 9.38961806606846 2.66701698889698 0.103601091017838 0.260911838558438
"hchA" 0.386289106048739 8.32519711716721 2.65174306998168 0.104590298742234 0.26275749071272
"ybhQ" 0.440698573705344 6.17282789047352 2.64226666709433 0.10520925943802 0.263666236977924
"bamD" -0.255038240122403 8.41957690045798 2.63366058853899 0.105774872270873 0.264437180677184
"ydcH" -0.517889549576211 6.45968088765155 2.61716070691473 0.106868683112827 0.266521654965081
"nudF" 0.181417702688741 6.43326473829222 2.59322525775453 0.108477657490406 0.269877667300161
"cspE" -0.745718203156674 11.0027448850618 2.5597308898317 0.110774287175169 0.274924078340311
"manZ" -0.361754391279269 8.96767334405332 2.55370051295165 0.111193458620379 0.275297814217123
"yajO" 0.359630975525848 9.38063715447124 2.54450265540229 0.11183618498383 0.275481894089507
"ivy" -0.298686605765911 7.78491155015321 2.54150911313602 0.112046253122491 0.275481894089507
"argP" -0.181559224287365 6.61474727148581 2.53847506935334 0.112259609148546 0.275481894089507
"soxR" 0.268460801031455 4.67159632601085 2.53546167984342 0.112471958002106 0.275481894089507
"pspA" -0.505280727008414 11.2656020334417 2.52972004452203 0.112877794193286 0.275481894089507
"rpmI" -0.364016594696609 10.6470807655865 2.5296834518268 0.112880385870822 0.275481894089507
"exuT" 0.376865283858672 7.51727551963531 2.5066209083801 0.114526981497867 0.278294307550556
"pitA" -0.243865246320656 8.56013355235489 2.50594272864185 0.114575802718375 0.278294307550556
"srlR" -0.266618176490616 5.6165772840053 2.49064329905374 0.115683344228934 0.280320160365619
"tktB" 0.502825357621707 11.3160523599292 2.47599015758695 0.116755247042178 0.281545244921744
"ycaC" 0.394691378888014 8.49405831260319 2.4723932889151 0.117020046673623 0.281545244921744
"yajC" -0.252324840626367 8.00918750065997 2.46556511612995 0.117524570222374 0.281545244921744
"rplT" -0.35452187084594 10.6954800694529 2.46508074423337 0.117560451419378 0.281545244921744
"ydgD" 0.316392000686469 7.69654269161505 2.4650556976214 0.117562307147811 0.281545244921744
"folE" 0.2889933271363 8.28656158336218 2.43785469330851 0.119597009861227 0.285750431486614
"hisA" -0.257800951869187 6.72451934969497 2.41337861452532 0.121461408601963 0.289530101900028
"ompX" 0.450851981914615 12.616784644781 2.39671459858364 0.122749261821731 0.29192109829994
"talA" 0.446034907247653 10.315903216518 2.38194957636926 0.123903083558311 0.293983010757566
"valS" -0.292966088882868 10.0861166107656 2.37429262400809 0.12450620161804 0.294731770573882
"trxA" 0.267461472524021 9.20452447481086 2.3642673412428 0.125300827129863 0.295929372829745
"mtlR" 0.254935545267963 6.99618006970081 2.3537114003284 0.126143640952584 0.296555679026896
"glnH" 0.261991891366192 8.62090822040441 2.35369869027611 0.126144659566563 0.296555679026896
"rssB" 0.265887405643222 8.52527385694231 2.34612674142667 0.126753130992188 0.297304254615545
"pdxH" -0.262679402178707 6.66872103995341 2.32732859022654 0.128277962332042 0.300193861621787
"ycdZ" -0.229944219976814 6.22194280639881 2.31563644502824 0.129236732084607 0.300789928173869
"ygiC" -0.192861530051983 8.21933716194145 2.31507186145397 0.129283231260029 0.300789928173869
"yhgF" -0.249680365981718 7.66522172723373 2.31349704361402 0.129413032511879 0.300789928173869
"trpD" -0.91075174769093 10.8896904611269 2.30287407082858 0.130292433382771 0.302148742573167
"nlpD" 0.389773069704427 11.6376677555295 2.29553946406488 0.130903521501261 0.302880608439713
"rpsU" -0.445905316041343 9.18651816178661 2.2695402314467 0.133095702713852 0.307259223607428
"hspQ" 0.402816595047636 10.57641118721 2.24612738176241 0.135105129199985 0.311197207707831
"mreC" -0.272935884730992 7.11356571313172 2.23901201328548 0.135722551338652 0.311918419556319
"lysS" -0.313989532150002 9.74367529239152 2.22795393929138 0.136688404337548 0.313435379073795
"ycdX" -0.213300516803551 6.73615335030389 2.22105119341232 0.137295236813451 0.314124146727203
"yohC" 0.466681935532141 9.80974262133807 2.19622906820997 0.139502609127165 0.318463639989631
"ydeI" 0.345983018161076 7.34308806059109 2.17578500319279 0.141350735629418 0.32196556448923
"hisF" -0.239915697602726 7.03714345182894 2.16759968303217 0.142098419118786 0.322950952542695
"raiA" 0.470477745422845 10.3844141261565 2.16318802263356 0.142503252424465 0.323154499413886
"ygiW" 0.448765054773774 10.2801433062506 2.14468642221321 0.144215302364652 0.326310536884075
"ygdH" 0.286810971146646 8.71279126362954 2.14129450935935 0.144531691458898 0.326310536884075
"aroF" 0.81339895542329 11.2095349893159 2.12964789014067 0.145624055600844 0.328054191188715
"asd" 0.320018486500943 10.1143454331211 2.1239025007221 0.146166371630309 0.328553795879533
"pyrC" -0.391643443115758 8.86988969966512 2.1174765184532 0.146775643226323 0.329201387980265
"tyrA" 0.757023050306017 10.5303819504384 2.11170040643226 0.147325756317732 0.329713755951256
"araB" -0.750580299013165 10.6498260588382 2.10322189429651 0.148137485278174 0.330808109825988
"sbcC" -0.211735122464919 6.17049341070969 2.09214270374424 0.1492058631987 0.332469586475363
"oppD" -0.286848668193452 9.45951990339649 2.0830991521607 0.150084431565974 0.333692582555689
"zapD" -0.20540230226295 5.9117098196555 2.0798058780229 0.150405827454369 0.333692582555689
"fkpA" 0.211898533917098 8.88750036899708 2.07295263652452 0.151077157581487 0.333796959888689
"plsB" 0.251953438632599 8.69587546610812 2.072677456237 0.151104184769124 0.333796959888689
"hslO" -0.248452902530452 8.93005661595596 2.06922420042497 0.151443818679241 0.333827772357466
"dadX" 0.309429610718105 9.3190737665996 2.0181364839577 0.156571343670632 0.344102217564268
"brnQ" -0.205729318615201 7.94131942890766 2.0161339573066 0.156776327417086 0.344102217564268
"ybjQ" 0.230346881948119 6.87714704279275 2.00088324744686 0.158347525760676 0.346094897430882
"ybgS" 0.358117017706929 9.43550827089694 2.00076750276317 0.158359518922033 0.346094897430882
"proP" 0.303904941534833 10.3970991631822 1.99480505187065 0.158978739662878 0.346708953520106
"csrA" 0.321737177700441 9.91879486707641 1.98211310507471 0.160306087462697 0.348861442992068
"smf" 0.21913085359149 5.98733232844291 1.97082345542946 0.16149745129516 0.350709507579532
"sapA" -0.18606008585476 7.49850876591276 1.96508194346089 0.162107225750981 0.351273783155148
"zapE" -0.212210959350806 6.02898711966081 1.96193368100137 0.162442705576137 0.351273783155148
"dhaM" -0.215249615784063 7.84302601607258 1.95231186588834 0.163472955197816 0.352757429637393
"topA" -0.297248447898568 10.4831437699251 1.93223706631737 0.165646694750991 0.356697189327239
"rseP" -0.193822128532036 8.75560090299186 1.92060752932578 0.166921152415652 0.358433835794452
"uxuA" -0.259763869639473 7.74901806338633 1.91908027546663 0.167155093662349 0.358433835794452
"waaL" -0.284092274789625 5.22960777008082 1.91533880800312 0.167502251068822 0.358433835794452
"usg" -0.215606084831277 7.21374848794306 1.89021114447403 0.170305886038851 0.363674027478796
"ycfH" 0.266424454491613 8.92737453511502 1.88653798701132 0.170720236024624 0.363800918763492
"hrpA" -0.165666526377229 8.29923942601356 1.88007032076429 0.171452650756398 0.364603666027611
"speB" -0.197973090639671 8.18700051236036 1.85662170161565 0.174138631030496 0.369548854671342
"opgH" -0.214940264316272 8.89013252460195 1.83708263587146 0.176414003603364 0.372219391823534
"truA" -0.176672303893878 7.72948373889669 1.83570026607835 0.176576283927353 0.372219391823534
"yciG" -0.393314292259497 8.65527590669096 1.83370870522187 0.176810383173872 0.372219391823534
"tpx" 0.284174021529321 9.8641418934548 1.83337534174049 0.176849603724937 0.372219391823534
"gabT" 0.450167251780823 9.91596632384382 1.81089472643833 0.179517908324736 0.377061180395193
"yncG" 0.333038856260128 6.79345819521124 1.80199949229593 0.180586601329102 0.378530197059978
"ydhR" 0.265476348425016 6.5485514821355 1.7978636719491 0.181086004986414 0.37880235736954
"osmE" 0.374388542940869 9.99827688123819 1.78684619570832 0.182424232902184 0.380824518787656
"glgC" 0.266387184980436 9.31708409668738 1.7645582085136 0.1851667968687 0.385764160143125
"zupT" 0.171735849135951 7.1636699276647 1.75884671259622 0.185877322279812 0.386221345119989
"yggU" -0.250633367965593 4.37764938034783 1.75535374242742 0.186313425151553 0.386221345119989
"yagE" -0.487739402055283 7.23712990019757 1.75372927326121 0.186516649594531 0.386221345119989
"tam" 0.29557696768532 7.52829270699866 1.74078098541159 0.188145798200884 0.388809361201424
"pyrI" -0.434698733405504 9.29312425741603 1.7348563465359 0.188896777321883 0.389575848601468
"sdhB" -0.32881279112519 7.98387895065464 1.72841135016481 0.189717700217363 0.390020711766685
"msyB" 0.305869160468572 7.94983928649356 1.72719188232109 0.189873497728367 0.390020711766685
"sucB" -0.295611705396798 9.96708465558128 1.71974768862 0.190827812972497 0.391184794351311
"ghxP" -0.298341475949587 7.08573829845571 1.71682911628769 0.191203494604884 0.391184794351311
"glyQ" -0.207951188962861 8.8678005377539 1.70495372526702 0.192741076277765 0.39354502626436
"lpxD" -0.205146477790883 9.59650586215117 1.69766905850985 0.193691446774098 0.394699270265308
"yshB" -0.247945776628623 6.24488090481337 1.68069550899782 0.195927283843683 0.398463226070982
"rpsO" -0.330320652125459 9.1158375560844 1.67494207462311 0.196692031327404 0.399226400218989
"lepA" -0.195251837697722 8.91281302997272 1.66813105218036 0.197601900196112 0.400184221059952
"sdhA" -0.369604735012768 9.2896135169614 1.66557392280246 0.197944780563313 0.400184221059952
"sucA" -0.333296834388458 10.6327741667322 1.66022877663606 0.198663767620505 0.400847168919326
"malP" 0.225570358182367 8.60505369433187 1.65371144470176 0.19954459802774 0.401833424319123
"yefM" -0.204630193126343 6.13704696873156 1.64927575930936 0.200146725050929 0.402255672896475
"ivbL" 0.412228996202744 4.32054030015317 1.63243077661601 0.202452997396324 0.406094564248987
"yghA" 0.322756325369614 8.20062036234661 1.62344947972175 0.203695476962488 0.407788796653418
"yfbV" 0.214234843790849 7.85324778052992 1.61074238961049 0.205468842750278 0.410537161440613
"glpD" 0.511629129685382 9.70011655757134 1.6015268103762 0.2067663970315 0.412325986298225
"thyA" -0.181077528463439 7.20982562956075 1.5913585935653 0.208209383471857 0.414397316618745
"cyoB" -0.312659256199715 10.6854091156214 1.58308086946157 0.209392927532445 0.414580592828788
"spoT" -0.20790561769554 8.95024217365413 1.58080080668724 0.209720333478683 0.414580592828788
"elaB" 0.384576075270851 10.2543350096708 1.58002789294883 0.209831458311558 0.414580592828788
"ybdD" -0.28059214582723 6.17712823325798 1.57746488505913 0.210200453629973 0.414580592828788
"ymdB" 0.229567715598966 6.7918532265789 1.57660923633708 0.210323812947287 0.414580592828788
"ydcS" 0.434453148316779 8.07565982571487 1.5674695394338 0.211646879675643 0.416387815100834
"potG" 0.254311811110417 6.30302150614654 1.56461044160549 0.212062798063733 0.416406835278403
"fhuE" -0.350992483565936 8.31508054030204 1.55607135457824 0.213310808612005 0.417667201644957
"osmB" 0.293322061030627 9.33337565550272 1.55245269549814 0.213842327244573 0.417667201644957
"relE" 0.266149656306465 9.25865172925882 1.55187652007367 0.213927103281563 0.417667201644957
"yjgA" 0.195558360103424 7.84709772888498 1.54421415244829 0.215058336233614 0.419077556348772
"yahK" 0.27309836647587 8.97297141483853 1.54142263156532 0.215484075153566 0.419110392850865
"yjjG" 0.165824066737369 6.63875717582705 1.51721184760569 0.219102251208566 0.425340544486327
"acnB" -0.314140581295092 11.1100795848776 1.51139433576547 0.219985380397301 0.4254834954271
"potD" -0.224882097613149 8.59864783443776 1.51125818374699 0.220006100074501 0.4254834954271
"tufB" -0.31212550993976 12.4548040086048 1.50794188142811 0.220511500392063 0.425657792658879
"gyrB" -0.201801164363297 9.53790299305235 1.4962496252624 0.222304542422881 0.428312323277168
"ybeY" 0.18857966701567 8.64640838158029 1.48535541625175 0.22399099516728 0.430751913783232
"ettA" -0.185679385380969 9.20536718531368 1.47919001871536 0.224952238088706 0.431790344645924
"araA" -0.548562898786629 10.6946936124868 1.47482559593315 0.225671464878378 0.432361217757641
"oppF" -0.242486686552788 9.55198428490064 1.46974437336992 0.226434561839933 0.433013854264797
"ychH" -0.514918357529413 11.0168823683872 1.46335854405018 0.227443379696475 0.433110438785918
"fucR" -0.193043975539273 4.8353121112171 1.46307256959225 0.227488684021056 0.433110438785918
"nlpI" -0.242836775738255 10.1485876237593 1.46084816980605 0.227841447647175 0.433110438785918
"yodB" -0.317019982971663 3.71375623290785 1.45616215801291 0.228586758536213 0.433110438785918
"rmuC" -0.234841871800765 5.67309895041595 1.45485331655041 0.228795456067694 0.433110438785918
"tolB" -0.234088802065224 9.73108184973371 1.45344451984991 0.229020349094603 0.433110438785918
"tusE" -0.193623974944661 5.33704609067297 1.78371436023499 0.233060585326148 0.439939410606449
"trpB" -0.564052016389436 10.8045455929721 1.4158584127715 0.235120461024981 0.443011898070965
"pgl" 0.265477765487739 9.3027758595419 1.40751739639575 0.236500809295868 0.444754957443438
"tmk" -0.157623340869059 5.97842905656133 1.40503589449295 0.236913372452797 0.444754957443438
"dcyD" -0.320312094451205 7.55679028912363 1.39910506406277 0.237902960239937 0.445796223484343
"oppB" -0.246211249615975 9.02520086884171 1.39540938138703 0.238522149640343 0.446140882082758
"asnS" -0.261211799892941 9.95544651868507 1.37882701768857 0.241324742232672 0.450560766463551
"fabI" -0.20645448793359 9.61181247171688 1.36134558987173 0.244322987555391 0.455329204080501
"yhcO" 0.299252045446254 6.23458143590021 1.35035867028502 0.246230719972086 0.458051702307419
"hisS" -0.190884152011632 8.84793331282999 1.33628169085326 0.248701799217207 0.46181040615514
"infB" -0.267551634735246 10.7317416628 1.33260181674921 0.24935278603142 0.462181927092595
"argA" 0.35086363494293 6.7674271987461 1.32367773108674 0.250940231976634 0.464284725227526
"deoA" 0.242721222933627 8.84707284698992 1.30722136583332 0.253900356900083 0.468915073554208
"cho" -0.180050281901661 4.4739642579058 1.2851230249449 0.257943575737887 0.475525476854918
"hns" 0.241433197074059 10.6025599824699 1.26922949366309 0.26090097514955 0.479124433848342
"ydiY" -0.306506697780364 4.74807867513646 1.26763818219455 0.261199395062407 0.479124433848342
"sodB" -0.443748978447198 7.09835753802201 1.26711230877736 0.261298105874364 0.479124433848342
"kdsA" -0.142071219967802 8.05129814745175 1.26019974638255 0.26259997863332 0.48065174660563
"hldE" -0.153762369463977 7.85221271435768 1.24585415612082 0.265327645084563 0.484778674174113
"acs" 0.446782025570559 9.91789936240422 1.24344859781733 0.265821917769084 0.48481755465002
"galU" -0.16011474049393 8.55638889857099 1.22207871369276 0.269926744460511 0.491429685740718
"pfkA" 0.212332039930152 9.97839513564872 1.21505354524665 0.271304774594178 0.493062755246511
"cpxA" -0.153336977274475 7.8080402362502 1.21188038005835 0.271930106799207 0.49332453003396
"nudB" -0.154107857483505 7.33314913719585 1.20688326375251 0.272918560982053 0.494068572257733
"purC" -0.277626907234906 8.79815924308646 1.20376751534667 0.273537159514985 0.494068572257733
"rsmA" -0.143592093689777 8.00253851698265 1.20251519377119 0.273786291748675 0.494068572257733
"nagC" -0.120593658886137 7.48704076335221 1.19575798870846 0.27513548789451 0.495630711936507
"glyS" -0.214622234800929 9.81869710582716 1.18900998122816 0.276491223730247 0.497199130392111
"luxS" 0.186405511740994 9.10855148199771 1.1852052309095 0.27725935066157 0.497707240679702
"lnt" -0.148111847324412 7.27575583726071 1.17420459211186 0.2794954537785 0.499428785138309
"tpiA" -0.194919983973783 9.86249629871656 1.17348084771932 0.279643368146799 0.499428785138309
"hemC" -0.151060274965409 7.97116462803466 1.16647131042276 0.281081077668395 0.499428785138309
"cfa" 0.266371364318139 11.0148282012301 1.1661534043192 0.2811465044726 0.499428785138309
"ndh" -0.252951134068373 8.02497502315974 1.16493755298941 0.281396911548938 0.499428785138309
"pyrG" -0.23350930302122 10.507238383165 1.1648772969321 0.281409328763209 0.499428785138309
"yafD" 0.185947477856057 9.37163649484785 1.16381133905557 0.281629110058481 0.499428785138309
"ridA" -0.248488515162206 9.14937889818425 1.15614448536065 0.283216313515722 0.501376029971701
"uhpA" -0.254001387969728 5.47945040790396 1.14813606824516 0.284886386206873 0.503463010106975
"surA" -0.166028830752326 9.00601652499163 1.14451661007274 0.285645298234348 0.503935336816191
"clsA" 0.12111032010834 7.40810710909844 1.13499551199056 0.287653978657486 0.50577110279494
"slyB" 0.207768583979991 9.90178690020153 1.13490700935879 0.287672734565317 0.50577110279494
"rng" -0.12139854736674 7.93453101034828 1.1099917159742 0.293015684809175 0.514282665975007
"wcaN" -0.146476724625705 8.98322786426361 1.10595346824765 0.293893605112689 0.514941786735907
"glnD" 0.154962201108601 7.48415319753185 1.10134346822925 0.29489995943949 0.515823307893305
"pdxB" -0.142160468706386 7.97991736176327 1.09121071891351 0.297127545840757 0.518834300658902
"ydhP" -0.180450150818196 5.16929402120383 1.0843991525607 0.298637197161733 0.519305241411084
"gabD" 0.354160096907338 9.95906480427198 1.08356615531468 0.29882249322694 0.519305241411084
"ypfJ" 0.139042316823932 8.13738741307485 1.07863851857731 0.299921663368135 0.519305241411084
"mqsR" 0.265161026929201 8.34911545236547 1.07633920664776 0.300436340772602 0.519305241411084
"hisG" -0.206412789880787 7.56966524620852 1.07513112797724 0.300707214414684 0.519305241411084
"ydbC" 0.241226757391589 6.82977964790799 1.07118083003214 0.301595152949232 0.519305241411084
"fhlA" 0.176852307341104 6.61831693885273 1.0688572732388 0.302119022018932 0.519305241411084
"ilvX" -0.277249694883727 2.77389409121897 1.0688260411396 0.302126071630354 0.519305241411084
"moeB" -0.139814191554803 6.04333969969447 1.06798350568255 0.302316326520526 0.519305241411084
"fbaA" -0.257612899332928 11.324312553267 1.06733161418392 0.302463638168212 0.519305241411084
"ubiC" -0.145221385627012 5.68938242354854 1.04794449538899 0.306887557340768 0.526019642599143
"serC" -0.200061223592774 9.81678497451979 1.04471167789199 0.307633414968452 0.52641778020478
"tufA" -0.271597116825582 12.9677085971588 1.03094315168101 0.310836613278901 0.531012547684789
"lptA" -0.126575396410901 7.70396761510864 1.02707591697007 0.311744140798733 0.531087564016615
"iscA" -0.155678767482365 8.46494853707388 1.02634186060624 0.311916793695612 0.531087564016615
"fdhD" -0.170425705444525 6.05508464096349 1.44547199139451 0.313658415903308 0.532389734785537
"nuoL" -0.209748249277143 8.4104988659078 1.01870530314249 0.31372039005899 0.532389734785537
"yehE" 0.235385084857536 5.50857520356294 1.00775867022805 0.316329688027021 0.535505211342883
"yjbJ" 0.386336447896795 9.90754266947859 1.00617738585125 0.316708965217199 0.535505211342883
"yqfA" 0.160635180940743 8.35157611202739 1.00445164427757 0.317123573936712 0.535505211342883
"entF" -0.329159443310047 10.5479486639342 1.00167425260699 0.317792342304676 0.535751892865613
"pykA" -0.168375039755905 9.2873180840887 0.986030515012343 0.321594138455131 0.541270922687207
"yhjK" -0.112854821632906 6.58970614292786 0.969439295741829 0.325692195889582 0.547269673421019
"glgP" 0.202688357144823 9.65408397503988 0.963963090847837 0.327060029230072 0.548614800145901
"dnaQ" 0.120769878614904 6.7582179526958 0.961956359481777 0.327563178233455 0.548614800145901
"gadC" 0.333293926107825 10.4865058374511 0.95693304235903 0.328827204379575 0.549153821211593
"psd" 0.130997308204099 8.0009872289208 0.955572354571744 0.32917071498915 0.549153821211593
"ygeV" -0.344612352091122 7.10427882290338 0.953406080759184 0.329718586756498 0.549153821211593
"yiiM" 0.134282401174189 7.17917992383313 0.952184580431608 0.330028052552528 0.549153821211593
"cbpA" -0.190728547010172 8.68366879287343 0.93647762636816 0.334042208432527 0.554932355985964
"ydhQ" -0.142264667466787 8.8434913494532 0.931666739493071 0.335284778733483 0.55609530453369
"ybbN" -0.168331215764266 9.76740355478915 0.920389790439925 0.33822185921466 0.560060429232676
"relB" -0.210290895524577 7.70512126532678 0.915566590815667 0.33948863813975 0.56015430590414
"yncE" -0.271674621003066 10.0370226567802 0.915340791470086 0.339548099372585 0.56015430590414
"yieP" -0.129433543568422 6.20742399609834 0.91393721568019 0.339918027582805 0.56015430590414
"pgk" -0.240406615258246 11.1130817957557 0.909274580535185 0.341150830803128 0.560641481509017
"hisB" -0.17350982108453 7.92328958181132 0.908683309203273 0.341307594596709 0.560641481509017
"tyrS" -0.174820522863474 8.99584414064437 0.898037081364409 0.344146985428068 0.564401056102032
"nrdE" 0.266876020279931 9.70670400256828 0.885825138032825 0.347443560280796 0.5679156685759
"hdeB" 0.276176625727256 9.42999983497086 0.885445321630172 0.347546777711965 0.5679156685759
"trmA" -0.151902861143078 7.91379656142125 0.882899048653784 0.348239822564864 0.5679156685759
"ahpC" 0.21840677408874 11.1125093690072 0.881462334487196 0.348631698771853 0.5679156685759
"gadB" 0.326598655737143 11.1349102626637 0.879542456511011 0.349156301203633 0.5679156685759
"mak" 0.149937033410317 6.40361875222761 0.877869080560925 0.349614426215993 0.5679156685759
"kdgK" -0.118920435225902 5.96194248643036 0.87198447117592 0.351232007122813 0.56935317084782
"aceB" 0.23917855275755 10.5842440053654 0.870613620616677 0.351610299655288 0.56935317084782
"fbaB" 0.266303505414139 10.6636003688369 0.852427761390324 0.356682046779157 0.576654728625609
"ytfK" 0.309599067615772 9.14758917528982 0.849011856230171 0.357645887195961 0.577302416339937
"uvrA" 0.170518568838006 9.78254858573342 0.845191558172073 0.358728089035956 0.578138822738766
"sufC" -0.213784767669343 8.2296089811125 0.841605300368602 0.359748108515895 0.578872545100146
"exbB" -0.178674829131084 9.20220166832934 0.838172289185083 0.360728298345214 0.579539977748972
"yebV" 0.331252965331149 10.3108497981748 0.825714856011619 0.364316351329891 0.583861744334798
"ycbZ" -0.128201524669786 8.51396041400241 0.824883449139984 0.364557576950508 0.583861744334798
"metK" 0.260636787447196 9.47139755687006 0.816775452074545 0.366921733197962 0.586731320636367
"pck" -0.23160650057038 8.77876770418933 0.807742663207421 0.36958078336539 0.589956456822825
"bsmA" 0.317793362276686 8.80703463055286 0.806024026423448 0.37008975779227 0.589956456822825
"gpmM" -0.142337928034967 9.35345385343621 0.80393885851199 0.370708598210294 0.590025331002409
"tilS" -0.115498513763903 6.14946721574275 0.792613879431075 0.374095113176808 0.593938522673846
"clpX" 0.210786098548901 11.1476991564049 0.791846566806996 0.374326132338834 0.593938522673846
"lpxC" -0.249073153339235 12.0382191143655 0.783693494025305 0.376793277576761 0.596929071895178
"lsrR" 0.237549455629343 7.53861128495306 0.772509555734967 0.380215066510127 0.601420436995186
"sgcR" -0.258051326783526 4.380808939162 0.768871411708787 0.381337660673379 0.601497183017206
"yceM" -0.133101476429626 6.67379304431901 0.768549431489568 0.381437238010911 0.601497183017206
"otsA" 0.186275774898061 9.73359926828173 0.766389653784064 0.382106137776077 0.601617942183349
"mukB" -0.143860153597433 9.20891742104001 0.762822432375805 0.38321458857308 0.601617942183349
"menC" -0.130264382922934 6.92132466873539 0.762742872413462 0.383274649995831 0.601617942183349
"agp" 0.260229446787275 8.6119082711339 0.759308726522216 0.384310887617885 0.602322109798673
"pepN" 0.171373642806142 9.95964610353859 0.752702704679057 0.386384144475064 0.60361522831662
"nuoF" 0.156965851908013 8.59209935904703 0.751986426937853 0.386609902237025 0.60361522831662
"ycjF" -0.280650590305136 7.61850049549258 2.28818514550521 0.387580453605519 0.60361522831662
"mrcB" -0.127544431270542 7.6422817907305 0.747867157076028 0.387911889096156 0.60361522831662
"nrdF" 0.237964539139128 7.91302384768634 0.74733538383295 0.388080424839661 0.60361522831662
"yffR" 0.204955450911662 5.06735553257074 0.742983578486435 0.389463599066622 0.604848771277709
"gntT" -0.182321071251724 5.9064030659218 0.736059648006446 0.391678916279322 0.606628590375581
"aas" -0.102753192541222 7.16244184538709 0.735703689502391 0.391793294466961 0.606628590375581
"nrdA" 0.161458704227607 8.66278212405238 0.72187706677195 0.396273646272253 0.612640252532517
"yddE" -0.109515258078457 6.12959274446241 0.715244549690727 0.398449157239858 0.614334594247783
"maeB" 0.15163236659982 9.08042460972707 0.713760994656283 0.398938143498386 0.614334594247783
"dmlR" 0.219906074792985 5.41903323398013 0.713065600305528 0.399167648555145 0.614334594247783
"rspB" -0.426687929514935 9.52470969448999 0.709785924005554 0.400260844081178 0.614462442598529
"ydcY" 0.15529620232348 6.27608812230758 0.709191771742399 0.400449669908114 0.614462442598529
"yjjZ" -0.22560413985431 8.07126967576433 0.698298152008147 0.404087171995785 0.6191171170339
"gapA" -0.244918512938471 13.2304738355076 0.693655366654098 0.405652135745847 0.620587222596259
"pfo" 0.171385790794037 9.53060860179187 0.691679707655261 0.406320773973678 0.620683745637884
"yfjL" -0.107813610025897 6.17934486907759 0.687240130204586 0.407829209673526 0.621426519747652
"rpoD" -0.194560276340961 10.9013781177147 0.68586493983403 0.408298127603506 0.621426519747652
"glgX" 0.143252561373796 9.02268932261845 0.683341954361017 0.409160490471596 0.621426519747652
"rraB" -0.130194179181306 8.70125301318083 0.683132805638735 0.409232098370405 0.621426519747652
"hflX" 0.13413425346308 9.69012832551563 0.674791670916154 0.412103054518558 0.624367083588626
"speA" -0.165114681730495 10.2023588166434 0.672366996402453 0.412943192381429 0.624367083588626
"glpQ" 0.190757728831839 6.45544988331149 0.670831422236282 0.41347657335664 0.624367083588626
"mepS" 0.185649649953432 7.34526101922794 0.669640136812301 0.413891069230879 0.624367083588626
"polA" -0.103735470865811 8.72681488403639 0.66871249316289 0.414214260331967 0.624367083588626
"cheZ" 0.150157138450961 3.27034440095814 0.666204888682319 0.415089786303365 0.624768033716519
"tamA" -0.099376099921592 7.22170823274867 0.660273247464411 0.417171786845077 0.626834763022922
"mreB" -0.148637726981848 8.98545978377712 0.658815048644202 0.417685993311859 0.626834763022922
"sra" 0.31135356588541 9.84625850348304 0.653473324212752 0.419577749219405 0.628560216823355
"yecN" -0.108478619803483 6.0552687943789 0.650531269417077 0.420625140624008 0.628560216823355
"poxB" 0.214384756808923 10.1085235019926 0.648473486090781 0.421360052735247 0.628560216823355
"ileS" -0.17226741045819 10.7565494983598 0.645898508606046 0.422282387925364 0.628560216823355
"serS" -0.165379985392353 10.1866361312142 0.645740978977182 0.422338911967904 0.628560216823355
"rsxA" 0.133156247996725 5.11178066158181 0.645250122525845 0.42251511160126 0.628560216823355
"secB" -0.122341322769938 8.87634903688982 0.635206719920953 0.426144730044502 0.632659512240017
"nnr" 0.142462642915372 8.09841205949005 0.634216596036667 0.426505095568636 0.632659512240017
"ftsZ" 0.153308320353827 9.86306835743866 0.621064324614025 0.431336061674044 0.638900958404473
"yeeO" 0.136961939901721 6.18634650132605 0.61174367136734 0.434810152674286 0.643117469684189
"prlC" 0.165700628135289 9.9857194859077 0.644075595238747 0.438945470354437 0.647448347620705
"opgG" -0.108230981504644 8.93168629500743 0.600648926667077 0.439001562533063 0.647448347620705
"aceE" 0.218088438022003 12.0670079890044 0.593631724636973 0.441684684896855 0.65011948777881
"fumA" 0.198907227014469 8.30181372402719 0.59260015381489 0.442081251689591 0.65011948777881
"nudL" 0.0993440895566655 5.41951478422175 0.587103132858203 0.444203785902155 0.652304986460901
"ybjP" 0.149308419702621 7.77293051239498 0.582222745425179 0.446101489044687 0.654154544021179
"ybhG" 0.143638318141611 7.7839786425594 0.574888730349536 0.448977072601185 0.657430713451735
"glgB" 0.138002563290882 9.79103670872257 0.564274583311631 0.45319034347879 0.66066671848124
"ydhS" 0.144516503542303 7.2281290906092 0.561474953814411 0.45431199801933 0.66066671848124
"nuoC" 0.154209288784281 8.81395609248372 0.561317586958915 0.454375175750245 0.66066671848124
"murC" -0.110956800890814 8.04167045770298 0.560399107821603 0.454744191811291 0.66066671848124
"fruK" -0.250671095761703 10.1509895890353 0.559227582588474 0.455215559607798 0.66066671848124
"yccU" 0.137152523468433 7.9306608711334 0.558392561478496 0.455552004076917 0.66066671848124
"tolA" -0.0976969640374533 7.41736967545628 0.55759675494062 0.455873013572942 0.66066671848124
"dld" -0.13648222436924 8.62901264500094 0.556432103644905 0.456343450424115 0.66066671848124
"rsgA" 0.102073200123674 7.95689863794021 0.552429623457978 0.457966033773837 0.662080655314785
"csiD" 0.294633685707115 10.1834793068323 0.526731983463217 0.468606002962641 0.676508666248883
"miaA" 0.175442773269563 11.0504760748155 0.524857139765961 0.46939775010588 0.676698584892443
"mlaC" 0.100963836743866 8.11325619646123 0.613643049289188 0.470975417178212 0.678019385684927
"yihI" 0.107885837634261 7.85184599971499 0.513623815822545 0.474187226808412 0.681685704738601
"mntH" 0.219345604501563 11.010032593225 0.509686731758663 0.475884657517473 0.682623303132301
"uvrD" -0.112905000383748 7.82346950802598 0.509023961809816 0.476171377306922 0.682623303132301
"ftsN" -0.126043366066675 7.1858805693976 0.501341583354641 0.479515551242546 0.686457318468729
"lptC" 0.10263691740154 7.45560467079796 0.497880019309978 0.481034987495017 0.686550382293776
"aidB" 0.182817513457708 8.55023229554225 0.496725818200058 0.481543378965302 0.686550382293776
"mntS" 0.234864787233721 7.41764109527583 0.49662013048542 0.481589975482171 0.686550382293776
"bioB" 0.116964088018734 8.16248878243532 0.4924214152863 0.483447172370576 0.686609441484789
"yidJ" 0.141778649350938 3.07362764448778 0.490730343457076 0.484198518542241 0.686609441484789
"crp" 0.104874632389677 9.20774346383354 0.487829100756975 0.485492055186905 0.686609441484789
"aspS" -0.124792854920375 9.6194638179971 0.487796375159863 0.485506678735455 0.686609441484789
"lhgO" 0.246377575649922 9.48860953440217 0.487344102407878 0.48570885322842 0.686609441484789
"lplT" -0.101113151047141 6.32090144674051 0.487181900709883 0.485781394478923 0.686609441484789
"bcp" -0.111273660746488 7.75415940527726 0.485730669373091 0.486431227491652 0.686609441484789
"icd" 0.200833405904559 11.6275185804751 0.484484687507943 0.486990306301895 0.686609441484789
"hemE" 0.0991386116151443 7.59469952897693 0.480253858408913 0.488896702429689 0.688350439547296
"mepM" -0.18132798270274 9.35804956276731 0.474292563419559 0.491604054649297 0.690049348226382
"zwf" -0.108869570363569 9.05490109676497 0.47360886550233 0.491916162922801 0.690049348226382
"aceF" 0.181785321136804 11.3192758300675 0.472864765543795 0.492256222461467 0.690049348226382
"argH" 0.203377580708538 7.84873291061568 0.471684947997599 0.492796217465084 0.690049348226382
"aldB" 0.272125990885184 9.84381725463982 0.469629087065915 0.493739552573611 0.690427068742089
"uxaB" 0.2146025782948 8.45485276262682 0.467665107130372 0.494643568082455 0.690748851886262
"rpoH" 0.153730716445111 10.317206062218 0.466053601234421 0.495387425193528 0.690846409283492
"tyrP" 0.200004939775272 7.40242185725545 0.464469320907622 0.496120556544241 0.690928764209032
"hemX" -0.0828569229787318 7.49985498920335 0.462826173440755 0.496882867014639 0.691051477191323
"trpA" -0.314445730424317 10.2756638661947 0.4602790135978 0.498068502551231 0.691761809098933
"lsrA" -0.346492646890999 8.6906113209385 0.458094351073021 0.499089230347249 0.692241489994493
"hemH" 0.0884866369395893 5.99428560505371 0.455106209538097 0.500491128365349 0.693239912397693
"rho" -0.128161547119081 9.78730977430512 0.453681851033054 0.501161731791893 0.693239912397693
"otsB" 0.142018876738117 8.98154693258363 0.450101697103853 0.502854091491606 0.694643455227622
"purA" -0.158445385161295 11.0425792178843 0.447699687203787 0.503995018927415 0.695282495828533
"ygiV" 0.13112460911553 7.14646668860264 0.443077177961125 0.506203188253584 0.697253419079209
"uidR" 0.0927525147635777 6.16066508092367 0.441866676546789 0.506784192403913 0.697253419079209
"nhaA" 0.127648099824256 9.26079932132344 0.438937138150416 0.508195047753636 0.698257270707074
"gadA" 0.219426427083532 10.903166734972 0.434325165710865 0.510429952216408 0.700389157994402
"dnaX" 0.090410408856786 8.04030952325955 0.430469918097538 0.512311264586348 0.702030810429153
"rspA" -0.270193895099831 9.59326792193201 0.425551892599494 0.514728779095334 0.704401867253294
"pepD" -0.119437206053286 9.92342751987073 0.421467404466814 0.51675175394995 0.706227397064931
"bioA" -0.0944357782613161 7.74195261571468 0.419661110382593 0.517650829848306 0.706514115305611
"yeaQ" 0.204046960387817 6.14748635564485 0.414165819820896 0.520403087188598 0.709326016447225
"torI" 0.16167381737365 3.81391602935531 0.40628848668968 0.524393767020431 0.713816216727678
"metL" -0.130858146154342 7.79652346018574 0.396434635213402 0.529463107749194 0.719760856025098
"atoD" 0.2076031559436 3.6261898514422 0.394771321772333 0.530327479150686 0.719981014740997
"ftsX" -0.0761877233945815 7.30491703560497 0.393100282442233 0.531198428389476 0.720209509390494
"lon" -0.158543995685943 11.3589295880368 0.390289462737441 0.532669271105824 0.721249673558083
"sohB" 0.0869967286993258 7.23930512932603 0.384106756412562 0.535930651425079 0.724708334710694
"mraZ" -0.0909261699579477 7.52557798347695 0.381949067843846 0.53707739576983 0.725302148437517
"pspC" 0.167762915582698 8.46893182981432 0.377993158934207 0.539191520866388 0.727199090642167
"trxB" 0.103435726183108 8.01727948491467 0.374496454513144 0.541072976408348 0.728198331659746
"dapA" -0.109729659790422 9.30878423827232 0.373044898618083 0.541857558999274 0.728198331659746
"mqsA" 0.149249280010864 8.39019040074089 0.372490340416902 0.542157857831306 0.728198331659746
"proA" -0.0774425695500417 8.0087684055383 0.371353975508017 0.542774171110289 0.728198331659746
"ygiN" -0.105363287096045 7.70671091825708 0.3669899314293 0.545153121462166 0.73043392091336
"mtr" -0.281902056064368 10.9926201371886 0.364242811882015 0.546660588241954 0.731497523430814
"pdhR" -0.147110669459071 7.5274824319714 0.360632612218855 0.548653509444877 0.732905148053515
"eno" -0.164537285780424 12.1283086047456 0.359598114786696 0.549227081613912 0.732905148053515
"rpmF" -0.117880089650928 9.80748157957037 0.35838029653831 0.549903735269567 0.732905148053515
"mppA" -0.0865392243322847 6.60826530364313 0.357179168495131 0.550572647806055 0.732905148053515
"ppsA" 0.11229603718739 9.03566177827435 0.354737336045211 0.551937235046993 0.733768697695419
"gshA" -0.0924283967554711 9.22475706169041 0.352287667931658 0.553312613436152 0.73449896706494
"murF" -0.0806313301876685 7.83344187605662 0.35121003034923 0.553919708820682 0.73449896706494
"fruA" -0.186288587034231 10.7632458570439 0.348905599176219 0.555222164820693 0.73480343820274
"dnaN" 0.0773882582440231 7.71082456397215 0.348268831230843 0.555583087421584 0.73480343820274
"yjbH" 0.105166819311864 5.37122313372134 0.344094600260401 0.557960141557588 0.736996321000681
"infC" -0.144166708947857 11.6103619617344 0.342092292221244 0.559107263624624 0.737030598342932
"cspD" 0.186503898909399 10.5851838691957 0.341507549640847 0.559443113135804 0.737030598342932
"ecnB" -0.200154661892675 7.64830297550664 0.340290700880625 0.560143254740628 0.737030598342932
"iscS" 0.119471545321042 9.80630426666429 0.33697238190421 0.562061091643103 0.738023435134832
"rimJ" 0.0793498021982336 6.45691512309826 0.336495308167184 0.562337856429565 0.738023435134832
"ybeZ" 0.117805992076744 10.0918294314899 0.334203745454477 0.563670928725888 0.738044479932312
"deoC" 0.130046248903059 8.42403366120752 0.33388638939485 0.563856025237392 0.738044479932312
"yggX" -0.0888792781916529 5.92799173837872 0.331874079884638 0.56503243579139 0.738044479932312
"frr" -0.0999963654043439 9.89443114461179 0.330528149569663 0.565821931878304 0.738044479932312
"rhsC" 0.0917889009540154 5.63902879565769 0.329913412008953 0.566183236923972 0.738044479932312
"pepA" -0.0855069990352658 9.05426546916232 0.328093141857408 0.567255713219664 0.738044479932312
"creC" -0.0808932890072909 4.73027645871249 0.327725816417207 0.567472615234665 0.738044479932312
"lptD" -0.101363358560851 10.3285836391632 0.326640820729335 0.568114238699117 0.738044479932312
"clpP" 0.107257346808417 10.088444866063 0.319194392550083 0.572556328788174 0.742873717731492
"rne" -0.100417060625782 9.72877696035987 0.310542651901128 0.577804161719821 0.748734849257669
"yphB" 0.0917764797149628 3.9391204668358 0.308451479802036 0.579086964798696 0.749449670351847
"pncB" -0.114682805970483 9.0782122022385 0.307180604657663 0.579869351065539 0.749515869914473
"oppA" 0.142378661495902 12.5847275796162 0.30350596868941 0.58214352956141 0.751507705038344
"yebF" 0.100301119025237 7.45305484901054 0.297778658008941 0.585724140627643 0.754057943744908
"hupA" 0.107828882463624 9.05099679590035 0.297672909490353 0.585790671988346 0.754057943744908
"ispB" -0.0754024115318345 7.87042772947719 0.296822869197001 0.586326030404577 0.754057943744908
"rhlB" -0.0774005474772181 9.24623125352879 0.294509196409404 0.587788244604838 0.754991166315738
"rcsD" 0.0764146640502589 8.01707332797263 0.288809675623124 0.591422267798903 0.758708165824625
"lysU" -0.076411400291981 7.87200183027019 0.283718727610841 0.594707575187152 0.761969080708538
"csiE" 0.179299243700892 9.89049454139516 0.274465599723476 0.60077703377489 0.768623381513825
"pepP" 0.0878740646319355 8.88879593623345 0.273525538126244 0.601400928755207 0.768623381513825
"tsaA" 0.0930757815379731 5.43643324009056 0.260726189965065 0.610034487344413 0.778686612114599
"ppx" -0.0713190931365578 7.7972851905028 0.255556629483896 0.61359743941458 0.782257021073478
"ygdD" 0.0814412740793371 4.43549151943006 0.253272232726364 0.615186323328797 0.782257021073478
"leuS" -0.100903319573796 10.3774689861412 0.252740510077859 0.615557444981364 0.782257021073478
"pgi" 0.109172443115476 10.467912985864 0.251924886617133 0.616127670423265 0.782257021073478
"rpoB" -0.139903971821606 12.8568581783804 0.251182805359974 0.616647485880362 0.782257021073478
"pheT" 0.120358007909581 10.798345381062 0.246168884375652 0.620185071559204 0.785772185844479
"ppc" -0.114757093790288 10.4857416164491 0.233705718229187 0.629177256842158 0.795417771679318
"hpt" -0.220171924264369 6.84739145434817 1.66371407723139 0.629350061299441 0.795417771679318
"cusR" -0.163603689925667 4.61210544626836 0.871898408526809 0.63082690628931 0.796302437126284
"yhbJ" 0.0665036710194733 8.29780216677095 0.226493268390711 0.634517061493303 0.799975385031533
"ydiZ" 0.103968283420865 7.37600380662925 0.215724573573177 0.642687399239769 0.809280815996024
"ybdH" 0.0934818678333519 6.13492825587532 0.21467279111285 0.643498614562275 0.809308073529241
"bglA" -0.0726907674727951 7.83389263017444 0.212543986770286 0.645147931528753 0.810388026736485
"yrbG" 0.0562835102778296 5.94939768803755 0.21018188812613 0.646989765768378 0.811465486854099
"ompA" -0.148859632192935 14.5757396212496 0.209416778700552 0.647589042191857 0.811465486854099
"ddpX" 0.201210028264881 3.9537793943463 0.203310570300419 0.652419879158141 0.815950422841915
"galM" 0.0631567840225538 8.0801474429582 0.202286670194928 0.653238448687962 0.815950422841915
"gltS" -0.0929173957854811 6.73227865948475 0.278362364372229 0.653556387466549 0.815950422841915
"mdtE" 0.10159757277783 6.82557481635827 0.20023746135266 0.654884227983067 0.816613544626087
"ydgA" 0.0855797873672251 9.97806842246463 0.195096444883626 0.659058109863679 0.820819638651605
"ispG" -0.0530397137828508 8.93310178219139 0.19372247091811 0.660184730495071 0.821224937812437
"rpoC" -0.118508632209813 12.7372214742479 0.187554968173296 0.665301529167135 0.826586748359167
"rlmE" 0.08883976070645 10.2700652895407 0.185830674375741 0.666749922449924 0.827383378342824
"dxr" -0.051627101017852 7.24185031068548 0.178328386614589 0.673146265512509 0.834310667654561
"sugE" 0.0652458576397894 5.39061092262081 0.177212524145987 0.674111121465809 0.834497463167215
"allR" -0.0941888048134358 9.2983994697685 0.174012807388328 0.67689781794739 0.836484526559904
"elbB" 0.0524188451429627 6.27878234353168 0.17325972489584 0.67755806132856 0.836484526559904
"lpd" 0.0988226372469623 11.2477767551329 0.172184757643152 0.678503432182994 0.836484526559904
"hisH" -0.0706246451506597 6.47420574276493 0.171643654295762 0.678980610827162 0.836484526559904
"amn" 0.0614440118416288 8.0106251067706 0.165498597726294 0.68446261284873 0.841603052418012
"yfhM" 0.0626781701733203 9.06347471581562 0.165149584321322 0.684777508016216 0.841603052418012
"hdeD" 0.110985891423145 8.38136726164232 0.158793307478661 0.690581530250605 0.846825233050417
"polB" -0.0562780795068095 7.31602897929171 0.15869545835724 0.690678921785511 0.846825233050417
"rsuA" -0.0605122423371561 6.75333782798898 0.153458416488915 0.695557768441661 0.851076471508989
"hemL" 0.175115347410248 8.53828788849215 1.42678091366603 0.695806910365398 0.851076471508989
"ghrB" -0.0726261467787905 8.12402063291625 0.152129462306873 0.696812871082893 0.851291052276478
"yfgJ" -0.0588261844720831 4.74153956027533 0.147152737651373 0.701569975833484 0.856082410987287
"tusB" -0.215770165067573 6.68014537512821 1.73415140658833 0.704720552540481 0.858904359517233
"fadH" -0.167436586586461 6.30220907650332 0.142687272458966 0.705917610652647 0.859018288084606
"yfbT" 0.0566350454059046 7.46478957761883 0.142105064841577 0.706490162785681 0.859018288084606
"pepQ" -0.0491656001206425 8.19860335463597 0.140293066354411 0.708280732361663 0.860175060036379
"ftsK" -0.0513136361479526 9.1569977623198 0.137736631403902 0.710829509175834 0.860592697570354
"yciV" -0.0466676305613293 6.25877408336726 0.137513975453469 0.711052768959397 0.860592697570354
"acrB" -0.0666970237051067 9.84740300167503 0.13742361901065 0.711143429114234 0.860592697570354
"ppk" 0.0519385649909765 8.74443311760688 0.131010318266189 0.717666913232742 0.867150987450968
"yaeQ" 0.0494313634965396 5.41341047132645 0.129862066489946 0.718853858150458 0.867150987450968
"slyD" 0.0632690275965419 9.85059486041751 0.12962387437596 0.719100818861779 0.867150987450968
"ampD" 0.0496300431162604 5.64131013804553 0.127650605945741 0.721156659876172 0.868375642346491
"sufS" -0.0817447685188969 8.81006032789645 0.127026340377701 0.721810777833376 0.868375642346491
"hemN" 0.0464241185467936 7.59429928386082 0.124809760728183 0.72414810501339 0.868869502208159
"can" 0.0645624656513561 9.30114901033323 0.128484293051701 0.724725012060095 0.868869502208159
"fadD" 0.110246033427511 8.24753186809957 0.124229039510435 0.724764316476074 0.868869502208159
"asnB" -0.0787554825774937 8.45469178742573 0.121924380100943 0.727225922454031 0.870802068359091
"hldD" -0.0457460771102719 8.82898707505396 0.117983548762594 0.731496349112548 0.874893533069267
"rlmJ" -0.0452467439585289 6.68774039637604 0.115959900675068 0.733720291054073 0.876341418477374
"yqjI" 0.0478647169865848 6.25306616725863 0.115194389604128 0.734567215074386 0.876341418477374
"yfeX" -0.046145596607649 7.33576315744913 0.114559667488349 0.735271824283455 0.876341418477374
"ygaM" -0.100482246941789 8.53802060176316 0.112361431729397 0.737729059583065 0.877558861893282
"yhdX" 0.0849391100571725 3.10430650323127 0.112115524003146 0.73800559897757 0.877558861893282
"hdeA" 0.102194117261561 10.7064200530316 0.10945221467082 0.741022522793879 0.878486345483227
"cpxR" 0.0411306720204549 7.96111162316222 0.109041660308074 0.741491199760373 0.878486345483227
"queG" 0.0484183713536773 7.07855726020175 0.10897917127063 0.741562621222601 0.878486345483227
"ldhA" 0.0576415496147281 7.8822128923054 0.108410323457426 0.74221382945217 0.878486345483227
"yijO" -0.0524294269460345 4.2663717176851 0.0998615360712165 0.752237419262473 0.888837315580033
"sodA" 0.0721751348251358 11.1916151083661 0.0992435833563019 0.752980009045977 0.888837315580033
"yccA" 0.0551667834752268 9.52644162476115 0.0966125326946263 0.756170513919791 0.888837315580033
"bamA" -0.0607942428742839 10.5675073828944 0.0960242381440406 0.756890401636132 0.888837315580033
"hisD" 0.0627292555706509 8.06332665642648 0.0959909601671994 0.756931195591468 0.888837315580033
"yihY" 0.0503845555134869 6.40507626724426 0.0956052440152171 0.757404594174825 0.888837315580033
"pssA" -0.0440512190371184 8.61635367886581 0.0953699854750061 0.757693846563716 0.888837315580033
"fhuA" -0.0558864694503589 9.70734259283897 0.0923043541352548 0.761499353212586 0.888837315580033
"intA" -0.0423390092159901 6.10448816952726 0.0922343454423849 0.761587059230905 0.888837315580033
"lsrD" 0.13148114863151 6.6720799055066 0.0918824686991054 0.762031003528462 0.888837315580033
"fabB" -0.0628441909472177 10.2922724961033 0.091371650798972 0.76267083065689 0.888837315580033
"orn" -0.042347533973373 6.11015102430678 0.0913074017199008 0.762751767500779 0.888837315580033
"glcE" 0.0753569264165531 5.22147041933962 0.0900174745517014 0.764383356093484 0.888837315580033
"dnaA" 0.0426951171354383 8.7928942609652 0.0894070726945299 0.765159878231156 0.888837315580033
"gpmA" 0.0773503382224309 11.5390634292081 0.0888692367502557 0.765846483088983 0.888837315580033
"yphH" 0.0445195467832517 4.81913148101257 0.0888122566053394 0.765919356751243 0.888837315580033
"glxK" -0.0705837919237162 4.02584267597654 0.147786777316101 0.76618796808017 0.888837315580033
"lacZ" 0.169467710544144 10.9338958401007 0.0868908694419818 0.768391739388605 0.888837315580033
"nagE" 0.0638660968886134 7.36531816921923 0.0867024448462784 0.768635792670435 0.888837315580033
"pykF" -0.0699380895717688 10.8905568411509 0.086629484480437 0.768730370575866 0.888837315580033
"viaA" 0.0587020866920412 5.78881478133754 0.216928090905931 0.769169462360477 0.888837315580033
"ilvE" 0.052809187193748 7.02020655618588 0.0849793269870968 0.770881123885602 0.889398714263999
"yeiI" -0.0405979220354989 5.60226864947047 0.084590887792719 0.771390689737264 0.889398714263999
"ybgL" -0.0343379246146229 6.35339466941814 0.0827984922609921 0.773758603166326 0.891126481174701
"bssS" 0.0813290106051855 8.87306506112231 0.0802753007345776 0.777139495423861 0.894015693388842
"pfkB" -0.0498956349447562 8.32518617629604 0.0794108620310693 0.7783109642875 0.894359572191354
"cmoB" -0.116896089223119 6.00611905979022 0.691215989397605 0.779417227941381 0.89462783722275
"sufB" -0.0657243268581758 9.5850315833384 0.0771633499972059 0.781389337203428 0.895328206714389
"ytfQ" -0.115531387898761 9.11288510483976 0.0768846735829107 0.781774385375003 0.895328206714389
"thrS" -0.0601614244614251 10.8245571149417 0.075513568167371 0.783679880988554 0.896508792425522
"ytjB" -0.0392569914165962 5.3521635010816 0.0818257344025844 0.784630552284117 0.896595670112842
"epmB" -0.0376826162047297 6.33955081642968 0.0736022034271321 0.786367521737023 0.897049141842011
"bssR" 0.100957087809997 10.5510119383425 0.0730960723364192 0.78708547241932 0.897049141842011
"xdhB" -0.0581170386761454 2.64273198883923 0.0726973772564514 0.78765290503201 0.897049141842011
"yqjC" 0.0544108898871092 9.12162288443375 0.0712019513005964 0.789796239916223 0.897265861991322
"yeaE" -0.0390771956696735 6.00952557750815 0.0707358714624696 0.79046917612892 0.897265861991322
"gss" 0.0459717314213977 8.63274001499941 0.0707357582461487 0.790469339881136 0.897265861991322
"proQ" -0.0615641977826462 8.70360627752381 0.153544627197303 0.794923269188754 0.901323397033708
"yagN" 0.0450635505301418 5.62441703898138 0.066252994602262 0.797066628823711 0.902755021595915
"crr" 0.0627555607359592 10.7052467878772 0.0642655420187384 0.800067725177327 0.905153883340795
"gadX" -0.0564707134821363 7.85149800004987 0.0630608624529585 0.801910920048459 0.906238911851897
"cycA" 0.0553456654555887 8.37064310299711 0.0622757348479067 0.803122282689232 0.906608303696546
"talB" 0.0569171934730458 10.3301969156871 0.0613118346272196 0.804620619101315 0.907300478084541
"deoD" -0.0558224447320195 9.82059758340482 0.0603942197378076 0.806058668377696 0.907923225370482
"tusA" -0.0461171274403082 5.07572778036634 0.0585740893263155 0.808945786500686 0.909524237112153
"yhhX" 0.0284077350255409 7.59328557967697 0.0583764647338779 0.809262104787178 0.909524237112153
"pspE" -0.0582094352058808 8.87677186068015 0.0578285482019418 0.810142076569166 0.909524237112153
"ptsI" -0.062220918995205 11.6555193790135 0.0546612129702626 0.815317579286837 0.913126337437329
"lpp" 0.0925706656684366 11.8946108210194 0.0545302903952114 0.815534874335087 0.913126337437329
"yqhD" 0.0335545556273083 6.35952109626657 0.0542367051810238 0.816023146431799 0.913126337437329
"mdlA" 0.0325725244725457 5.37696890394038 0.052917201584103 0.818235052793221 0.913386076940086
"phoP" -0.0308409802426063 7.88771276656147 0.0525376817460158 0.818876614746028 0.913386076940086
"macB" 0.0416360232487748 8.58540673389248 0.0525069984595668 0.818928589958965 0.913386076940086
"metH" 0.0342544438082164 8.42337872902034 0.049618590223545 0.823894921576875 0.917926407191627
"serA" -0.0535153862819647 10.7738833628659 0.0453592133117695 0.831503894846614 0.925397928575222
"ykgM" -0.100911811004501 8.98985762462478 0.0447265768847673 0.832668997511546 0.925689503741144
"ppiD" -0.0338678833652194 8.66903978039358 0.0437264278496496 0.834519429091041 0.926741511179108
"frdA" -0.0388072804548673 7.57978467406487 0.0431930651182615 0.835517180591901 0.926845357258332
"glyA" -0.0576143352822529 11.0271533539426 0.0416072532829203 0.838522284924674 0.927114203603145
"bcsC" -0.0301251088093187 7.48325218098577 0.0411126823962898 0.839471663049615 0.927114203603145
"der" 0.0282663281981387 8.66801906991608 0.040932500892297 0.839819016183436 0.927114203603145
"rhmD" 0.085877258336713 3.87538744759696 0.0408541919857807 0.839970227864047 0.927114203603145
"ulaR" 0.0332908454553267 4.20778042846629 0.0406929562633603 0.840282044046167 0.927114203603145
"gpr" -0.0624233111183655 7.77414833934267 0.0392765714847753 0.843049303786693 0.929167243420818
"ldtE" 0.0559723266723022 10.4347421329763 0.0350746181765584 0.851578553903573 0.937506740386451
"fldA" -0.0281321102352013 7.93294200167224 0.0346614596681615 0.852445153209924 0.937506740386451
"mdtF" 0.0427348268791316 7.86083503288022 0.033883570898819 0.854091399796147 0.937527240279587
"pgm" 0.0294725584949073 9.30244385468674 0.032395831449783 0.857295238455604 0.937527240279587
"relA" -0.0255321952698871 8.43142464086332 0.03235595382319 0.857382149500878 0.937527240279587
"cyaA" -0.0379578777030752 10.1326658995288 0.0323277622147049 0.857443624895459 0.937527240279587
"deoB" 0.0496124400400201 11.3928344216745 0.0321333173719642 0.857868392457964 0.937527240279587
"aceA" 0.048191992055925 10.4661091109768 0.0318167848112574 0.858562709782986 0.937527240279587
"yegH" 0.0578951197198537 6.48833782430164 0.21448970988775 0.860559444781345 0.937527240279587
"bamB" -0.0292196035216388 9.33857974157031 0.0308637320484075 0.860675034521006 0.937527240279587
"gltB" 0.0460850693359312 11.2487046350568 0.030854464140469 0.860695739612772 0.937527240279587
"yiaJ" 0.0267163195779871 5.46992232086409 0.0288618566925555 0.865224268116324 0.941252627862684
"nuoA" 0.0289022265970551 7.32986624609567 0.0282233987999064 0.866709123203112 0.941252627862684
"pka" 0.0397989634723262 8.80176764302409 0.0281286406019952 0.866930967814768 0.941252627862684
"dapD" -0.0288106858765106 8.88992447102185 0.0277363022267954 0.867853610763032 0.941252627862684
"moeA" 0.0242340039865504 7.3954052696071 0.0272193876126872 0.869079514227887 0.941252627862684
"rpiA" -0.0224958131872425 8.01660756702401 0.0266270514453849 0.870499082264929 0.941252627862684
"lpoA" -0.0199556783008439 7.72327023992263 0.0266084620674717 0.870543893867145 0.941252627862684
"yniC" 0.0233247518120969 5.52680695249193 0.0259804095512753 0.872067433324887 0.941906342632254
"mlaA" 0.0209911623174443 7.54911435818499 0.0238387473018449 0.877410043231272 0.946679257170583
"ybeX" -0.0285578999025791 9.69671137161409 0.0224163413739924 0.881095428396603 0.949281998919601
"ftsH" 0.0377427404387923 11.6507968603102 0.022065594168343 0.88202244165474 0.949281998919601
"nfuA" -0.026451346951403 9.34429485415679 0.0218482243477376 0.882600726800371 0.949281998919601
"tyrR" 0.0205819260889735 8.29311819239544 0.0209794558912743 0.884941852991968 0.949954235089453
"mcbA" 0.0408126874747974 8.09148890438222 0.0206029619954741 0.885971773392159 0.949954235089453
"metN" 0.0369238523990085 6.7654885316189 0.0205012728211032 0.886251594167803 0.949954235089453
"nrdG" -0.0481233564812701 5.04190140235858 0.0523142633419918 0.887265806981722 0.949954235089453
"apaH" -0.0181360949392249 6.75419974726268 0.0199218619735893 0.887859665576288 0.949954235089453
"ydcT" 0.051998609270685 5.92159337008355 0.0190666914674062 0.890277292774865 0.950614489991528
"rluD" -0.0929434654794376 7.54202156966841 0.519499269799543 0.891757989961602 0.950614489991528
"yfjK" -0.0172959979111052 6.10789881685464 0.0183591923072257 0.892319541025338 0.950614489991528
"selD" -0.020029745847049 8.50918045189988 0.0183260783968508 0.892416100376408 0.950614489991528
"dsbG" -0.0180821393348992 5.79823671318996 0.0179256426584791 0.893590868492903 0.950614489991528
"yadE" -0.0618715414266502 4.3469069304812 0.156153286035333 0.895266248697171 0.950614489991528
"fhuF" 0.0273124823762036 10.0903446607011 0.01720351090495 0.895743675334155 0.950614489991528
"exuR" 0.169006494549521 8.66311718197214 1.2216371649343 0.895999137892683 0.950614489991528
"yfcH" 0.0206077502501832 8.08769992119452 0.0168469442950444 0.896823621289568 0.950614489991528
"rbsC" -0.0256498611337827 6.6943030467188 0.0154683241919085 0.901112527353618 0.954173905513903
"rcsB" -0.0162734485280357 8.22823748277655 0.0149714877881527 0.902705532807534 0.954874273609621
"trmI" 0.0145104128380901 7.30893420863643 0.0142232330570802 0.905156171147514 0.955783211994322
"zapA" -0.0267616774976979 9.4697031830332 0.014140906801423 0.905429754972182 0.955783211994322
"rpoN" 0.128947783832164 9.3137561901641 0.724340533663479 0.906887916663839 0.956337566440776
"pnp" -0.0255666847798484 10.9730186590534 0.0128004357034676 0.910003532237858 0.957568562840949
"hflK" 0.0198600375457917 9.89953594588419 0.0123787994420842 0.91149191793342 0.957568562840949
"yrbL" 0.0226751284307033 10.5658885509995 0.0117681337288369 0.913693847842791 0.957568562840949
"gcvP" 0.0218895862667977 9.68793433825647 0.011690122491611 0.913979265531342 0.957568562840949
"yhiI" -0.0156936178613324 6.7858694833449 0.0109208090721859 0.916847209992778 0.957568562840949
"racR" -0.0179802615510894 6.09920510709157 0.0108654209642599 0.91705757767064 0.957568562840949
"kup" -0.0137579898136235 6.13725913004537 0.0107978759918454 0.917314852827526 0.957568562840949
"lpoB" 0.0169174549548995 7.87597452798061 0.0107891609229544 0.917348107233475 0.957568562840949
"yodC" 0.0286104350664982 7.57119944048881 0.0107783553166655 0.917389357436593 0.957568562840949
"yqjD" 0.0222238488555266 8.76052899472835 0.0107762507891039 0.917397393863231 0.957568562840949
"pspD" -0.0285050149164746 7.71035443136193 0.0101215271993802 0.919937264501926 0.959242824124592
"bglJ" -0.0185496514318262 5.85474139331295 0.00971712088889816 0.92154772469441 0.959945546556677
"ybgA" -0.0194644677124627 6.81874394747605 0.00924307059533942 0.92347924082209 0.960980935880855
"stfR" -0.0177815677188903 4.00661472777654 0.00874270902084581 0.925573010450095 0.962182896258973
"sufD" 0.0211544540641668 9.02008489054943 0.00843578620579341 0.926887355249494 0.962572987974399
"sgcC" 0.0356108783764669 6.38298291722155 0.00784507802679305 0.929486672122895 0.964295383528307
"yniB" 0.0159142461223913 7.24168183681674 0.00747352293713084 0.931172463032157 0.965067517298242
"mglB" -0.0380261161915032 7.47486191428096 0.00706356321904626 0.933082267905453 0.965910123025872
"zinT" 0.0416986409420222 10.2379017290234 0.00689782329398126 0.933870177481599 0.965910123025872
"hipA" 0.107710978392442 5.67254027522057 0.673378878953096 0.935224796196421 0.966336104940858
"xseA" -0.127966199288373 7.51248347396166 0.715374513195965 0.936513893190864 0.966693595690468
"lsrC" -0.0365848182339639 7.3287227569963 0.00578522220153311 0.939427197750555 0.967529127629752
"sad" -0.00979066055857157 5.16229178154455 0.00566638010698169 0.940050776538011 0.967529127629752
"glsA" -0.0177284701963379 9.21350892094927 0.00564663256424658 0.940155132799252 0.967529127629752
"znuA" 0.0250514139733103 11.3004577709775 0.00493214215543467 0.944062660720421 0.970575955103743
"ygjR" 0.0154031685950345 8.02349248391563 0.00416682801867922 0.948578781473306 0.973417158124027
"pheS" -0.0184402815160882 8.34569088964111 0.00414303451210666 0.948725600942344 0.973417158124027
"yecJ" 0.0140465779655307 4.91149231529403 0.00382954610929477 0.950701044619644 0.974468570735135
"ubiF" 0.105058494013751 8.02279112574168 0.429371616231508 0.951768506907732 0.974588131448977
"ygbN" 0.0120342098561336 3.70846408051699 0.00351205338636495 0.952786339428718 0.974656684545345
"ftsA" 0.00751968281319571 8.54653734874992 0.00317716103059814 0.955091241351888 0.975639904603115
"dps" -0.0209204056234092 13.3143073302658 0.002970788481037 0.956572753989485 0.975639904603115
"rnk" 0.00750391543431327 6.44755027936295 0.00296664376260236 0.956603028415737 0.975639904603115
"mtlD" 0.0111027694968571 8.42958746249851 0.00269791093932436 0.958613371936849 0.976356117408396
"zapB" -0.0109980108769075 8.09351008290326 0.00254847129724233 0.959774915467905 0.976356117408396
"lsrB" -0.019301417204254 7.89631048215787 0.00249950647594139 0.96016289399772 0.976356117408396
"yggL" 0.0511124948424097 7.53782207853314 0.153515738375638 0.961799785929357 0.976363221374824
"sufA" -0.0100419255598749 7.79286503915223 0.00218521450656504 0.96274963686295 0.976363221374824
"dosP" 0.0106738512089927 7.07174926228006 0.0021527088445463 0.96302752859507 0.976363221374824
"adhE" 0.0121003189317779 12.1633979938928 0.00157057153584547 0.968416738548365 0.980568866836572
"ygdI" -0.0101103338137111 8.63425998336494 0.00149798728682985 0.969154809973571 0.980568866836572
"def" 0.00578644072074041 8.54951461951573 0.00138361861011424 0.970355106756907 0.980568866836572
"ssb" -0.00607410457540263 8.5083283167486 0.0013238348092578 0.971002341306459 0.980568866836572
"cohE" -0.00550744415892908 5.26631624902211 0.00120213630111163 0.972368238500597 0.980981736676291
"yeeX" 0.00641586870984991 8.29744731646224 0.00103562950672341 0.974351074412593 0.98177721349811
"lsrK" -0.00875404522357032 7.87348882428539 0.000978180216850015 0.975072393503489 0.98177721349811
"ybgI" -0.00369497908566846 7.54953088678673 0.000573222174247932 0.980916323324749 0.986692081852667
"pflB" 0.00591045037902575 12.410861920584 0.00045664604968312 0.982966696694961 0.987785160894446
"fnr" -0.00302095983354406 9.4268827517401 0.000322322767890347 0.985689187984451 0.989550849837475
"udp" 0.00202574337468436 8.86299131127296 0.0000726794624088337 0.99320416581617 0.996119637927176
"coaE" 0.000507230692534598 5.73678183644257 0.0000132782673351351 0.997095228733513 0.997508011309896
"ytfR" 0.00136012961291704 7.75255833244774 0.0000132760168570525 0.997095474901627 0.997508011309896
"gnd" 0.00074661466052492 10.9688056478752 0.00000977257816522299 0.997508011309896 0.997508011309896
