"logFC" "logCPM" "F" "PValue" "FDR"
"lacZ" -7.76505200551158 10.9317479370808 170.887905543764 0.00000000000000000000000000000120465023825999 0.000000000000000000000000000668580882234294
"narG" -2.00756104612249 7.17563500846929 144.068436378846 0.00000000000000000000000000625737417470102 0.00000000000000000000000173642133347953
"fruB" -3.64959709737714 10.7035018907551 80.2772803144431 0.0000000000000000526300749219885 0.00000000000000973656386056787
"dhaK" -1.37971553839395 8.35053216257006 58.6642407775599 0.000000000000327378860857029 0.0000000000454238169439128
"qmcA" -1.02262824689128 6.62665374461979 42.2350230126407 0.000000000383528481212569 0.0000000425716614145951
"ilvC" -1.85464712586404 7.72165329136783 41.4607442346659 0.000000000540586569237032 0.0000000500042576544254
"araC" -1.43987868045916 9.52288308011266 24.8003428121816 0.00000114377603879849 0.0000906851002190233
"ada" -0.851801810572495 6.95258161402828 23.5319316273139 0.00000206883484470323 0.000143525417351287
"stpA" 1.38199494743502 5.43238501706419 22.4066428680973 0.00000354923836696351 0.000218869699296083
"yihG" 1.42176414107985 3.06499115506919 22.0019111090712 0.00000431288624890069 0.000239365186813988
"bcp" 0.789163357354132 7.75035651150113 21.5291576076671 0.00000541808911439732 0.000273367223499137
"rpsU" 1.39866080479116 9.18348219161033 19.7340919778823 0.0000129507748702379 0.000589083514567371
"proQ" 0.746255951058393 8.70198335680273 19.6041795162565 0.0000137983525934699 0.000589083514567371
"trxC" 0.864855776441621 5.95956014176613 17.6046945564918 0.0000368238301816369 0.00145980183934346
"gadE" -1.1695196397549 6.87584716496207 16.5732570816419 0.0000613788488852818 0.00227101740875543
"purU" 0.785726959944185 7.26284050633354 16.0159166962406 0.0000810056129483397 0.00244283199919633
"aroK" 0.639346470937049 8.10731375358689 15.9703436735676 0.0000828680424635059 0.00244283199919633
"rpsT" 1.4490206843717 8.86808243377363 15.9589899191024 0.0000833387477814368 0.00244283199919633
"ispU" 0.694956362442911 7.61267275892583 15.9520335541827 0.0000836284828553699 0.00244283199919633
"narZ" -0.639059862243535 6.48844045043029 15.432832808245 0.000108403995291983 0.00300821086935252
"epd" -0.767409206854508 9.46985104707709 15.0785784389329 0.00012946732953944 0.00342163656639948
"copA" -0.630061581776641 8.80608469995431 14.5835052323987 0.000166051923279704 0.00418903715546525
"proV" 0.87026602122982 7.49202280658336 14.4006385354937 0.000182079994320393 0.00429593080069437
"iscR" 0.715608909135496 9.0429563140429 14.3152225958718 0.000190095768069147 0.00429593080069437
"ubiF" -0.631265342498878 8.02262811147239 14.2799404103145 0.000193510396427674 0.00429593080069437
"slp" -0.963021275638202 9.37674597948666 14.0587534476633 0.000216381910491331 0.00461892155087265
"ispB" 0.549220899576556 7.86783410834821 13.9218737093327 0.000231891245058217 0.00476665337064113
"fimH" -0.619386942437088 4.57105863044134 13.2726783436791 0.000327032453690287 0.00648225042136105
"mtr" -1.70888923075877 10.9899100178463 13.0670668518569 0.00035787355947039 0.00679910692789032
"metE" -1.45147673197883 10.5565546778829 13.0148551085739 0.000367519293399477 0.00679910692789032
"mltD" 0.717342678169174 8.59553266574846 12.6831809590671 0.000435277993512873 0.00779288020644015
"ybdK" -0.845920975120625 8.38978264791231 12.5889517493865 0.00045675170878628 0.00792178744926205
"ybgJ" -0.515399222931859 7.37723141418228 12.4202967786587 0.000497911492969344 0.00837396601812078
"rlmC" 0.681371007571007 4.95282829366718 12.2210785645215 0.00055141958150895 0.00900111375698433
"hdeB" -1.01141616921617 9.42698764165514 11.6470414143691 0.00074069245441775 0.01174526606291
"tdk" 0.682105261703863 4.67236299483388 11.3960542860257 0.000843091475015041 0.0129976602398152
"rho" 0.645657675980708 9.78541163536988 10.9714213838055 0.00105029793148186 0.015754468972228
"yegH" -0.419716976858758 6.49110197341912 10.7246558611229 0.00119384840549995 0.017219462207226
"rplU" 0.786289070187467 10.1984485424086 10.6987786666384 0.00121001626321048 0.017219462207226
"panD" 0.738294294244342 7.42104153407117 10.6427573113681 0.00124578645283676 0.01728528703311
"sseA" -0.596015760553203 7.65670687220124 10.5583286113424 0.00130174193706539 0.0176211408553974
"rlmH" 0.689529197083255 5.81213190781536 10.1708658482843 0.00159330801317112 0.0210544273169041
"rpmH" 0.813248552226317 7.7108892869629 10.0312812719802 0.00171398093996487 0.0221223121321048
"yeeJ" -0.371275487584668 6.69767061228491 9.87518266733587 0.00186002279806233 0.0234616512028316
"adhP" -0.811843226503625 9.47288369304668 9.7857330954158 0.00194937108221901 0.0240422433473677
"mioC" 0.524847749136741 7.31884887993287 9.60733505227471 0.00214087706278507 0.025830147170559
"gadA" -1.02236739310071 10.9004747450005 9.51074516099239 0.00225247317199149 0.0265983534139421
"insG" 0.441732774738256 5.24106477306167 9.27778936530877 0.00254672094098815 0.0294464608801755
"pyrD" 0.965605352315795 7.00281812218416 9.23637200298928 0.00260301257890811 0.0294831016590612
"moaB" -0.537688693971368 7.09171248378134 9.08073879593393 0.00282615418263003 0.0313703114271933
"cvpA" 0.676432444507895 7.66392426770098 8.78056015844425 0.00331342016965153 0.0360578077285607
"iscS" 0.618326169727035 9.80483012381972 8.65777534478196 0.00353676291255028 0.0377481426243347
"rsmG" 0.543487186012583 5.53627603737098 8.56363915792845 0.00371838888667234 0.0389378458887387
"rpmA" 0.641118095809656 9.51598578930978 8.36983410898811 0.00412299435586549 0.0422946558551064
"uspE" -0.685062272768243 9.76836556088425 8.31363703761903 0.0042485533406672 0.0422946558551064
"gadX" -0.660518798797567 7.850542322277 8.30527478734156 0.0042675688790738 0.0422946558551064
"ychJ" 0.583655326582687 5.48110664045145 8.21092050530826 0.00448827066280263 0.0437015827693941
"ivy" -0.549173984493401 7.78287043745002 8.10133378376591 0.004759347298663 0.0455420301854821
"elbB" -0.365664490387756 6.27596908727264 8.05125911134697 0.00488874614402336 0.045987357795474
"thrL" 0.935258819423651 6.86883445136585 7.95388535130894 0.00515080111277576 0.0476449102931757
"dusB" 0.712643307040398 9.02793947574141 7.76984582313484 0.0056861678275035 0.0517348056436794
"metB" -0.65365158805681 6.64262186965383 7.41060749389426 0.00690201084023937 0.0617841292956911
"purR" 0.646523748208584 7.79129831529942 7.37239517290506 0.00704618225496955 0.0620735103413984
"wcaN" 0.40095994322241 8.98171799393701 7.28968901366913 0.00736892656752384 0.0639024100777458
"helD" -0.325544944135226 7.42116524272435 7.23052578331648 0.00760909803430799 0.0649699909083221
"ybjD" -0.301206837029703 6.71794427385513 7.09312108837159 0.00819846983829194 0.0678252189631092
"ispD" 0.436333392819751 5.98781817049225 7.08320562682458 0.00824277766676212 0.0678252189631092
"mprA" 0.485291875289849 7.7787962297689 7.06824065316914 0.00831011691800257 0.0678252189631092
"ybdN" 0.776743990123501 2.50181382427939 6.83554246065981 0.00943329798151885 0.0758765272426516
"speB" -0.398137847379862 8.18545960523257 6.77237816508559 0.00976439063966323 0.0765346392708163
"pcnB" 0.41287579345806 8.41186941494772 6.76741334981142 0.00979091781662696 0.0765346392708163
"efp" 0.496461715382143 8.75356146130244 6.58917174735274 0.0107942151336704 0.0830144871331859
"purM" 0.702764977732971 8.85776558794903 6.54784772988744 0.0110416157956427 0.0830144871331859
"tusC" 0.440683294938801 4.51283920789352 6.5433987017874 0.0110685982844248 0.0830144871331859
"ybgS" -0.630902213009297 9.43212822006694 6.26528634370482 0.012898061566566 0.0954456555925883
"phoU" -0.361078150629136 6.39190582764425 6.09163876413362 0.0141964437310603 0.103671398299191
"qorA" -0.558475165909603 8.66905585306801 5.89712161979489 0.0158128606905555 0.113975814068289
"rimO" 0.599328724736085 6.19308411763772 5.86990413009842 0.0160538029677067 0.114228982654836
"gntR" -0.322813586987481 7.11700137478189 5.80499519205351 0.0166439036150053 0.116928689953518
"rseA" -0.487117968344305 10.2870909665816 5.36020639281766 0.0213441262116416 0.147503950299541
"yecA" -0.383236662027851 7.99884070613192 5.34006116451801 0.0215872183523237 0.147503950299541
"lgt" 0.335908876260003 7.00826182843662 5.32316103542035 0.0217933764406529 0.147503950299541
"poxB" -0.598676131830977 10.1059671797144 5.23036109249779 0.0229625649625004 0.153544862098648
"ftsQ" -0.322091112165724 7.89190851437343 5.2074706947191 0.0232608965945811 0.153688066785625
"yihF" 0.925088892281776 1.88201568014604 5.16950817296982 0.0237646103837745 0.154112794297524
"cpxA" -0.332601447588878 7.8061377516272 5.16088989550673 0.0238805410983551 0.154112794297524
"waaA" 0.361705904376117 6.22791301401546 5.11919375905936 0.0244498215912403 0.155782097361751
"rhsA" -0.324763267765953 5.4151170501808 5.10114750624026 0.0247005848069083 0.155782097361751
"adhE" -0.680022807061104 12.1609396858805 5.07060236088964 0.0251311667487962 0.156716826354853
"pmbA" -0.321360575229479 8.65527703316921 5.03263480578489 0.0256773355812333 0.158343569417605
"hdeA" -0.685505588079508 10.703651183884 4.94602101865052 0.0269702415283671 0.164488835694986
"yfhM" -0.36051938172929 9.0613415760295 4.87636741603496 0.0280593178307494 0.169270884739847
"ygaU" -0.589234060646473 9.85513871146667 4.84758012556571 0.0285227794507223 0.170216587044633
"serC" 0.439184708055945 9.81428200956355 4.77699887133557 0.029693359019284 0.174296466697447
"fis" 0.512868651907205 7.63778562872621 4.76868444232137 0.029834530335599 0.174296466697447
"yniA" -0.48995039913987 8.82887756563827 4.74771029943942 0.0301937870544405 0.174557831408484
"polA" -0.291984242532458 8.72446810923021 4.7236033607633 0.0306123139062676 0.174959158369416
"sufS" -0.509653976377379 8.80792766400963 4.70758980826095 0.0308936892255905 0.174959158369416
"menB" -0.329654376115728 7.35028368361958 4.64929849305089 0.031960818098779 0.179174283281034
"patA" -0.616661698400727 10.8499244307015 4.58241892507506 0.0331888338101395 0.182675456893249
"bamE" 0.411274758017825 7.38027310528675 4.57605978028289 0.0333101132609455 0.182675456893249
"wrbA" -0.545666614657632 9.86928438943711 4.56236982736484 0.0335727866722728 0.182675456893249
"ribF" 0.287912780172979 8.32940866122601 4.52717178073448 0.0342581877288883 0.184595089218767
"gabD" -0.699519631199131 9.95769072368036 4.47712050933388 0.0352582675981085 0.188157101124521
"trpE" -1.30496804696454 11.0343857169285 4.44294625178206 0.0359587217681003 0.190067529345673
"fimA" -0.442173653951313 9.02153986335816 4.42569895083749 0.0363384563185585 0.190262672233962
"oppF" -0.424515254188672 9.55014301421747 4.33786081948563 0.0382059334544418 0.198170963245002
"ppiD" 0.347448575485062 8.66697949357141 4.20175111022756 0.0413389804216549 0.212436427166838
"rlmF" 0.470072714452204 5.40160833252387 4.16350300404848 0.0422674186506329 0.215214838083498
"lpxB" 0.315410560892601 7.30562057066675 3.96275630861442 0.0475158809981695 0.23961470720805
"rpmB" 0.4879857201809 10.4969864619976 3.94818093287705 0.0479229414416099 0.23961470720805
"rmf" -0.905401081824802 10.0280964783098 3.92860528230445 0.0484754823998526 0.240213327963555
"gpmM" -0.32335817004302 9.35109606347869 3.82963219293602 0.0513746044257366 0.252326596958264
"dps" -0.717743433024031 13.3128125368005 3.79294498340865 0.0524956092157451 0.255234550825428
"ompF" 0.469692201027731 9.50199071426029 3.7803499762402 0.0528864384593228 0.255234550825428
"sfmD" 0.661136259190315 2.36875379343956 3.69245447760138 0.0557016873382355 0.26512958912378
"recQ" 0.344102180092017 6.51033321396665 3.68667900883679 0.0558921836531211 0.26512958912378
"serA" 0.484213430968099 10.7717122408773 3.66527937797566 0.0566041049607902 0.266231171637615
"yeiI" -0.275346670655307 5.59782941054115 3.63276790634849 0.0577042810589878 0.269125008300321
"frr" 0.336783857275877 9.8925813053714 3.5883414317384 0.0592447398562403 0.2731367779087
"rplY" 0.606562176630878 8.9251834165863 3.57972013209743 0.0595487389674823 0.2731367779087
"pncB" 0.409258172552618 9.07575123283754 3.55560658731015 0.0604079100248408 0.274806475932677
"phr" -0.312372567528877 7.22406737786362 3.52855578739876 0.0613875495711453 0.27699260172346
"sspB" 0.292609451685405 7.80466735260678 3.48285866186303 0.0630813174522233 0.282339767628903
"yfcD" 0.231343456397482 6.4638099675949 3.44091056699466 0.0646802736243944 0.287180414892311
"gstB" -0.339515892708617 7.65219716927997 3.3994457411097 0.0663036238350928 0.289869526850252
"cybB" 0.30643925702978 5.84725825637418 3.39876834647597 0.06633050434231 0.289869526850252
"rlmG" 0.407541625588521 5.27344745513953 3.38109097606961 0.0670361368676768 0.290664499699692
"glgP" -0.378742431506029 9.65157732096458 3.34468772460403 0.0685148018580164 0.290769993228556
"ribD" -0.285014758756014 7.39850064475894 3.33975647622939 0.0687177868108153 0.290769993228556
"talA" -0.517346429241399 10.313215611402 3.3317954466585 0.0690468532897734 0.290769993228556
"guaC" 0.32395290485938 7.98323805411373 3.32916133299922 0.0691561064976025 0.290769993228556
"lhgO" -0.627226914182853 9.48858981175451 3.28512732942132 0.071010300769127 0.296321179901244
"glcB" -0.321531219976315 7.42440615391313 3.25107347111079 0.0724809657254713 0.299884431140506
"rbn" 0.280219060783788 4.76779590313691 3.2372255186935 0.0731132723788967 0.299884431140506
"yqjE" -0.376787484634226 8.58635005565752 3.21776071149086 0.0739514551129849 0.299884431140506
"pgsA" -0.278628578753086 6.12945690280505 3.21610164547365 0.0740255262454943 0.299884431140506
"wzzE" 0.245429437115092 6.99899144459395 3.20165717909454 0.0746738130274152 0.300318595871126
"malQ" -0.268832275112698 7.98316455099475 3.18486052103149 0.0754353898386763 0.301198858708384
"ycbZ" -0.268154175528484 8.5135634257938 3.12793618375882 0.0780794828876573 0.309529378590356
"cdsA" 0.265653118122512 7.39429889576251 3.04292702176996 0.0822167134084506 0.323618978309859
"nuoN" -0.33129268786724 7.99816339034356 2.98422145448456 0.0852123906835925 0.333048428376013
"nuoF" -0.322431389411476 8.5904272461198 2.96433219751851 0.0862540574571686 0.33476225097013
"sthA" 0.370389903578328 8.16725124907899 2.95153769429943 0.0869314669020454 0.3350483620183
"fbaB" -0.481132124990533 10.6613052441859 2.91530233656207 0.0888815980571495 0.338762916774981
"pdxJ" -0.251988322366129 6.67937937207648 2.91100513406994 0.0891160105390041 0.338762916774981
"mfd" -0.297273430384759 9.43012650648727 2.88715979184615 0.0904290850012417 0.341415933167953
"lpxD" 0.275094949453812 9.59472880434165 2.84389081717245 0.0928659965082765 0.348247486906037
"intA" 0.243495260815015 6.10276234691498 2.81712221169203 0.094409478222089 0.351659465860801
"nuoE" -0.299960720946045 7.11754093756599 2.78601993762617 0.0962381820617526 0.356081273628485
"lysA" 0.31377145373606 5.51289348773543 2.68879709955692 0.10220957021756 0.373797366922054
"murD" -0.226461626660829 7.74888038768154 2.68621938146398 0.102373332922797 0.373797366922054
"nei" -0.254106107176886 4.92591371296583 2.66039009125103 0.104030302741157 0.377364823668903
"polB" -0.234935543418419 7.31898812959279 2.60545854718538 0.1076793278882 0.386555978289658
"tig" 0.37131098107129 10.7442262743569 2.60094567688679 0.107957075017832 0.386555978289658
"hslV" 0.376338645367897 9.63909200343585 2.57755035538768 0.109547129514272 0.389734980002699
"rplL" 0.382661855233013 11.0622105039458 2.532653965107 0.112671512869801 0.398297386259489
"prc" 0.245318946890214 8.84394910064473 2.46399930668633 0.117641906248392 0.413235809923148
"aroG" 0.274427941319817 7.96585577208732 2.44071566577995 0.119382470589937 0.416712397342232
"secA" -0.27488451124316 9.40151805182511 2.40947566728512 0.121762986696817 0.419990870735215
"cfa" -0.377558458965124 11.0120580070263 2.40853878843971 0.121835189528594 0.419990870735215
"pfkB" -0.28188259276944 8.32330406481848 2.34880093532773 0.126539162473269 0.432534630522841
"cirA" 0.617277148026697 11.3988449618391 2.34267751261024 0.12703269328869 0.432534630522841
"yhdP" -0.194258672165717 7.55499997061349 2.32362704293642 0.128581928950218 0.435140064435188
"gstA" -0.249619324062885 7.75571794515615 2.30601541324353 0.130032987621356 0.437383685635471
"tabA" -0.224601895569549 5.42252205878452 2.26143564330643 0.133788758097572 0.447305787615376
"mtlA" -0.369183808962444 8.62546997881807 2.12418417160104 0.146141021039036 0.485678243572846
"nlpC" 0.204600827838407 5.92905939288167 2.09260073323581 0.149162809550126 0.490466299079314
"opgH" -0.243892290522285 8.88818243873716 2.09067645098943 0.149349197377304 0.490466299079314
"waaU" -0.550423063414209 3.39506760531738 2.0596815770717 0.152388162667082 0.497502531060178
"bglF" 0.292906054910177 5.31363793923774 2.03579905728215 0.154777827306782 0.502349088627276
"elaB" -0.431592629065577 10.251858902849 2.02043805895975 0.156337407422978 0.504460820463679
"rodZ" -0.232792297600442 8.85525461701956 2.00834222703409 0.157578110271755 0.50552515144985
"pspA" -0.433555446651116 11.2630974818614 1.99394327918416 0.15906974470008 0.507377633957152
"nuoB" 0.263705908179842 7.9083805731599 1.97494861495973 0.161062239310935 0.508180239738793
"yqjD" -0.308469654029116 8.75924735340315 1.97409308552839 0.161152652601851 0.508180239738793
"frmA" -0.223782337180847 7.12286621422493 1.93883232281359 0.164930177563635 0.516623676224543
"ebgR" 0.228743260929076 4.9554947539253 1.93183428800681 0.165691917780124 0.516623676224543
"yhfK" 0.223121195466333 6.53807491737334 1.91248963498628 0.167818730594638 0.520331818324156
"mdtB" -0.187902376814078 6.03499255521922 1.88483977058803 0.17091346062693 0.526435982310581
"ompT" 0.349380623104424 10.0929692014158 1.87799567621423 0.171689620008662 0.526435982310581
"pheL" -0.496114595363814 3.0976193485105 1.86972445651 0.172633060865812 0.526435982310581
"rplJ" 0.345909106462652 12.0290735437213 1.85124151278461 0.174763019890192 0.528630457568398
"yicC" 0.197158657060908 7.7612987699493 1.84698644943352 0.175257665211865 0.528630457568398
"dfp" 0.190790055352363 6.96625642814062 1.80013901763994 0.180812308021471 0.538113228114547
"prs" 0.293035829549261 9.4305176297621 1.78422961386288 0.182744991269487 0.538113228114547
"ybaB" -0.174021230222942 7.44847509808539 1.76808793886218 0.184730518787959 0.538113228114547
"dxs" 0.197564934091635 7.93730375511005 1.7667693409994 0.184893822636432 0.538113228114547
"mlaA" 0.188778815234327 7.54810788789009 1.75863765816399 0.185904633466981 0.538113228114547
"rpsP" 0.300177536356828 9.36815153916406 1.74463065371903 0.187660944933741 0.538113228114547
"hrpB" -0.159429158252584 6.68098535399211 1.74405484438978 0.187733558369585 0.538113228114547
"ydgA" -0.25690276971621 9.97551068788315 1.74123903880523 0.188089123785907 0.538113228114547
"gss" -0.234541575273604 8.6306968556084 1.74026638985616 0.188212127789687 0.538113228114547
"oppB" -0.283395543542877 9.02325725095708 1.73740820927378 0.188574126284922 0.538113228114547
"proP" 0.2825628761352 10.3943014005441 1.72939791363896 0.189593006201255 0.538113228114547
"yhcB" 0.212587971947504 8.13283750437614 1.72500402212859 0.190154628927471 0.538113228114547
"prfC" 0.278541572616514 7.96262300595285 1.71601415844425 0.191309787415443 0.538113228114547
"accC" 0.285680575760068 9.67422694769442 1.71086195569884 0.191975530030055 0.538113228114547
"nuoG" -0.265902094950853 9.37466088298283 1.69914600915261 0.193499549822237 0.539209436990682
"fabF" 0.266754413370388 10.0472089081917 1.69296191449069 0.194309707023669 0.539209436990682
"dppB" 0.38540527834221 6.74538864021445 1.66109019898026 0.198548912506525 0.548232071846374
"pliG" -0.439088358787893 8.05095493782754 1.64890518536426 0.200198347794753 0.550049915970732
"ompX" -0.364409635684779 12.6147385846233 1.60309776348649 0.206545732264469 0.564693997077736
"tsf" 0.274682121311357 10.4922271056184 1.58529775732567 0.209076382845801 0.566571816612737
"insH1" -0.25219170661271 9.83876366775059 1.58391663483353 0.209274274604705 0.566571816612737
"ridA" -0.29845495030218 9.14764468473034 1.57630871602625 0.210368364333781 0.566769136918683
"yeeX" -0.259756442367111 8.294172946568 1.55986949245744 0.212755822760124 0.570432278414825
"gcvP" -0.253860256869283 9.68573917295674 1.53487463424446 0.216448050073775 0.577541672071853
"rpmE" 0.443510437454002 8.82799226024832 1.51659729267418 0.219196532140865 0.582076915493686
"fumA" 0.323396830991612 8.30376565457153 1.489843597962 0.223295536826154 0.590138204469121
"entC" 0.345287641285819 9.33285537053313 1.48237195979275 0.224456704699647 0.590395597669688
"yhcD" 0.210817634291657 4.42629475349509 1.44843180111764 0.229823894205389 0.601661609830147
"ppk" -0.17952551874304 8.74346861739471 1.42309926165008 0.233931273743803 0.606787598473783
"holE" 0.24008615773253 5.16200019711104 1.42287182401348 0.233968551483585 0.606787598473783
"acrA" 0.179020139890966 8.71178433208967 1.40805254493326 0.2364131102773 0.61027570327396
"rpsM" 0.293134556028332 11.228700915043 1.3875727989036 0.239842786508651 0.614280796662477
"fumC" -0.205969367918378 6.79770801903516 1.38558877724234 0.240178257433797 0.614280796662477
"rpoS" -0.304278008480741 12.4348836993127 1.37432247367051 0.242094139707218 0.61634058503443
"carA" 0.483319639685263 9.65752073100038 1.34873344660345 0.246515606085085 0.624731330489598
"zwf" -0.192518341947864 9.05275153853547 1.33775834462408 0.248442294916265 0.626752153084214
"gcvT" 0.221636341908238 8.71826726404652 1.30807553489558 0.253746778360739 0.627788284557465
"eptC" 0.204145911363206 7.26737851258545 1.30410599847784 0.254466708740381 0.627788284557465
"dadX" -0.2524998972157 9.31849217350199 1.30253779285263 0.254751820333351 0.627788284557465
"intD" 0.191427802476757 5.78555689379966 1.29952015420085 0.255301562369669 0.627788284557465
"rfbB" 0.210290158190933 7.76233733023166 1.29945552147806 0.255313352962673 0.627788284557465
"clpB" -0.369920718598463 13.0718255329784 1.29441450271396 0.256235038442714 0.627788284557465
"rplN" 0.282064605474359 11.0823125222837 1.2837151665251 0.258204973513398 0.627788284557465
"wecG" 0.161258434811785 5.41963754746819 1.28295192246609 0.258346216569099 0.627788284557465
"dnaG" 0.187901548719867 8.67538310341689 1.27924611363473 0.259033364258846 0.627788284557465
"slyB" -0.22190276690635 9.89927430317821 1.26341549256338 0.261994449101298 0.630053050038012
"mnmG" 0.226067133947119 7.98937838534618 1.2621217573717 0.262238296502308 0.630053050038012
"fiu" 0.40975944248421 10.7736957766928 1.25195152443506 0.264165098705572 0.631946680093071
"ftnA" -0.248780172318462 4.59642756315275 1.2289526159707 0.268587969777313 0.637235054341683
"asnS" 0.252768804020694 9.95308973320919 1.22851985863265 0.268672076965683 0.637235054341683
"sxy" 0.208042876982064 4.34714656218009 1.21677557253758 0.270967262886455 0.638260399017262
"ydcF" -0.171584011192525 6.62199302304497 1.21455281592261 0.271404421924458 0.638260399017262
"dcuS" -0.161873886829336 5.25498477726629 1.1924480993817 0.275800504596115 0.645861941142801
"nlpI" -0.220414479765514 10.1458901043805 1.18193005221056 0.277923800794903 0.646575422082733
"pgi" -0.234397249245061 10.465114632269 1.17556957345172 0.279217830417891 0.646575422082733
"aroB" 0.161075398875471 8.74158650203635 1.17369735304648 0.279600182522263 0.646575422082733
"typA" 0.242978342923892 10.7316570357399 1.16219878763491 0.281963071182616 0.649052898737532
"osmY" -0.278837509559654 11.2079285632897 1.15325161170733 0.283819216634107 0.649052898737532
"atpF" 0.242485470103531 9.69342258578206 1.14827088011619 0.284859231170509 0.649052898737532
"rpsQ" 0.249955320414337 9.79078103235222 1.14593151357534 0.285349382508032 0.649052898737532
"fepA" 0.375635336959443 10.5605440069195 1.1370326942647 0.287223737447486 0.650649690952468
"yhbW" -0.168623711097657 7.22031956020775 1.1243049811446 0.289931967233936 0.652565304943119
"rhmT" -0.245932531591953 3.1539802353684 1.12202310556415 0.290420955533244 0.652565304943119
"tpx" -0.223027924901105 9.86152015251086 1.10610892634781 0.293860789621096 0.657632009031081
"rpsD" 0.256686855263645 11.8288558390769 1.07337027331308 0.301103625631155 0.671134587250164
"acrB" -0.186811702614881 9.84464230982762 1.06307027772221 0.303429916255949 0.671816298251105
"pyrG" -0.223049987451424 10.5048322241402 1.05931528892759 0.304283787114992 0.671816298251105
"hemB" -0.138902089416528 7.28506124839851 1.05599716640746 0.305040913800502 0.671816298251105
"yrbL" -0.210640393353792 10.5627359176927 1.04626533515046 0.307275685833798 0.674063263390347
"rpsJ" 0.300338509741181 10.8422884933266 1.03765653629117 0.309270371384723 0.675767937474493
"orn" -0.146167266856851 6.10596018147234 1.01598709430216 0.314366673933331 0.68420981973725
"ileS" -0.21421085226423 10.7539489191498 1.0082641819556 0.31620956299337 0.685532451020784
"rpsC" 0.279817887569925 11.4787125241497 0.995676496281379 0.319243884493008 0.687371738941608
"tas" -0.162499023296714 8.52681142355089 0.994477234739383 0.319534970535018 0.687371738941608
"purD" -0.233277485504748 8.46027133250558 0.975215293383636 0.324258683551302 0.694238616875706
"tnaA" 0.370973468977248 4.10258064300387 0.968510000825512 0.325934457108365 0.694238616875706
"yddE" 0.130563368579966 6.12758109985075 0.961956159770537 0.327564202954802 0.694238616875706
"purC" 0.25886844918574 8.79609645784629 0.961293163937335 0.327730662380964 0.694238616875706
"hemF" 0.143829484721373 5.39045412423593 0.946544288561619 0.331463021959197 0.699475198431004
"cspC" 0.262785623243235 9.69700407080375 0.935397059610862 0.334321722580316 0.702430437976319
"lrp" 0.165267563635068 8.53533723052491 0.931245954682859 0.335394713628332 0.702430437976319
"maeB" -0.180725783371569 9.07941317543481 0.92162222433226 0.337900144654214 0.705017219109357
"skp" 0.167152009594512 9.39381874978654 0.90937351206085 0.341125557378206 0.709081214774922
"uspA" -0.22046465816325 10.3179326083503 0.895726796224283 0.344768310383689 0.713979150234878
"fliY" -0.378968830335988 9.31268020839065 0.887849192182073 0.346895149261613 0.715496294805642
"cysA" -0.425817434526357 8.35271278224532 0.883491702555961 0.348079278554096 0.715496294805642
"ispH" 0.142057558734928 7.36112161587924 0.868634273950448 0.352158417975841 0.715795037934499
"putP" 0.171354430609983 6.63317435388825 0.865507036559952 0.353025325712852 0.715795037934499
"yncE" 0.265618416241119 10.0346447384457 0.864557329820523 0.353289174579091 0.715795037934499
"acpP" 0.204642206650736 10.7047463681423 0.860592044755265 0.354393742185854 0.715795037934499
"argB" -0.297130957357847 6.66437402278049 0.859165644960421 0.354792238322125 0.715795037934499
"csrA" -0.211999111517794 9.91648844365837 0.852779389958423 0.356583948738115 0.715795037934499
"yidQ" 0.174638014592459 6.27785400990716 0.850407185663049 0.357252658572714 0.715795037934499
"gcd" -0.196792752712645 9.8889295916372 0.820151458880146 0.365935657353911 0.730251912116213
"hupA" 0.184465686887542 9.04798391568801 0.811248070831464 0.368546576724045 0.730251912116213
"gltD" -0.207469928601043 9.74068569179967 0.808707874128096 0.369296254728766 0.730251912116213
"rplA" 0.250086300081832 11.4954390393009 0.807237588437636 0.369731148296677 0.730251912116213
"ribE" 0.137281343617769 7.78234595966189 0.788835572275192 0.375235488928798 0.734319948760405
"ygaP" 0.194379680298461 4.08454725599482 0.78882763589135 0.375237887593521 0.734319948760405
"rpoA" 0.248505234652317 12.621909480849 0.786770683052439 0.375860302720843 0.734319948760405
"yecS" -0.250884946527249 5.92144217526454 0.781570667098007 0.377440285462166 0.734319948760405
"ybbN" -0.157381738695738 9.76487489977053 0.772764677847573 0.380137389028515 0.734319948760405
"lpp" 0.345386045566867 11.8924787856099 0.768704829701057 0.381390039324737 0.734319948760405
"gpmA" -0.224588859067929 11.5365000155588 0.765714622198227 0.382316405327119 0.734319948760405
"ftsZ" -0.172664972806451 9.86052897052311 0.765046526463234 0.382523818107193 0.734319948760405
"thiI" 0.162310947409753 7.16109885507653 0.76127178403987 0.383698711964896 0.734319948760405
"oppA" -0.221855049881286 12.5827247849943 0.743579084689769 0.389274756485286 0.740987644929639
"rpsK" 0.208525548626057 11.1971736136305 0.741765209143344 0.389852959134152 0.740987644929639
"rplQ" 0.206478146668652 10.5819258545846 0.720688638006592 0.396663026253372 0.749423950489146
"clpA" -0.217178276101928 11.3800974983811 0.719683285021936 0.396992146745602 0.749423950489146
"glnA" 0.259540053517944 10.5872403124075 0.707650668903942 0.400962181397544 0.754352578561482
"hisG" 0.170133609586479 7.56741620863686 0.692460781697636 0.406057052114655 0.759535562189033
"nuoC" -0.176733969812003 8.81253701045698 0.691288544656333 0.406454165711969 0.759535562189033
"ybhJ" 0.164894251022558 3.68529780656848 0.686885929027074 0.40795072353062 0.759773998521793
"secY" 0.233095076815424 12.6262817482447 0.672757432947982 0.412808540098184 0.761740288399512
"rplT" 0.184573015520016 10.693417936006 0.670738309671792 0.41350975060643 0.761740288399512
"pflB" -0.223159770196977 12.4085431844178 0.668795952733727 0.414185968210148 0.761740288399512
"gltX" 0.151085080884408 9.020093810052 0.667905511381855 0.414496517291266 0.761740288399512
"sodB" -0.321895404219935 7.09723408208773 0.65239749231825 0.419961089123294 0.764711328662396
"ptsG" -0.181609153231555 9.75386136035423 0.651163348231735 0.420400575144612 0.764711328662396
"cydD" -0.131893514020445 6.40222371986358 0.65063766363031 0.420587983546609 0.764711328662396
"ydiJ" -0.180436709311004 8.4854816022404 0.642280338631003 0.423584296398879 0.764711328662396
"envZ" -0.120023346533782 5.59119741104403 0.638372827216654 0.424996250077895 0.764711328662396
"mdtM" 0.16924542362397 5.0141628434803 0.635217909801903 0.426190440071746 0.764711328662396
"lepA" 0.127921742356626 8.9108902218718 0.632518459594912 0.427124997034957 0.764711328662396
"yebK" 0.120868960412288 6.49565345874885 0.628004623209131 0.42877732089274 0.764711328662396
"lacI" 0.203130026350063 9.62913612571854 0.626343492273969 0.429387826985641 0.764711328662396
"htpX" 0.158025593165208 10.6611511629701 0.616956656042428 0.432862646293434 0.764711328662396
"folE" 0.150517571291331 8.28442992069139 0.616767515039656 0.432933101646614 0.764711328662396
"pnuC" -0.131983192094946 8.14402781646041 0.616367030700105 0.433082340452759 0.764711328662396
"tag" -0.100398189333537 5.73662280184326 0.612563192971386 0.43450374513267 0.764711328662396
"atpE" 0.161395884031373 9.11631970068279 0.610165935176528 0.435403206950121 0.764711328662396
"wbbI" -0.163353248704169 6.53847807571698 0.606507805779061 0.436781253674586 0.764711658641626
"rplD" 0.23994148211765 11.1557869759833 0.59593112123267 0.440803451180864 0.767708244221067
"glpT" -0.40134796042124 5.29276064450272 0.594170425603551 0.441478558626863 0.767708244221067
"ppsA" -0.149497260692603 9.03419112800407 0.589040356628904 0.443454724519848 0.767708244221067
"sufC" -0.183380799045773 8.22838292629515 0.582438601590151 0.446018028737006 0.767708244221067
"clpP" -0.145642614993704 10.0858694206133 0.580496451101158 0.446776501216283 0.767708244221067
"rpsB" 0.200618585187039 11.8867144232219 0.580455883518089 0.446792365555684 0.767708244221067
"rplW" 0.216808628203955 10.3554205869095 0.560339615628465 0.454768833558415 0.779002168595434
"yfjW" -0.209940824793514 3.02125339507014 0.534921578921343 0.46517329976839 0.788431852679136
"gntT" -0.155867366916203 5.91135354581665 0.534548724217259 0.465328736604216 0.788431852679136
"rpmD" -0.153617300635922 8.91028073442507 0.5331039323969 0.465931833074265 0.788431852679136
"fabH" 0.109210569895957 9.0687734960516 0.533045808250657 0.465956121943706 0.788431852679136
"shiA" 0.166415611721169 7.72180097810473 0.528555141385273 0.467838843689072 0.789211423244483
"aroF" 0.399052133624989 11.2062354203133 0.52443075906289 0.469578808098177 0.789746177256025
"nlpD" -0.180225210435129 11.6349419286097 0.512273146994163 0.474769127090387 0.796063037870588
"aspS" -0.128177330762175 9.6172143762307 0.496473959414375 0.481655107157057 0.805176459253513
"rpsE" 0.185449652262726 11.1179550313069 0.485083872472451 0.486721980787518 0.807286066208524
"aceF" -0.181969339818775 11.3170579358403 0.483315184278319 0.487516704935578 0.807286066208524
"rpsO" 0.181977015414614 9.1129217741257 0.480422357786529 0.48882120112668 0.807286066208524
"purH" 0.180092926392129 8.80662277383846 0.479228255823471 0.489361368895164 0.807286066208524
"dnaE" 0.0963549086553944 8.62885107245096 0.475972549872319 0.490839205695997 0.807286066208524
"rimM" 0.16696051590364 10.865655434049 0.474205390341727 0.491644487168434 0.807286066208524
"yifE" 0.155868596659424 6.92785885043876 0.459355911034431 0.498500010563851 0.816128335878871
"rpmC" 0.158678668704007 9.19535950910252 0.454541843032153 0.500757295701982 0.817412644454706
"yegT" 0.189987867120975 4.00750804385963 0.446420080236157 0.504605262872114 0.821278360393029
"rplV" 0.189282552247632 10.4414809869536 0.436035417498282 0.509599829829877 0.821360720730318
"rplC" 0.200268911483738 11.6747652740394 0.43068300090265 0.512207588943181 0.821360720730318
"purA" -0.154224331805702 11.0399698651094 0.429320573648494 0.512875083496393 0.821360720730318
"pta" -0.147168361804793 9.36236215289477 0.424362052860193 0.515317267913868 0.821360720730318
"rplK" 0.161758715141333 10.4431641903199 0.421229621189906 0.516870565420087 0.821360720730318
"sucD" -0.139079383417848 9.38831658636642 0.421009946976547 0.516979804585369 0.821360720730318
"glyA" 0.183326412691794 11.0251498587314 0.420611666575063 0.517177964066689 0.821360720730318
"hns" 0.137054808555745 10.6000614830079 0.419059372095568 0.517951563867898 0.821360720730318
"pntB" -0.119477930683946 8.90858485777537 0.419011949633034 0.51797522928939 0.821360720730318
"cstA" 0.18627174013911 9.13140278573979 0.409897806946181 0.522559163958725 0.826268763524479
"cysN" -0.32988923773695 9.73258666454924 0.405412397268785 0.524841555022425 0.827520065447289
"dksA" -0.121827967049709 9.50396618404986 0.401961390444633 0.526609710983211 0.827955777891451
"cueO" -0.0833430952012193 6.50338766738614 0.389686097513735 0.53298654506349 0.835614498616488
"lpoA" 0.0792153514782654 7.72127537504123 0.383669526391556 0.536163244675564 0.838055780423325
"cysP" -0.315032763864764 8.77736203058189 0.38103765359598 0.537563707803069 0.838055780423325
"fusA" 0.178712443442841 13.4750561432102 0.372180254136883 0.542326476219326 0.842028147945636
"btuF" 0.119313555180506 4.80346878415523 0.366644387084899 0.545342876839322 0.842028147945636
"aceB" -0.154232614348376 10.5820257265272 0.363971003156694 0.54681072573572 0.842028147945636
"sstT" -0.137980514265797 9.40634037548968 0.363785124620493 0.546913057618564 0.842028147945636
"rpsI" 0.154740157424712 10.5831944214559 0.362362231704552 0.547697588123197 0.842028147945636
"hemL" -0.0920588028625298 8.5369176379304 0.357925527784987 0.550157375060464 0.843473323642424
"infB" -0.136815600650523 10.7293802189332 0.352771601554613 0.553040946576613 0.845558472038624
"plsB" -0.106849376187078 8.69480196200139 0.343985425191861 0.558023116210749 0.848686815615911
"pepB" -0.100833472197875 7.88373578138238 0.342425727311033 0.558916468860972 0.848686815615911
"yqjH" 0.123340284558337 6.62957990293353 0.33902672176201 0.560872833239658 0.848686815615911
"eno" -0.158217074580264 12.1259756000871 0.33845409200548 0.561203714109981 0.848686815615911
"rplI" 0.133857749720647 10.2641340226558 0.324681759532272 0.569276867390143 0.853380254141096
"rpsF" 0.144285034408656 10.7993168816868 0.323965604324554 0.569702845543663 0.853380254141096
"ackA" 0.140883718301508 9.87864834429575 0.321664421538843 0.571075853180783 0.853380254141096
"surA" -0.0932572049792142 9.00402063945779 0.318196219741532 0.573157487530021 0.853380254141096
"infC" 0.138917027625276 11.6080199513658 0.317826487768081 0.573380284486266 0.853380254141096
"mntH" -0.170718665749368 11.0072122867792 0.316514057948633 0.574172524494476 0.853380254141096
"rluA" -0.0907223391020016 6.31851001921779 0.314839604042729 0.575186445351098 0.853380254141096
"xylB" -0.0902628005460913 6.04662975822187 0.312501324628135 0.576608279825065 0.853380254141096
"ompR" -0.0909061957226847 6.74717178038427 0.307019235682507 0.57996935494477 0.855804656347015
"npr" 0.0848626363017293 4.96542247088138 0.304817380653643 0.581330370167252 0.855804656347015
"evgS" 0.126447631203428 5.91487662346123 0.30141486096031 0.583446217871457 0.856647224652535
"clsA" -0.0637259140864573 7.40605056197708 0.291527394703556 0.589684214800973 0.863521739352348
"selA" 0.0724972639171339 6.34563163068871 0.282566895058168 0.59545661263253 0.869680052660669
"ygiQ" 0.114599637760961 7.23767370579265 0.276487837487402 0.599440009505781 0.87131793931635
"waaF" -0.0674635105020578 7.48585895179763 0.276066850600045 0.599717933006929 0.87131793931635
"rplM" 0.129207797300268 10.8602186543584 0.273009071598767 0.601744751852797 0.871741388328638
"tufB" 0.131880492912154 12.452978557114 0.270900556724476 0.603150798411166 0.871741388328638
"wecD" 0.0840655627484818 5.29344174586092 0.265493627958238 0.606788431067403 0.872727366226732
"yfiF" -0.073123140046027 7.36027185605596 0.264204131906177 0.607662889012214 0.872727366226732
"galU" 0.0793393723510537 8.55490900690537 0.262899395451984 0.608550433747289 0.872727366226732
"trxA" -0.0910011660488633 9.20228106116597 0.25311108184372 0.615299204155765 0.875061173242406
"rpsS" 0.140346728519364 10.1880454289819 0.250630091932758 0.617035730170472 0.875061173242406
"grpE" 0.118956318967011 10.2838974759953 0.248297121442036 0.618678492053598 0.875061173242406
"cyoB" 0.123376140542505 10.6833522679746 0.247347487131251 0.619349938507963 0.875061173242406
"ompA" -0.161099010962124 14.5749462278419 0.246961935189375 0.619623005244177 0.875061173242406
"rplO" 0.134617818661233 11.2711374188541 0.246940898841481 0.619637911863542 0.875061173242406
"leuC" -0.106985709157777 7.57470508892401 0.241752419297859 0.623343370768679 0.878059824306134
"thrA" 0.130708476066093 9.67496945139745 0.233658751273248 0.62921213351101 0.880166495708099
"dhaM" -0.0770741974480399 7.84060535961243 0.230827219318667 0.631296479964718 0.880166495708099
"rplE" 0.13296234096637 11.5988076052453 0.230068140339903 0.631857927638956 0.880166495708099
"dcd" 0.0641465649746809 6.98092269413589 0.223846036611565 0.636503569568194 0.880166495708099
"htpG" -0.138714412003853 11.6862898246507 0.222749295321531 0.637330612034002 0.880166495708099
"hisD" -0.0978117054903015 8.06103313993566 0.22268560003469 0.637378720538407 0.880166495708099
"ddlA" 0.0642804176841302 7.62273604463514 0.22177721301905 0.638065735167893 0.880166495708099
"rimK" 0.0577210548260384 5.7015059904836 0.216701107430789 0.641936788701432 0.880166495708099
"gnsB" 0.150021985886353 3.20686928795241 0.215060783404 0.643203615559314 0.880166495708099
"fdoH" -0.14375823813897 8.4125069665377 0.21486564339349 0.643350106176164 0.880166495708099
"yehP" 0.152871198086759 2.20862213446604 0.212569789618667 0.645128292721851 0.880166495708099
"glcE" -0.132181900216575 5.26016668338011 0.211939074181037 0.645618833849973 0.880166495708099
"rlmI" -0.0778278245689237 7.28496718327252 0.210946669256774 0.646392475207922 0.880166495708099
"ycaI" 0.0789521413880391 4.70446923616875 0.209157404679438 0.647792907412817 0.880166495708099
"hflX" 0.0763129253859457 9.68751885927236 0.208062946941887 0.648653099656996 0.880166495708099
"dnaB" 0.0807663913895793 7.63600177752324 0.204914357925803 0.651143088372306 0.880166495708099
"rpsN" 0.119028587781268 10.9388799288285 0.204089807467287 0.651798972497349 0.880166495708099
"psd" 0.0621072620720356 7.99850383648565 0.195093129803207 0.659061214993667 0.886858572398424
"glyS" -0.0873240934933236 9.81626757507503 0.192863854253915 0.660891587077439 0.886858572398424
"atpA" 0.109524560185018 11.2678000739215 0.192067434940001 0.661548556708013 0.886858572398424
"damX" -0.0586091196922302 8.98066729032741 0.182699165437264 0.669401261429203 0.895223373718573
"znuA" 0.148991196932771 11.2975970419082 0.176843260087524 0.674431573228106 0.898944099347518
"pyrB" -0.154300353937585 10.179477848771 0.175702520452537 0.675422863834081 0.898944099347518
"rpoD" 0.0963274091051165 10.8989683157896 0.17306770182726 0.677727048387947 0.899852899175385
"fhuA" -0.0754892457178672 9.70489599475992 0.163899631916329 0.685908817986462 0.903727508238202
"cysI" -0.205837253163589 9.22778114603718 0.16316998423389 0.686571323420495 0.903727508238202
"dnaK" -0.139706035252399 14.2020869206035 0.161741305220965 0.687873543925666 0.903727508238202
"rpsR" 0.0927216564504511 9.39986452953653 0.15951870354389 0.689912767993827 0.903727508238202
"cysC" -0.208692081211365 7.20017282972106 0.159163279706999 0.690240393256398 0.903727508238202
"lpxC" -0.108536071635687 12.0360460904129 0.158973775225836 0.690415249536933 0.903727508238202
"rplB" 0.112317784953765 11.7390450977625 0.15355040479032 0.695471467663242 0.907815300574403
"yciW" -0.189090178150046 7.82783400420325 0.151308643781267 0.697591575671139 0.907815300574403
"hflD" 0.0725039148828837 6.63559651692439 0.150089541807997 0.698752122292742 0.907815300574403
"yhbT" 0.056857300409476 6.83907854882129 0.148700590049173 0.700080988551071 0.907815300574403
"speC" -0.0647971989252164 6.40070274881352 0.145778419266619 0.702900214003525 0.909346430703861
"fes" -0.0918251019060444 8.30020605909665 0.142372795181853 0.70622703555597 0.911525592403635
"thrC" 0.0839830443541899 8.48207176109284 0.134179608961412 0.714421384120636 0.917997697728132
"valS" -0.0704609136758431 10.083940288614 0.134053642125412 0.714549559312708 0.917997697728132
"pnp" -0.0792550598005829 10.9705276532802 0.124835965348396 0.724120643144452 0.928145397102012
"lepB" -0.0543423236517243 7.96502693269327 0.12295193736749 0.726125492189558 0.928570617892177
"mdh" -0.0625446009472912 9.94998371469187 0.118053175592651 0.731420508594573 0.933191683379283
"hfq" 0.0693728962357441 9.44271093040001 0.115175512959602 0.734588431838305 0.935083898326283
"tolA" 0.0451169467601733 7.41490379884008 0.110313540262679 0.740042705170733 0.936818065192713
"gatZ" -0.11978510849386 12.0807628420619 0.109275399997128 0.741224534205485 0.936818065192713
"rplF" 0.0852263812279335 11.2300697301216 0.10920031139108 0.741310256990707 0.936818065192713
"ypjA" -0.0488304972586943 6.29554999853569 0.107161164746802 0.743650806257139 0.936818065192713
"crr" -0.0790337114387712 10.702840951383 0.105052563304213 0.74609716102825 0.936818065192713
"rpoH" -0.0712012988071753 10.3152246843659 0.10214989718786 0.749509583980119 0.936818065192713
"gshA" -0.0521871554649833 9.22269030018331 0.10083214153447 0.75107640742941 0.936818065192713
"tktA" 0.0870962873079857 10.6047822013833 0.0990677088562194 0.753192090743483 0.936818065192713
"yfjH" 0.0901795521935779 2.77103174384491 0.0987291220473557 0.753600444826832 0.936818065192713
"sodA" 0.0708629534781915 11.1894223844071 0.0974794902534802 0.755114266638586 0.936818065192713
"ilvB" 0.0960344326862118 7.23654316081714 0.0964516592857988 0.756367399167451 0.936818065192713
"syd" -0.0486355011490662 5.32738073502679 0.0946348886644358 0.758600444870392 0.936818065192713
"rplX" 0.0794177848149737 10.7967174069325 0.0946035540012089 0.75863916430494 0.936818065192713
"speD" -0.0681854583577255 7.96279907378471 0.0930736936144718 0.760538180002531 0.936818065192713
"tufA" 0.0809399757882193 12.9659983178075 0.0923213852664372 0.761478282189127 0.936818065192713
"rpsA" 0.0883089565443363 12.8741791969753 0.0911438990701172 0.762958135976768 0.936818065192713
"fdnI" -0.104381706900114 3.0577190373193 0.0952045950346237 0.775132224831119 0.942157330013689
"rplR" 0.0694061269620079 10.3516633946167 0.0816582945103451 0.775279624546888 0.942157330013689
"trmD" 0.0757853994161808 11.1028294654123 0.0811346315209778 0.77598192711157 0.942157330013689
"ahpC" -0.0655836906808686 11.1101027858917 0.0801675205336698 0.777285424743841 0.942157330013689
"mscM" -0.0349514237478427 6.66815326974193 0.0797483493982041 0.777853033322653 0.942157330013689
"serS" 0.0582425778225765 10.183975429311 0.0784485545732713 0.779623427265177 0.942157330013689
"atpG" -0.0621623058502055 10.1903961943756 0.0760109162228282 0.782986789503251 0.942157330013689
"lpd" 0.065178479651955 11.2458545796713 0.075554783433517 0.783622565299934 0.942157330013689
"acnB" 0.0692225480074891 11.1082429075644 0.0751324945448591 0.784213011253371 0.942157330013689
"ftsH" 0.0669889945145926 11.6481914538313 0.071344087556103 0.789591716710168 0.942157330013689
"pal" -0.05057126978779 9.67881655862879 0.070976668372781 0.790121438574485 0.942157330013689
"carB" -0.108650670085556 10.8228624613771 0.0708610240296698 0.790288471097891 0.942157330013689
"aceE" -0.0745150685870218 12.0649683344874 0.0705569829262383 0.790728314790333 0.942157330013689
"trpC" -0.134487313097403 10.3750424527282 0.0678255073663689 0.794726176596417 0.942157330013689
"rplS" 0.0608953465025889 9.75272339529055 0.0675412512523331 0.795147127513982 0.942157330013689
"rplP" 0.0666347599025514 10.7552977447759 0.0660922092098987 0.797307836616734 0.942157330013689
"groS" 0.0721468813436212 10.2983543591793 0.0658483069647561 0.797674002253926 0.942157330013689
"nrdE" -0.0722624321414696 9.70385472876641 0.0654686764717207 0.798245375272776 0.942157330013689
"zapA" -0.0581054587507429 9.46855824505577 0.0645992962747107 0.799560544930536 0.942157330013689
"mrcB" -0.038242441465231 7.63978728977067 0.0618289951920052 0.803815385220341 0.942626982434265
"nlpA" 0.0922849975845299 6.98874319922184 0.0616366466694452 0.804114535851134 0.942626982434265
"glmS" 0.043231089035159 9.5692785728415 0.0606539541984424 0.80565066153376 0.942626982434265
"groL" -0.0841571149023566 12.75511150502 0.0595910420959305 0.807327121298234 0.942626982434265
"tdcG" 0.0465199581787268 3.54033357584343 0.0588838954687046 0.808451249799478 0.942626982434265
"gdhA" -0.0545487379158398 8.80778383822539 0.0558865361476073 0.813297252113157 0.946289255603359
"upp" 0.0576624670119046 8.00565087130858 0.0544893159146043 0.815603133506903 0.94698690187517
"priB" 0.0538626634276334 9.8320295767534 0.0510550068719839 0.821406874465303 0.9517344787646
"rhaB" -0.0813946134135284 1.53262099556455 0.0468912228533623 0.828725847128406 0.95821426074222
"yicH" 0.0275802377437253 7.18628799499954 0.0441305206928101 0.833767898442614 0.959961258055874
"cysH" -0.101707782482899 8.06129370577467 0.0440908120478759 0.833841606023207 0.959961258055874
"ompC" -0.05745086558506 11.8004682480756 0.0427617473732765 0.8363289217398 0.959961258055874
"rseB" 0.0288023186484051 8.40919334468152 0.0419722624544959 0.837825549005645 0.959961258055874
"cysK" -0.0777421004146227 11.6186353266616 0.0404132765818632 0.840824617590368 0.959961258055874
"icd" -0.0575638853350194 11.6254607484797 0.0401888684265677 0.841261243800431 0.959961258055874
"miaA" -0.0476204270327543 11.0477762774187 0.0396349839736952 0.842344383194974 0.959961258055874
"artP" -0.0308982062055909 7.95381448066689 0.0383125973773983 0.84496260492523 0.96097181502767
"rpmI" 0.0435047212158819 10.6448845073418 0.0363019885677809 0.849035024941474 0.961409986375777
"codA" -0.0557401438757507 8.53262114242593 0.034350146294145 0.853101823594416 0.961409986375777
"rpsH" 0.0465737853864687 10.5312072144845 0.0336449969459134 0.854600354803368 0.961409986375777
"gyrA" 0.038541145393185 10.3612782250637 0.0332772992484258 0.855388201505396 0.961409986375777
"nirC" 0.0562169571854744 2.36598089490896 0.0323736906795239 0.857343636068987 0.961409986375777
"purL" 0.0497093999593461 10.0923331956989 0.031858547719729 0.85847104758307 0.961409986375777
"zinT" -0.0860329960487153 10.2353479237201 0.0292078776390427 0.864426729661572 0.961409986375777
"cysD" -0.0904091634164107 9.0919862124708 0.0284880642147682 0.866091658877706 0.961409986375777
"rpoC" -0.0458892128843855 12.7351941574486 0.02834322972622 0.866429266808608 0.961409986375777
"malE" 0.0406350795977885 6.16571294799204 0.0283263535905867 0.866468662586964 0.961409986375777
"yjgL" -0.0641653592252464 2.35152306926495 0.0278110723207853 0.867677401315292 0.961409986375777
"ybiX" 0.0465528622933999 7.32767880865826 0.0276160115215842 0.86813797247119 0.961409986375777
"entA" -0.0470874488219886 8.44770019293512 0.0260871239317473 0.87180737586265 0.961409986375777
"trpA" -0.0748162706198901 10.2732531635568 0.0258240818315016 0.872449717810878 0.961409986375777
"tolC" -0.0282754788846636 9.68032353201706 0.0254961945866538 0.873255127469058 0.961409986375777
"proX" -0.0271660728484923 7.39214743936694 0.0248885093948535 0.874761990649237 0.961409986375777
"nfuA" 0.0340153589051795 9.34224233593513 0.0330607257546063 0.874965154620462 0.961409986375777
"pntA" 0.027552755277353 9.15868645187455 0.0268953230561931 0.876528744335393 0.961409986375777
"folK" -0.0307919440615992 4.51321374476554 0.0221718561380909 0.881740927956334 0.963666105228051
"secF" 0.0251728139411646 8.23099400819903 0.0220521129353452 0.882058344965495 0.963666105228051
"leuB" -0.0304013121763648 6.90978485143567 0.017598817523507 0.894563070286445 0.975407669958698
"dppA" 0.0345766700658656 10.4907744874686 0.0165414398417182 0.897758300925198 0.976972268653892
"tyrB" -0.0326009665849545 8.655388802116 0.0146248459953335 0.903833016049931 0.978865241239395
"entF" -0.039139100976428 10.5454294338331 0.0142605314716156 0.905032585303356 0.978865241239395
"fklB" -0.0165552097056578 7.71137022768291 0.0137107764403245 0.906872563782669 0.978865241239395
"bioB" 0.0197559249981902 8.16116050272245 0.013076653110146 0.90904199888461 0.978865241239395
"rpoB" -0.0318338154905817 12.8549150490331 0.0130540203744141 0.90912040340566 0.978865241239395
"metG" 0.0249038043395159 8.96945193067036 0.0124832197105854 0.911121042856585 0.978865241239395
"dapE" -0.0145774793873185 6.96488244110765 0.0122462426020167 0.911965224853263 0.978865241239395
"tdcC" -0.0580073224622103 3.50199576728611 0.0760321287030582 0.913607558490102 0.978865241239395
"clpX" -0.0247428498064611 11.1452134022144 0.0112372983205776 0.915655461573492 0.978900425332573
"hslU" 0.0259289948140421 10.9891306990804 0.010836436073021 0.917167966077366 0.978900425332573
"ettA" 0.0163090404481722 9.20358448708182 0.0103191740660125 0.919162089009927 0.979145795394453
"pheT" 0.0230167288234092 10.7957195227531 0.00921185096391307 0.923608259986851 0.981997287917054
"atpD" 0.0214821239435698 11.0198111967045 0.00808418985493534 0.928423076315363 0.983092075736951
"pgk" 0.0225408535092973 11.1105359312713 0.00808263681607568 0.928429933328537 0.983092075736951
"sbp" 0.0649001329138772 8.11384878621672 0.00774163444110386 0.929951963534954 0.983092075736951
"yehI" -0.0264236044103446 4.28056094428111 0.0235236801631759 0.937628727476717 0.98311334823627
"lysS" -0.016655016813636 9.74160577590344 0.00608430740996274 0.937883711484654 0.98311334823627
"gapA" 0.021573226250354 13.2289387212384 0.00544848066164431 0.941212663170671 0.98311334823627
"fbaA" -0.0180155732302115 11.3218571932261 0.0052581199868351 0.942246920737365 0.98311334823627
"sdhA" -0.0211540938860993 9.28909916386876 0.00515741992589457 0.942801655902797 0.98311334823627
"mutM" -0.0141105097206687 6.20246789207637 0.004989790263111 0.943737305888423 0.98311334823627
"lptA" 0.0112026092341881 7.70444111258409 0.00736463114154815 0.944974591043807 0.98311334823627
"ppc" -0.0160378167923011 10.4831714120542 0.00456232902140042 0.946197344204349 0.98311334823627
"argK" 0.023171659763465 2.20040253836001 0.00479224415123716 0.94694667669113 0.98311334823627
"scpC" 0.0156515752235755 3.31843306984345 0.00503970318394188 0.954526936395843 0.98311334823627
"bamA" -0.0103961952436791 10.5651053545541 0.00283218810281634 0.957596950803444 0.98311334823627
"ilvI" 0.0106781118864943 7.62093118691769 0.00274056046727919 0.958288294398935 0.98311334823627
"fdoG" 0.0171038980324658 10.6936911433955 0.00264652006212284 0.959009131569544 0.98311334823627
"guaB" -0.0142481942410634 9.32938185874865 0.00260696737827395 0.959316323262519 0.98311334823627
"smpB" -0.00832376283566928 6.92385499272346 0.00254133724657528 0.959831250344227 0.98311334823627
"sucB" -0.0114470643578615 9.96552218903257 0.00253036725267248 0.959917967246376 0.98311334823627
"pepD" -0.00913381428437658 9.92099071630825 0.00242854947721983 0.960731995538842 0.98311334823627
"yhjY" 0.0155327690554742 6.7594768932722 0.00838676761368719 0.96325970760485 0.98311334823627
"nanA" -0.0111058095177846 5.35306160336643 0.00200145352693331 0.964349212525658 0.98311334823627
"ykgM" -0.0190251360176569 8.98745120808443 0.00152502402490543 0.968878512654189 0.98311334823627
"lptD" 0.00657345914894436 10.3263494259997 0.00137755661572024 0.970420119520148 0.98311334823627
"mqo" 0.00753225984953166 9.27605021077651 0.00136390141013982 0.970567024597189 0.98311334823627
"tolB" -0.00732455460161236 9.72876637057727 0.00135033361942145 0.970713720420677 0.98311334823627
"yciI" -0.00589938550616554 6.32128106654986 0.000768702985629695 0.977901377867799 0.986449600971061
"gltB" 0.00705520315515595 11.2462336095151 0.000727120605949512 0.978507241506477 0.986449600971061
"tamA" 0.00331505607481167 7.21846839919576 0.000671850209184501 0.979340054297395 0.986449600971061
"proS" -0.00442370643743979 9.42756291523511 0.000494442222912159 0.982275923744091 0.987614379851396
"gnd" 0.00410618946973859 10.966618899379 0.000298133308132014 0.986236612258642 0.989803471615816
"cpsB" 0.000846493435271246 3.91932287479543 0.00000909581035916305 0.997595848722579 0.997848502152663
"entE" -0.00081091504605329 9.66416581262002 0.00000728449387869384 0.997848502152663 0.997848502152663
