"logFC" "logCPM" "F" "PValue" "FDR"
"ompR" 4.44629034605979 6.74717163894164 542.929202277753 0.000000000000000000000000000000000000000000000000000000000000000000800190230279709 0.000000000000000000000000000000000000000000000000000000000000000445705958265798
"envZ" 3.94897022153971 5.59119985912691 496.020434368502 0.000000000000000000000000000000000000000000000000000000000000002610041281974 0.000000000000000000000000000000000000000000000000000000000000726896497029758
"narG" -2.71857232728068 7.17563746704131 275.575544035146 0.000000000000000000000000000000000000000000300943039766044 0.0000000000000000000000000000000000000000558750910498954
"narZ" 2.81329692080769 6.48844391515874 257.214038773357 0.0000000000000000000000000000000000000000318210299468367 0.00000000000000000000000000000000000000443107842009701
"ompC" 4.27229572632983 11.8004715029196 181.008048135325 0.0000000000000000000000000000000546034955413527 0.00000000000000000000000000000608282940330669
"malE" -1.89429081852203 6.16572114234227 61.2488772580405 0.000000000000111557000701594 0.000000000010356208231798
"ompF" 1.80681181866943 9.50199162613251 54.5689063898405 0.00000000000183579783250531 0.00000000014607705610078
"aroF" 4.25317362756085 11.2062395298424 45.922659903662 0.0000000000757738482618655 0.00000000527575418523238
"patA" 1.94528806475299 10.84992759377 43.3105633924966 0.000000000238436560054233 0.0000000147565737722453
"rpmE" -2.45444028507082 8.82799557996704 41.3955143508063 0.000000000556401586683511 0.0000000309915683782715
"yhbT" -0.886121329161586 6.83907942621129 36.0065375060012 0.00000000624134381225607 0.000000316038954856967
"ompT" -1.55180254960428 10.0929717404916 35.4641022672404 0.000000007983030306721 0.000000370545656736966
"adhP" 1.48289489679087 9.47288694464171 32.0853457906828 0.0000000374287192465623 0.00000160367666310271
"tsf" -1.24407515403971 10.4922299842609 31.5415891442023 0.0000000480908571409948 0.00000188435628733467
"aroG" -0.995034197764287 7.9658578628764 31.4251796768844 0.0000000507456809874686 0.00000188435628733467
"cirA" -2.31376056090467 11.3988472487183 30.2606711325076 0.0000000869911205107794 0.00000302837838278151
"dcuS" -0.77510058384964 5.25499198334029 29.3841160976954 0.000000130747378423988 0.00000428389939895068
"rplL" -1.30148341854315 11.0622135334573 28.4474305022974 0.000000202427717937879 0.00000626401327174437
"rpsQ" -1.26422339625751 9.79078380877085 28.2554742050734 0.000000221446746016279 0.00000649188618584565
"rplI" -1.26028421822733 10.2641367655874 27.7885527867861 0.000000275594343254335 0.00000767530245963323
"gadE" 1.4996564430337 6.87585226003991 27.3121881725669 0.000000344663625427201 0.00000914179235061671
"thrC" -1.20996691026253 8.48207474363929 26.796193244238 0.000000439374247673116 0.0000111241570888148
"fdoH" -1.62462130380046 8.4125068442489 26.2766670095381 0.000000561363408351276 0.0000135947573239853
"evgS" -1.14673673181755 5.91488335213545 25.5234312392905 0.000000801626724092927 0.0000180627302174589
"rplS" -1.20506750959668 9.75272641504429 25.4996395299661 0.000000810715000783612 0.0000180627302174589
"intA" -0.728066018971098 6.10276453586387 25.3973221847315 0.000000851000771899579 0.0000182310549980025
"dppB" -1.51194913753136 6.74539566171318 25.3011284111532 0.000000890718224176396 0.0000183751870691205
"sstT" -1.1607488323836 9.40634255540228 24.7273017603947 0.00000116977239295474 0.0000232701151027068
"yebK" -0.734340887357582 6.49564666150138 24.2859667414149 0.00000144328666082183 0.000027215746162899
"rpsC" -1.40541738853582 11.4787152662688 24.2534360507659 0.00000146583911110766 0.000027215746162899
"moaB" 0.873552092091622 7.09171484241994 24.0532325479122 0.0000016126891660184 0.0000289763827571692
"fdoG" -1.6748314178268 10.6936932046616 23.629610444482 0.00000197432923271517 0.000033730930549922
"proV" -1.11652819605551 7.4920259622634 23.6042431293512 0.00000199842137907976 0.000033730930549922
"rpsE" -1.29193080415845 11.1179580041471 22.8153585034582 0.00000291625410002607 0.00004777510393278
"rpsP" -1.08457840642739 9.36815442736004 22.1487517004799 0.00000401813575193131 0.0000639457603950211
"cspC" -1.29746728599409 9.69700659264995 21.9492480896311 0.00000442359788468939 0.0000684428894936664
"wrbA" 1.19907646874783 9.86928703888757 21.7085921084909 0.00000496815841004161 0.0000747645579841491
"gadA" 1.56055360804968 10.9004781476847 21.6540835085218 0.00000510063411741053 0.0000747645579841491
"mdtB" 0.630665640639384 6.03498817251413 21.5975944206714 0.00000524169249100455 0.0000748621209612702
"rplK" -1.15873009354924 10.44316663351 20.9917057189008 0.00000702687450882194 0.0000955773112999719
"rplJ" -1.17847297077829 12.0290761164735 20.9892284592554 0.00000703531375816669 0.0000955773112999719
"rplN" -1.14129067440654 11.0823154198397 20.5202020217392 0.00000883284601653013 0.000116471113047149
"ygaU" 1.21768170255517 9.85514187219784 20.4835576727813 0.00000899148628550702 0.000116471113047149
"rplO" -1.2262339177195 11.2711404078637 19.9218228793513 0.0000118176537634927 0.00014460279069992
"rimM" -1.09501387836861 10.8656581392438 19.9055825332973 0.0000119115527443703 0.00014460279069992
"atpD" -1.07746234832965 11.0198139049607 19.8871100994731 0.000012019274821916 0.00014460279069992
"rplA" -1.2579737121427 11.4954417664895 19.8562106889283 0.0000122016717466719 0.00014460279069992
"rplR" -1.09265726033594 10.3516659381397 19.6978271670792 0.0000131814993669643 0.000152960315570815
"rplV" -1.28873540522552 10.441483828481 19.5184329748374 0.0000143878422936945 0.000161974093381284
"trpA" -2.14740639863723 10.2732562327349 19.4770348491081 0.0000146817311405976 0.000161974093381284
"tktA" -1.24032152957749 10.6047841921999 19.4563748269997 0.0000148306620510691 0.000161974093381284
"efp" -0.856748340625208 8.7535642763766 19.4077998682516 0.0000151868702263092 0.000162674744539504
"trpC" -2.39173531395915 10.3750458607736 19.2455926102985 0.000016440284885938 0.000172778088329575
"artP" 0.68848299438902 7.95381371776274 19.1753098986091 0.0000170153933306494 0.000175510631206884
"stpA" -1.25979698950257 5.432390179551 19.0933334389843 0.0000177119595496269 0.000179373844893495
"fepA" -1.57130334986674 10.5605469122142 19.0534971719944 0.0000180607993409355 0.000179640450587519
"rplP" -1.14423541674219 10.755300460048 18.9584516083535 0.0000189214376396934 0.000184898960794898
"ridA" -1.04919631817255 9.14764690347296 18.8218452214498 0.0000202316256519697 0.000194293370485295
"tyrB" 1.17401427335558 8.65539322025238 18.7723933881835 0.0000207282274788296 0.000195349730427509
"fiu" -1.62102429337448 10.7736986385026 18.7416592972391 0.0000210430589329453 0.000195349730427509
"secY" -1.2383203263536 12.6262841051019 18.468407440568 0.0000240638607711484 0.000219730663107044
"ada" 0.733170430765517 6.95257349251871 18.4035253211598 0.0000248434237098827 0.000221032500059366
"yqjE" 0.901380090399558 8.5863514708428 18.3745071417496 0.0000252003017951954 0.000221032500059366
"glmS" -0.758379071218463 9.56928110878793 18.3586976531445 0.0000253969120355466 0.000221032500059366
"rpsM" -1.07598589669124 11.2287037454139 18.3220236284634 0.0000258589958941905 0.000221591703277909
"rpsR" -1.00329533055095 9.3998670359638 18.1669597964871 0.0000279087135433854 0.000235532627934328
"ybgS" 1.06898374550151 9.43213254647432 17.9739619117533 0.0000306912322429066 0.000255149497899985
"glnA" -1.33181557669567 10.5872431915284 17.8600403059901 0.0000324638210427667 0.000265916887070898
"rplQ" -1.03724490312215 10.5819285472802 17.7857089906904 0.0000336759137250769 0.000270054847541615
"phr" 0.697350823256434 7.22407007154992 17.7661118026116 0.0000340030400379938 0.000270054847541615
"metE" 1.70611837506849 10.5565577742195 17.7412011494168 0.000034423508393994 0.000270054847541615
"rpsH" -1.08024402280871 10.5312101611654 17.625680173656 0.0000364432552548165 0.000276716645753685
"fbaB" 1.19191239255428 10.6613082200298 17.616527519605 0.0000366083179819681 0.000276716645753685
"rpsI" -1.09281246013802 10.5831972405314 17.6079842702729 0.0000367630732240085 0.000276716645753685
"rpsD" -1.04762268417526 11.8288583612378 17.5386323372077 0.0000380440966969331 0.000282540824802556
"rpsS" -1.19124142359349 10.1880483024816 17.4841155137029 0.0000390827472003204 0.000286435397244454
"cybB" -0.68705285735924 5.84726725640812 17.3838430746098 0.0000410686890374551 0.000297081296024188
"rplF" -1.08505033493039 11.2300724028168 17.2957129051723 0.0000428983695906622 0.000298589083371466
"gatZ" -1.54968502191702 12.080765156618 17.2940927743839 0.0000429327668511777 0.000298589083371466
"gabD" 1.38292063796048 9.95769266853879 17.2775706052428 0.0000432851499733148 0.000298589083371466
"fusA" -1.23480911934538 13.4750578484334 17.2712190695706 0.0000434213927344501 0.000298589083371466
"lhgO" 1.44254676360368 9.48859019740704 17.1799766727162 0.0000454271846463878 0.000308572461561439
"rplB" -1.20218358833923 11.7390476968963 17.1230703341133 0.0000467254060195767 0.00030938799361387
"ybiX" -1.18206303320978 7.32768482230672 17.1167525727461 0.000046871832418552 0.00030938799361387
"thrA" -1.13385946347037 9.67497233864698 17.1020836371295 0.0000472136076430502 0.00030938799361387
"tig" -0.958437424875204 10.7442286020618 17.0563877453491 0.000048294546427724 0.000310485634805693
"rplW" -1.21490588092853 10.3554233353028 17.0479876494737 0.0000484959609121999 0.000310485634805693
"rpsB" -1.09359540342905 11.8867170332398 16.8775897362982 0.0000527704650476734 0.000333287139648216
"mprA" -0.750279738406843 7.77880108819977 16.8591955337731 0.0000532541390102176 0.000333287139648216
"bioB" 0.70548399024942 8.16116224160132 16.7911709411668 0.0000550821702963013 0.000339015769248817
"rplD" -1.29292011377692 11.1557899341547 16.7800585138614 0.0000553867773817637 0.000339015769248817
"guaC" -0.729664219938675 7.9832415554156 16.708233496029 0.0000573971729396471 0.000347502449210689
"rpmC" -0.971644064699249 9.19536200965042 16.6046513435664 0.0000604273502576679 0.000356084013859161
"dhaK" -0.733025191448269 8.35053625915394 16.6031536780747 0.0000604723309959559 0.000356084013859161
"rpmH" -1.04648551060593 7.71089326364844 16.5945144994405 0.0000607324619687976 0.000356084013859161
"hdeB" 1.20748167977986 9.42699142756604 16.5070586356422 0.0000634304789859148 0.000368028924949527
"copA" 0.665042506335807 8.80608804301324 16.362296585698 0.00006816594605716 0.000391427133544723
"rplT" -0.916126690640783 10.6934205988613 16.2331191594317 0.0000726933933180892 0.000413165511001793
"gdhA" -0.941409754423616 8.80778686454796 16.1723013776497 0.0000749292586234034 0.000421571687406421
"purD" -0.963675656410135 8.46027316552967 16.14026898826 0.000076134755779184 0.000424070589690055
"trmD" -1.07716243339069 11.1028323529249 16.022519636818 0.00008073748216708 0.000445255223436273
"trpE" -2.59720249397554 11.0343892444733 15.9549760980596 0.0000835039242864826 0.000455996919878145
"pyrB" -1.50244806317424 10.1794794914789 15.7266688005785 0.0000935862435762925 0.000506092598757232
"qorA" 0.907744396515594 8.66905808749492 15.5869502551525 0.000100356315504065 0.000536780376067898
"yniA" 0.886408575424289 8.82887933248385 15.5704408503764 0.000101188401233625 0.000536780376067898
"yqjD" 0.862285674816926 8.75924911143258 15.3918702051298 0.000110647992135128 0.000577738668310515
"atpF" -0.896094844439479 9.69342512395299 15.385817062069 0.000110983909352289 0.000577738668310515
"talA" 1.11402864428326 10.3132191103413 15.2658779391885 0.000117857256425648 0.000607837887306353
"rluA" -0.609411629830948 6.31850327709541 15.1202585671336 0.000126785232194383 0.000647884168185975
"ptsG" -0.881082390731328 9.7538643493218 14.9995297267887 0.000134705210829421 0.000682098203927157
"rpsK" -0.943347824376946 11.197176401652 14.9346674441908 0.000139165537358611 0.000694354972519269
"secF" -0.658774328003203 8.23099552663525 14.9281922273941 0.000139618953181612 0.000694354972519269
"atpA" -0.970597787708208 11.2678026246306 14.8251156375097 0.000147041794151023 0.000724798932231148
"rpoA" -1.08780198861194 12.6219116153566 14.7611867467614 0.000151845297449417 0.000741910795432677
"acnB" -0.974707417772296 11.1082452677936 14.5959679398355 0.000165009966031864 0.000799222183302157
"atpG" -0.867653310300982 10.1903986958207 14.5334681540844 0.000170286634311765 0.000817669442341836
"proX" -0.658956225778614 7.39215012677399 14.485986257094 0.000174409517218635 0.000823968589261936
"rpsF" -0.97444385153163 10.7993196664051 14.4843079949041 0.000174557079951362 0.000823968589261936
"upp" -0.941752660752228 8.00565283653066 14.292120781159 0.000192321060304622 0.000900191853694743
"cfa" 0.922493741092966 11.0120615202909 14.2543936708035 0.000196018009525545 0.000909850260881071
"priB" -0.909566716849632 9.83203196976583 14.2322104941753 0.000198225350626607 0.000912491903297687
"rplE" -1.04759769282968 11.5988104818529 13.9943580618181 0.000223538787027723 0.00102058282274133
"rplC" -1.15435881822345 11.6747678945717 13.9660188648596 0.000226765833854795 0.00102689893867578
"pal" -0.713133727056152 9.67881931413772 13.9027645670527 0.000234140302901423 0.0010517431348072
"rplX" -0.964130241894707 10.7967203362972 13.6672112503225 0.00026380959251561 0.00117553554424956
"epd" -0.733941944765119 9.46985469286584 13.5862727801575 0.000274862594853877 0.00121506718518738
"rpmD" -0.783553789659105 8.91028323071099 13.5672749840333 0.000277524354091013 0.00121717374195822
"osmY" 0.960372396118294 11.2079311372438 13.5024213732255 0.000286809627037244 0.00124807001765426
"poxB" 0.959164856088285 10.1059705019416 13.3550406526746 0.000309100844494344 0.00133005065065342
"elaB" 1.11716052098212 10.2518621048865 13.3466301159222 0.000310424747908339 0.00133005065065342
"pliG" 1.24763059824079 8.050957252561 13.1388270965795 0.000345028792496001 0.00146703082000208
"ybgJ" 0.525885430499511 7.37723528790147 13.0370251250008 0.000363386043277007 0.00153337898564616
"htpX" -0.727217797623725 10.6611552308628 12.8829212610736 0.000393080782155991 0.00164621049369088
"dhaM" -0.577389752980635 7.84060843958552 12.8449168099804 0.000400775515194422 0.00166591016390517
"rpsJ" -1.0667514605862 10.8422914860048 12.8122421747774 0.000407513356399476 0.00168136992232969
"sucB" -0.817710944110314 9.96552424392097 12.6503684632855 0.00044263013462496 0.00180605280522416
"rplM" -0.886829068139016 10.8602213880715 12.6433622861178 0.000444217655863035 0.00180605280522416
"polB" -0.510600043391468 7.31898484018711 12.5261405706672 0.000473321262396235 0.00191043437068625
"pepB" -0.605871358234037 7.88373803876371 12.2233172102766 0.000550779302043947 0.00220707964919769
"fabF" -0.718618207260988 10.0472113196904 12.145093170045 0.000573329150830459 0.00228103097866119
"metB" 0.829246154719395 6.64262701835854 12.0939468487581 0.000588578534225989 0.00232509392598493
"xylB" 0.555274150374056 6.04662147038848 12.0367072164741 0.000606134332240206 0.00237758326097038
"rpmA" -0.769421134845569 9.51598842153811 12.015589386312 0.000612744957176741 0.00238670588214996
"ribF" -0.468670173558079 8.3294116387374 11.9858202191389 0.000622188462417697 0.00240232123039305
"sdhA" -1.03313671077414 9.28909996105025 11.9758636174149 0.00062537985351345 0.00240232123039305
"glcB" 0.614033677186421 7.42440400607124 11.9486269737074 0.000634195325241695 0.00241949860383304
"rplU" -0.828677228128244 10.1984513671622 11.8765055538382 0.000658153593086731 0.00249382007720618
"dppA" -0.928225350092456 10.4907774105669 11.7008805405827 0.000720419411633709 0.0026985559618693
"rpsN" -0.908643698066818 10.9388829570088 11.694751238931 0.000722697587499965 0.0026985559618693
"rsmG" -0.617756818991089 5.53628040485752 11.6839752971795 0.000726720636050977 0.0026985559618693
"cvpA" -0.775705715662121 7.66392711060999 11.6174913476786 0.000752050392101284 0.00276376404528305
"gpmM" -0.566374070690736 9.35109909227342 11.611941801583 0.000754204910023383 0.00276376404528305
"cyoB" -0.847006601122888 10.6833549063232 11.4884145217557 0.000803822464369092 0.00292125755131067
"ychJ" -0.677963141479886 5.48111515558348 11.4791558129995 0.000807672644348013 0.00292125755131067
"gcd" 0.736729360617726 9.88893211882159 11.460804653545 0.000815359411779012 0.00293003349910264
"lysA" -0.635937450756013 5.51289982299754 11.3333016449676 0.000870863007421755 0.00310942753290973
"sodB" -1.26242243912082 7.09723536577724 11.3203864844626 0.000876695439515636 0.0031103143936956
"rpsA" -0.991618291953556 12.8741813340248 11.2804771395043 0.000894970790313048 0.00315505525445802
"tufA" -0.900017410666653 12.9660004060392 11.2390554279868 0.000914348983318697 0.00320309675288374
"rpsO" -0.888322280531854 9.11292543719557 11.198587912577 0.000933693270850555 0.0032504196991485
"cstA" -0.985126653968705 9.13140347341399 11.1765728120387 0.000944391369232931 0.00326724219045182
"folE" 0.637335798821311 8.28443256953138 11.1484704124272 0.000958229076873493 0.00329082187021841
"groS" -0.951123203787546 10.2983566989969 11.1388303403816 0.000963023276203951 0.00329082187021841
"intD" -0.549158389852079 5.78555918236607 11.0701924127092 0.000997871718099153 0.00338911309134895
"ilvI" -0.682871423800457 7.62093553657979 11.0491303211619 0.00101022578369969 0.00341027734254987
"frr" -0.588458926184471 9.89258372532587 10.8926950983763 0.00109406542248502 0.00367105084532623
"carB" -1.36710538687961 10.822864603539 10.7489868234032 0.00117883439641921 0.00393180095093113
"insH1" -0.660477338085183 9.83876659395188 10.7025883671674 0.00120760889180272 0.00400379852817927
"tas" 0.528813976971216 8.52681345441625 10.5760579838792 0.00128976926166992 0.00424858005742333
"sucD" -0.703234568534334 9.38831832323792 10.5657713666208 0.00129669409292992 0.00424858005742333
"purH" -0.852555877783002 8.80662427022227 10.5218479643309 0.00132669170679743 0.00430940420099116
"malQ" 0.487439813648792 7.98316826629758 10.5160100297453 0.00133073163836711 0.00430940420099116
"pfkB" 0.593346077160716 8.32330650861084 10.436291062328 0.00138716967627802 0.00446034377125714
"tufB" -0.823328737306493 12.4529808120615 10.4277533345489 0.00139335694111085 0.00446034377125714
"rmf" 1.47673029998831 10.0280998743724 10.3695696806501 0.00143627829649962 0.00457146863514449
"codA" -0.976534185519725 8.53262220644895 10.2649001602915 0.00151691564496055 0.00480069326274447
"iscR" 0.595375131651621 9.04295856414493 10.1408029866832 0.00161852816690809 0.00509333440094804
"lacZ" -1.39782488882871 10.9317507186633 10.0829642434798 0.00166823308823605 0.00521347274010069
"ybdK" 0.750556238570612 8.38978254001872 10.0747414860222 0.00167542481234834 0.00521347274010069
"dxs" -0.468700261846993 7.93730625149002 9.93836032841959 0.00179942691062945 0.00556822660678114
"pnuC" -0.528539761404867 8.14402939835056 9.82894159676475 0.00190565945460296 0.00586437743764558
"hslV" -0.723057712422153 9.63909448139954 9.5480657299547 0.00220864713632638 0.0067594310710648
"htpG" -0.919266799026722 11.6862928825559 9.53597516793527 0.00222274271728156 0.00676539723238157
"rpmI" -0.708839452509645 10.6448873477952 9.51880005416746 0.00224292412839125 0.00678972141040178
"fhuA" -0.577677890479197 9.70489913889445 9.49656244703641 0.00226933243985781 0.00683253064324757
"atpE" -0.638392813115554 9.11632212231872 9.43829106997419 0.00234004929144526 0.00700756696416671
"valS" -0.59154381439948 10.0839430977102 9.35640119703243 0.00244325218640636 0.00727749448036546
"speD" -0.683408381303903 7.96280232484796 9.22597015456223 0.00261732688173868 0.00774068657238586
"pntA" -0.512305505770055 9.15868951639296 9.21930704044098 0.0026265525353338 0.00774068657238586
"ribD" -0.472186684965156 7.39850385152919 9.18431661050239 0.00267554814539626 0.00783226066895744
"ygaP" -0.612332206169228 4.08454934245997 9.17711453298136 0.00268574827247912 0.00783226066895744
"dps" 1.12265415463471 13.3128143440032 9.1576020171233 0.00271358353797166 0.00787221890963652
"eptC" -0.538341113522265 7.26738233228808 9.07013677194454 0.00284202556133867 0.00820211522106548
"fklB" -0.425802101153341 7.71137388270618 9.03563740191724 0.00289438171662371 0.00831015781525469
"lrp" -0.514964791444847 8.53534045674719 8.97726917951592 0.00298521756623886 0.00852700607382073
"leuB" -0.688895701029687 6.90978882347105 8.95337861960256 0.00303210043627439 0.00861673440308589
"dfp" -0.421996800408663 6.96625977324838 8.8878976936072 0.0031299879885989 0.00884976299314513
"yhbW" 0.467904148767661 7.22032089380181 8.76422270317389 0.00334225953711768 0.00940221496047752
"gstB" 0.542867786222424 7.65220172926032 8.7431487346674 0.0033798730343688 0.00946024763891167
"ivy" 0.566921039250006 7.78287302803088 8.68863461306384 0.00347919404305708 0.00968955540991398
"prfC" -0.620695029723334 7.96262523024885 8.49214732071896 0.00386265707241142 0.0107039800464336
"nuoB" -0.546180610883943 7.90838191348828 8.47397365077795 0.00390024360054917 0.0107546321064648
"dadX" 0.640313946505354 9.31849318505579 8.40406394280129 0.00404835631666828 0.0111080515683952
"cdsA" -0.434768140882953 7.39430135656406 8.23188519803134 0.0044382121327435 0.0120664437909978
"pyrD" -0.901708684218342 7.00282263130685 8.23072267619659 0.00444097123367066 0.0120664437909978
"rpsT" -1.01972506253787 8.8680869157774 8.12943301550174 0.00468824775576814 0.012676475727975
"groL" -0.974940543094295 12.7551136787595 7.84501698966074 0.00546087974713572 0.0146942513002637
"thiI" -0.517408942626971 7.16110104624345 7.81808747161457 0.00554050295733633 0.0148368276309439
"pntB" -0.517350845859037 8.90858810071393 7.77630638242524 0.00566640426072683 0.0151013740345686
"ygiQ" -0.596949200086738 7.23767538627927 7.69799300789937 0.00591036200584921 0.0156765316059905
"ypjA" 0.408761490562726 6.29554539160914 7.65948930029166 0.00603423594007117 0.015929238950804
"infB" -0.633821767077508 10.7293832422507 7.49937939612007 0.00657863220582995 0.0172844251822985
"putP" -0.499813490007341 6.63317596170786 7.43108148866513 0.00682597679376295 0.0178500895498871
"argB" 0.865943548235607 6.66437374024105 7.35204209192813 0.00712419292209379 0.0185428759701226
"ykgM" 1.32935311220438 8.98745433561086 7.30294235398016 0.00732601846853585 0.0189794990091836
"gstA" 0.441483418989759 7.75571731571651 7.2782188263136 0.00741483168480061 0.0191033302886462
"panD" -0.606723026769948 7.421045887629 7.27136891825224 0.00744241054333253 0.0191033302886462
"hslU" -0.674889658958221 10.9891339984967 7.23878775494235 0.00757503960108002 0.0193545736596402
"dnaE" -0.374745574037872 8.62885351236161 7.17822913025124 0.00782805620608359 0.0199097137296281
"yqjH" -0.56555074679907 6.62958724240805 7.12792375284058 0.00804484064404689 0.0203680738124278
"nanA" -0.593667348753641 5.35303576659105 7.05517555002345 0.00836932671836566 0.021093732950813
"clpA" 0.680411882241275 11.3801008992725 7.02677177047651 0.00849965000128967 0.0213256984266592
"leuC" -0.579561171603536 7.57470822250967 7.0073893938844 0.00859509968735623 0.0214684776944279
"glgP" 0.544359493320237 9.65158055069622 6.91110053937741 0.0090523450054952 0.0225096257502716
"wbbI" -0.545745056770888 6.5384826870521 6.89152770677973 0.00914946899833644 0.0226500188092151
"yhjY" 0.440543743625571 6.75947363970198 6.84146174592433 0.00940282322146994 0.0231742147537998
"insG" -0.368979161208535 5.24106856598434 6.73629146088231 0.00995885731006354 0.0244364912850458
"ybhJ" -0.477449498582361 3.68529862091889 6.71035482439708 0.0101011257104668 0.0246768728979386
"typA" -0.584501062690657 10.7316597829802 6.68467553049026 0.0102440488327231 0.0248750258319357
"ppc" -0.616502744305636 10.4831746854461 6.67977593442071 0.0102715546523253 0.0248750258319357
"serS" -0.538795662410517 10.1839788342835 6.65939889690281 0.0103867692207279 0.0250451534889413
"nfuA" 0.480054627411716 9.34224505976414 6.62395991574099 0.0105903330406242 0.0254259288949469
"dnaK" -0.890514452444239 14.2020881679429 6.46132596887637 0.0115787043668122 0.0276795636580017
"ispU" -0.436991644738721 7.61267564610445 6.42231853105051 0.0118296270736478 0.02815855675223
"purL" -0.708948798263369 10.0923358446839 6.40190788925324 0.0119631549756345 0.0283552226443761
"sbp" -1.86286487355377 8.1138543140464 6.36007937572177 0.0122416896084589 0.0288924623386084
"ileS" -0.535540979141624 10.7539522363277 6.26020420151728 0.0129342056914869 0.0303132432468198
"yegH" 0.314634690083896 6.4910988413373 6.25763898771574 0.0129525168630935 0.0303132432468198
"secA" -0.442387050866775 9.40152104663723 6.18810894561559 0.0134591920078795 0.0313672382777778
"rplY" -0.798367804794577 8.92518819951949 6.16918232389772 0.013600633357705 0.0315648032510069
"ddlA" -0.338351698564939 7.62273846789835 6.14390486334936 0.0137919386876314 0.0318759744772227
"yncE" -0.708869957941824 10.0346477042895 6.10482619381972 0.0140931944533153 0.0323203627093772
"entC" -0.703413090925124 9.33285911067861 6.0992283903618 0.0141369022733053 0.0323203627093772
"wecD" -0.391504260780898 5.29345082922052 6.09649549846834 0.0141582917434256 0.0323203627093772
"selA" -0.332103857818569 6.34563634125903 6.06510276231731 0.0144064100314762 0.032700309835747
"gltD" -0.571294361323403 9.74068880790215 6.06062731245029 0.0144421476114789 0.032700309835747
"cysH" -1.20637577229069 8.06129619872616 5.99327759582966 0.0149911820753153 0.0338060259755086
"grpE" -0.585681682981137 10.2839005301557 5.95284188925029 0.0153311624821601 0.0344332963813031
"sseA" 0.442270933002226 7.65670630122829 5.87990906518677 0.0159647344971533 0.0356787784575962
"gntT" -0.496037349563703 5.9113476633487 5.87438510248784 0.0160138143885082 0.0356787784575962
"aroK" -0.384433345677728 8.10731603174703 5.8575116040565 0.0161647052684584 0.0358206938365569
"skp" -0.424958517601426 9.39382147300539 5.85290773815168 0.0162061307842232 0.0358206938365569
"gltX" -0.447193327843552 9.02009615526896 5.82306770723771 0.0164773149125375 0.0361643486880762
"bglF" -0.478638114246727 5.31365048711834 5.82152498473528 0.0164914624179019 0.0361643486880762
"yfjH" -0.607697233580433 2.77104150792632 5.77386098042841 0.0169348328888547 0.036990987918008
"sxy" -0.430271483763493 4.3471453115003 5.72606906660126 0.0173918285361864 0.0378408144322493
"tag" 0.300810859268566 5.73662223300811 5.66486584258519 0.0179958361948025 0.0390026488735603
"tnaA" -0.785301129081902 4.10252608388819 5.6309229195725 0.0183479395784253 0.039611636996833
"nlpA" -0.873394134496791 6.98874738408462 5.4607941643755 0.0201722170978777 0.043381949511652
"mtlA" 0.589489964907874 8.6254698480894 5.44777156945252 0.0203200768617821 0.043458820283598
"dapE" -0.305587242786828 6.96488198847343 5.44392143572243 0.020364007350124 0.043458820283598
"ispH" -0.35254085219358 7.36112465658416 5.39924632162048 0.0208810459354995 0.0443921472750887
"yqiJ" -0.932770451853818 1.67817791386899 5.38760949656432 0.0210179534804894 0.0445133083217969
"purA" -0.543330977243407 11.0399731649975 5.29964007885331 0.0220836500668025 0.0465931556333674
"yeiI" 0.327425652726866 5.59783490252203 5.288502012175 0.0222225423395432 0.0467092682382096
"gltB" -0.601725157310105 11.2462367369398 5.25428757946302 0.0226549215745058 0.0474390651015028
"mfd" -0.400364497403065 9.43012888257768 5.19632858673977 0.0234075008390163 0.0486768381305163
"ilvB" -0.698989085824104 7.23653836387613 5.19532097670398 0.0234208126013974 0.0486768381305163
"ebgR" -0.364422650028388 4.95550440195192 5.14464312393013 0.0241006237264672 0.049903521991235
"entA" -0.662152788267914 8.44770453079684 5.08154214372176 0.0249759854833266 0.0515245330156034
"serC" -0.450277996124092 9.81428520148568 5.02444348708783 0.0257967125574366 0.0530212874335504
"entE" -0.675750042203522 9.66416905305945 4.98487828384971 0.0263819131927537 0.0540247266483964
"rfbB" -0.409596993136738 7.76234006386709 4.95019194057179 0.0269063707420809 0.054896880964612
"slp" 0.564968844975327 9.37674993494075 4.8862161465778 0.0279024968906104 0.0567214991535401
"infC" -0.542119533719816 11.6080228993486 4.81843598297115 0.0290000817055694 0.0587383473090988
"mtr" -1.02641324772838 10.9899134381879 4.80677107059315 0.0291934912380913 0.0588659174333402
"acpP" -0.484391448052936 10.7047494010332 4.80191333179258 0.029274432906706 0.0588659174333402
"cysI" -1.13160543374019 9.2277841567445 4.73814906658968 0.030358980036394 0.0608271650369477
"ispD" -0.351572570427752 5.98782533705797 4.70842790493089 0.0308788158887334 0.061646955018009
"hdeA" 0.666449568140185 10.7036546732044 4.68095396204672 0.031367655199428 0.0623992283788622
"carA" -0.900666084930275 9.65752189205095 4.61388240981011 0.0325954804015067 0.0646109700485381
"ispB" -0.30977320145711 7.86783730826001 4.48600238341334 0.0350784972296959 0.0692862516203568
"hisG" -0.431881893994136 7.56741902104382 4.461068006645 0.0355853984361893 0.0700391057560333
"fimA" -0.44372903743579 9.0215414473214 4.43150144491331 0.0362171269559779 0.0710314778678862
"wecG" -0.292536866365815 5.41964333440192 4.42157409190721 0.0364041251803311 0.0711477113173489
"wzzE" -0.286197834975589 6.99899550430298 4.40495738396712 0.0367545036620066 0.0715813235655164
"clpB" -0.687088425441749 13.0718276266042 4.39616883068448 0.0369412528557508 0.0716943478768405
"rho" -0.402242800665788 9.78541405280141 4.29657984982479 0.0391287016852772 0.0756759959677063
"mlaA" -0.293474476269994 7.54810921620251 4.27499648493029 0.0396205422220891 0.0763620831062409
"fis" -0.477944310405922 7.63778936357532 4.19634513066684 0.0414687984837277 0.0796486922601253
"pnp" -0.457331140716418 10.970530827463 4.14035119013229 0.042840007972604 0.0819996028891424
"gapA" -0.591316477260967 13.2289405849681 4.06556024027994 0.0447467976615996 0.0853560489640786
"ompX" 0.577080630428941 12.614741094522 4.0065530005534 0.0463145560733492 0.0880450775865376
"tdk" -0.393577584976849 4.67237475477906 3.93743048274906 0.0482254576689086 0.0913407611284981
"prs" -0.435161922661327 9.43051992282973 3.92697038137013 0.0485218411562995 0.0913407611284981
"pgsA" -0.301587215732219 6.12946050214248 3.92632633336699 0.0485401531311229 0.0913407611284981
"polA" -0.263992073844255 8.72447106419967 3.84339597475551 0.0509605416652867 0.0955724636618339
"rpmB" -0.48072597050436 10.4969889723367 3.83576925584579 0.0511894876718312 0.0956796799772146
"yifE" -0.448896149222251 6.92786420149998 3.82731133686719 0.0514446653731501 0.0958350455279084
"yihG" -0.60214904016472 3.06500486864203 3.80111795784703 0.0522435488173974 0.0969988556376346
"sthA" -0.414612647857765 8.1672524416442 3.72141160447883 0.054756862417563 0.101327482945457
"menB" 0.291169759213462 7.35028465334165 3.6627261400781 0.056713181745136 0.104600139841194
"yhdP" -0.24069910923806 7.55500246340226 3.5783608181267 0.0595967244088442 0.109555694705367
"rpoC" -0.515663517044135 12.7351966419167 3.56091114212067 0.0602176780197876 0.109903284584034
"proS" -0.376271832938527 9.42756561635768 3.55365340329844 0.0604779824585718 0.109903284584034
"smpB" -0.310421615571723 6.92386013676558 3.54827929674792 0.0606715047537229 0.109903284584034
"dusB" -0.478172919356783 9.02794199065291 3.54605502963349 0.0607517947244714 0.109903284584034
"uspE" 0.446228645428695 9.76836824789856 3.5454854631168 0.0607723728040976 0.109903284584034
"ettA" -0.301706044340594 9.20358682300113 3.52087090675724 0.0616688495357439 0.11094036693029
"purM" -0.512473831367984 8.85776702858788 3.5188197652225 0.0617441898534825 0.11094036693029
"fimH" 0.305367680922798 4.57104850820027 3.50529867120826 0.0623327222783168 0.111637705173706
"lysS" -0.398085823597645 9.74160843397892 3.45480634855232 0.0641457393279115 0.114516592325791
"hemF" 0.269835541957562 5.39045781588089 3.39676565086633 0.0664099439251127 0.118179996058427
"nlpI" -0.372215562544166 10.1458935606817 3.34839063301039 0.0683627022404509 0.120941729496038
"cydD" -0.296947927756362 6.40222953508104 3.34757550871363 0.0683961306844737 0.120941729496038
"cysC" -0.953146139011459 7.20017667354235 3.26502177578378 0.0718745540302029 0.12669027403425
"phoU" 0.254730912852328 6.39191109064036 3.11058521893724 0.0789051297535873 0.138644029251571
"ubiF" 0.292557542954787 8.02262860805328 3.09945046065027 0.0794400230453098 0.138842987590354
"nlpD" 0.44336298674506 11.6349453366283 3.09785681672669 0.079516899535589 0.138842987590354
"fbaA" -0.435498565284837 11.3218602933701 3.06459266717577 0.0811400889742908 0.141234467370875
"lpxD" -0.283155329611181 9.59473111536278 3.01708324465572 0.0835210497320302 0.144925933647168
"folK" -0.340398877272876 4.51322596906987 3.00164083158844 0.0843112074569836 0.145842678737701
"yhfK" -0.274639949488419 6.53808120461053 2.95245505602665 0.0868825998466784 0.149825412119504
"fabH" -0.256015371799647 9.06877553074287 2.92816490753857 0.088183846750002 0.15160000814738
"holE" -0.333087177801015 5.16200300793066 2.88408527630704 0.0905998122171634 0.155274139707569
"sufS" 0.397756688781153 8.80793046577848 2.8760137041166 0.0910499797406394 0.155566989924958
"cysN" -0.881578941707642 9.73259031884766 2.8308884444891 0.0936121352888465 0.159455533198433
"waaA" -0.264615437126642 6.22791417157276 2.82365562995217 0.0940300837944561 0.159679136199732
"rpsU" -0.513761927186275 9.1834860263497 2.7895244482023 0.0960300975458691 0.16256412548383
"rseB" 0.233445023320974 8.40919606994584 2.78476489833844 0.0963126775756983 0.16256412548383
"tdcG" 0.311768543213381 3.54032943727133 2.77294328650736 0.0970184893477323 0.163260720745278
"hemL" 0.255184608377629 8.53691944064318 2.76258050571341 0.0976418650186803 0.163814815709051
"purC" -0.438207790851947 8.7960990132433 2.74791275591668 0.0985317265994919 0.164811326474225
"tamA" -0.210158958623088 7.21847237112238 2.71338690705842 0.100661666187973 0.16786990439132
"rhmT" 0.35787019531589 3.15397194115239 2.68274754765026 0.102594248665131 0.170582079123815
"rlmF" -0.361876085692182 5.40161349421042 2.612218988171 0.107199892884857 0.177709346240671
"hisD" -0.334689743328706 8.06103600408153 2.59500155734334 0.108358528843326 0.179022159250904
"yeeJ" 0.187732025514956 6.69767159379073 2.59092862547102 0.108634631645971 0.179022159250904
"yihF" -0.618631816166502 1.88202307439525 2.53297451011434 0.11264875237809 0.185089542992908
"purU" -0.306899878760387 7.26284363448101 2.4995828048061 0.115035962457504 0.188455973790676
"lptA" 0.204775880483249 7.70444074275755 2.4914778971671 0.115623814592126 0.188863532926141
"dnaB" -0.277414200760041 7.63600500819978 2.42627036078701 0.120476607507668 0.196214825677693
"nrdE" 0.437538035555506 9.70385836831613 2.39959849474856 0.122526492982355 0.198971593560268
"metG" -0.339618457817042 8.9694549966645 2.31260427790536 0.129487874067203 0.20966495888207
"mltD" -0.300930437113348 8.59553546661148 2.27510354086358 0.132624369002579 0.214121082708511
"qmcA" 0.230351469437712 6.62665380261026 2.24156003710946 0.135502277643209 0.217635447874786
"bamA" -0.292744401707946 10.5651084231857 2.24063551768206 0.135582586018942 0.217635447874786
"lpxB" -0.235210866823348 7.30562446374593 2.23106168682605 0.13641737265394 0.218016526460221
"rpoB" -0.41668033906521 12.8549174218997 2.22894387666546 0.13660281460434 0.218016526460221
"yfiF" -0.210875807473495 7.36027442202983 2.20923116894361 0.138342604237688 0.220002378566077
"nuoG" -0.303741345088054 9.3746630505185 2.20592263080301 0.138637046457258 0.220002378566077
"pta" -0.335907930636079 9.36236417122064 2.1978194338155 0.139361176426606 0.220523225197783
"ompA" -0.478112470220169 14.5749471710935 2.16628766301215 0.142219866353591 0.224409250875213
"aspS" -0.267987140841189 9.61721727052164 2.16184395717218 0.142628034936385 0.224417557795386
"ilvC" -0.414080562627248 7.72165654471783 2.14793541398554 0.143914164753588 0.225803351458446
"dksA" 0.280653809300281 9.50396889064087 2.13868021180471 0.144777267556844 0.226519488845961
"glyS" -0.290573611049019 9.81627068717836 2.12894425385613 0.145691534431245 0.22731144167564
"lpd" -0.345262999271754 11.2458570423413 2.11704020769348 0.146818299141592 0.228223487276568
"tdcC" -0.284045246856245 3.50199776654591 2.11412678000813 0.147095568998722 0.228223487276568
"hrpB" -0.173438017468168 6.68098810616381 2.10710870251927 0.147765918484988 0.228614205518688
"cysD" -0.784668744969716 9.09198941675025 2.10291366105599 0.148168273235631 0.228614205518688
"nei" 0.215391094728666 4.92592142615266 2.00595764334373 0.157823923454771 0.242839572829578
"mqo" -0.285750111519915 9.27605214638275 1.95825399110522 0.162836993220798 0.249862824308498
"surA" -0.228622737950639 9.00402322328119 1.90750850731039 0.168371342524472 0.257645158753107
"helD" -0.165990907144937 7.421166017833 1.88792154959941 0.170565187890779 0.260287149740176
"mutM" -0.258357060928849 6.20246435413888 1.87661538703313 0.171846541350979 0.261526020580588
"hemB" -0.184252918197979 7.28506515309336 1.86834141536049 0.172791294699264 0.261748554090178
"sspB" -0.21293354825401 7.80466924466416 1.86138024054197 0.173590798962645 0.261748554090178
"fumC" 0.234751401471694 6.79770498062099 1.86061046363828 0.173679471634035 0.261748554090178
"serA" -0.344271689911395 10.7717149961609 1.85893660624852 0.173872468605684 0.261748554090178
"bamE" -0.256276955568744 7.38027721630526 1.80066205381115 0.180749071110928 0.271367203797269
"acrA" 0.200720578983239 8.71178753897296 1.78516981495819 0.182630006135177 0.273454068326058
"pcnB" -0.209692386947651 8.41187164136193 1.76277887709199 0.185388952358586 0.276840875237888
"rpoS" 0.343852138247084 12.4348865184799 1.75531170845398 0.18631982145473 0.277487006818943
"pyrG" -0.286642013301669 10.5048353314042 1.74396693352239 0.187744545266101 0.278863231235249
"gnsB" -0.397741639051923 3.20688459995976 1.73523860351712 0.188861651878076 0.279776436425767
"npr" 0.195140893093529 4.96542589343615 1.68576510223339 0.195257458773922 0.288483831663327
"rlmG" -0.278070854715562 5.27345490923324 1.68007223989673 0.196011087103317 0.288831152160179
"ppsA" 0.251142866953116 9.03419305826985 1.66694453039504 0.19776203629635 0.290642359411786
"rimK" -0.15707957540417 5.7015108245184 1.65801046873428 0.198964183704243 0.291328358425007
"frmA" -0.206191320593117 7.12286854696884 1.65571184492621 0.199274873536675 0.291328358425007
"tabA" 0.187152228662042 5.42252421815983 1.62171679309294 0.20393733097326 0.297364118722791
"eno" -0.338436759194823 12.125978494884 1.54702253730324 0.214643991970645 0.31215849485026
"yjgL" -0.410130965379802 2.35152741014318 1.5230943462733 0.218214667887038 0.316524921909062
"pgk" -0.304996052410229 11.1105391511559 1.47894489874969 0.224991639020499 0.325507384245241
"ftsQ" 0.169732725843901 7.89191089909071 1.45606479030589 0.228603351886393 0.329875821245391
"ackA" -0.298406754688191 9.87865041798483 1.44087101845176 0.231040478353607 0.332085360014067
"proQ" -0.200098837362823 8.70198541779879 1.43909772097098 0.231326965323982 0.332085360014067
"adhE" -0.359873896296603 12.1609427297798 1.42933892070785 0.232911284408566 0.333500219577304
"mnmG" -0.23684928122756 7.98938131755572 1.39552111690056 0.238504459049672 0.340633291514531
"yhcD" -0.199800403515404 4.42629768712305 1.39098613804122 0.239266879755599 0.340848214894805
"tolB" -0.235106448191663 9.72876936937668 1.38726812041722 0.239894171557996 0.340870034586235
"slyB" 0.23081389360662 9.89927754200689 1.36879166228366 0.243041419139361 0.343294639932696
"rbn" -0.177164251113621 4.76780038120055 1.36676484151395 0.243412688168283 0.343294639932696
"lgt" -0.168605278697225 7.00826670735764 1.36486765147206 0.24371631591298 0.343294639932696
"asnS" -0.26573371705458 9.95309277487075 1.35907583752607 0.244716658418564 0.343294639932696
"gss" 0.206903085324998 8.63069946138698 1.35871753057879 0.244778709081131 0.343294639932696
"rpoH" -0.259842210029252 10.3152273054695 1.35572038029683 0.245298503937545 0.343294639932696
"gpmA" -0.298060708438786 11.5365032256793 1.34904467239845 0.246461144545557 0.344057286997181
"cysA" -0.526352387727049 8.35271595746944 1.33743599444936 0.248499069663351 0.345630140528264
"mdtM" 0.241211178621081 5.01415452981427 1.33597274779057 0.248828880344405 0.345630140528264
"zapA" -0.262397252594219 9.46855993599619 1.31689739076257 0.252155708626117 0.349379924638675
"pepD" -0.210886057056719 9.92099382334951 1.29203081754947 0.256672207296577 0.354366111528733
"aroB" -0.168592410667135 8.74158857656746 1.29010166274744 0.257026766710248 0.354366111528733
"sodA" -0.253756759496257 11.1894251721061 1.25043512109465 0.264453808693767 0.363268052070849
"tolA" -0.150822725505031 7.41490688150261 1.24868378085075 0.264787844058823 0.363268052070849
"psd" 0.155906376610834 7.99850691129405 1.24064578020368 0.266327718785942 0.36448289769968
"btuF" -0.208641345544744 4.8034786615477 1.21394743765016 0.271523548107024 0.369013297961993
"rseA" 0.2314284844238 10.2870948893264 1.2136942177724 0.271573433661254 0.369013297961993
"gyrA" -0.232858878913963 10.3612810165997 1.21342954719438 0.271625587368792 0.369013297961993
"lpp" -0.432710267882654 11.8924814445003 1.20571832184999 0.273150637913498 0.370182251381554
"ftsH" -0.27250761375019 11.6481947147607 1.18037822173809 0.278238729025261 0.376162553560851
"rlmI" -0.180153512988071 7.28496517451304 1.15327643203625 0.283813958486028 0.382770883478736
"dnaG" -0.176878052292398 8.67538536315884 1.14015795412134 0.286563594936813 0.383958291725084
"cysP" -0.546954199390308 8.77736519241992 1.13726054512141 0.287175462799031 0.383958291725084
"ycbZ" -0.161512271749971 8.51356416028649 1.1364543448672 0.287346010520675 0.383958291725084
"yicH" -0.139402697210562 7.18628889591649 1.13595495277168 0.287451719298671 0.383958291725084
"yfcD" 0.131047333133878 6.46381472160189 1.12279445178855 0.290255457511744 0.386775813000099
"glyA" -0.297823301411069 11.0251524164499 1.10965206677348 0.293090354522591 0.38962130660879
"lepA" -0.167754791373112 8.91089270181598 1.09015649137572 0.297361501544733 0.394357991334324
"ydiJ" -0.233625799103373 8.48548477281114 1.07326812092825 0.301126498842626 0.398402517471123
"ppiD" -0.173794406596797 8.66698208255632 1.05866641774018 0.304431569834475 0.401820816108537
"speC" 0.171320035208275 6.40070941701937 1.03592116087622 0.309674423650754 0.407774595681962
"ybaB" -0.132356947547687 7.44847763154169 1.02955188641831 0.311163629725654 0.408769202257521
"zinT" 0.510706100104816 10.2353511323459 1.02497492298007 0.312239559618925 0.408969565872933
"ftnA" -0.216478927432984 4.59643586226712 1.02266411430148 0.312784623091328 0.408969565872933
"ribE" -0.15271187792651 7.78234824721344 0.984297764387768 0.32201983017554 0.420058654350764
"pspA" -0.300704199802683 11.2631006576563 0.974427597590345 0.324453735680711 0.422174412264565
"yddE" -0.12908823036251 6.1275835808718 0.969394704624311 0.325704200922212 0.422174412264565
"mscM" 0.120534552851539 6.66815757883808 0.966318898519125 0.326471563569026 0.422174412264565
"dcd" -0.132424810224128 6.98092521975326 0.965510845941089 0.326673557784609 0.422174412264565
"tpx" 0.204856744730597 9.86152349325652 0.934009084394902 0.334679898667953 0.431520147125115
"hupA" -0.189366714364219 9.04798765683926 0.856229015600425 0.355614514858683 0.457453313571101
"yfjW" 0.246094122666276 3.02126357498753 0.840439545546781 0.360081373785522 0.462046348275291
"trxC" -0.187836941388737 5.95955784173885 0.83777047908865 0.360844096049824 0.462046348275291
"yhcB" -0.146970479863034 8.13284018168644 0.829764465530288 0.363145382920075 0.463926555702941
"thrL" -0.294635339924599 6.86884249839009 0.812007167506077 0.368322886768273 0.469464182906013
"pdxJ" 0.131693874432298 6.67938319615574 0.807545828235286 0.369639842069142 0.469543663064075
"ftsZ" 0.177140691478867 9.86053223416082 0.806089322241884 0.370071217388023 0.469543663064075
"tusC" 0.152888022171235 4.51284587372976 0.798032584357905 0.372470172858901 0.471513377914563
"sfmD" -0.291216285868057 2.36874686889527 0.771300101516821 0.380588533395154 0.480697988891385
"mdh" -0.159428558330952 9.94998645592233 0.766472705557943 0.382081177956806 0.481491439189911
"icd" -0.248390706168084 11.625463340418 0.748016105593373 0.387865483537683 0.487602693255508
"shiA" -0.197271272027977 7.72180512409322 0.745443983123487 0.388681500548377 0.487602693255508
"pgi" 0.186134706789782 10.4651182044319 0.742129344327955 0.389736716436527 0.487827755180103
"gntR" -0.113066209812661 7.11700094227587 0.722563669825226 0.396050186396489 0.494618730544494
"fes" -0.200510673391904 8.30020955241127 0.677367887870519 0.411213914615677 0.512024862124562
"fliY" -0.331470415320722 9.312683201021 0.675594711824496 0.411826100954764 0.512024862124562
"ybbN" 0.146391422031637 9.76487820355091 0.671527310800169 0.413235466758263 0.512632861880518
"nuoN" -0.155912672095953 7.99816646248701 0.660072854710616 0.417243124870364 0.515584082261487
"yidQ" 0.151840610864052 6.27785616561233 0.659441367036565 0.417465747037577 0.515584082261487
"yciW" -0.387727642528821 7.82783883002016 0.644595716063953 0.422750910836936 0.520956321540206
"lpoA" -0.101064692077269 7.72127790501326 0.62862019924734 0.428551351999306 0.52693841735897
"ydgA" 0.152219408816928 9.97551400010723 0.612166876889949 0.434652186015678 0.533253509770641
"bcp" -0.131126934454667 7.75036115153396 0.609636807277188 0.435602059148369 0.533253509770641
"yecS" 0.217227511201402 5.92144398559329 0.604245313428479 0.437636838349099 0.53456955912379
"yrhB" 0.291382280183436 1.84132356714948 0.597730721528038 0.440122456022558 0.536429339178479
"pmbA" -0.110005253514615 8.65527914430227 0.589098417896211 0.44343222083566 0.538703131156389
"entF" -0.251427057548665 10.5454326028558 0.587831482942366 0.443922328906252 0.538703131156389
"waaF" -0.0976421958212795 7.48586136236668 0.583107821708493 0.445757079453205 0.539753680990077
"cpxA" -0.107852938141271 7.80614021757842 0.544168811611067 0.461344631453196 0.557416398523709
"pncB" -0.154581378516492 9.07575436545534 0.51200501493191 0.47488458967434 0.571386864165425
"rlmH" -0.153078016739462 5.81213938524444 0.511832543890459 0.474958919405012 0.571386864165425
"araC" -0.205976699921557 9.52288143440426 0.507923177952362 0.476662543842981 0.572200510604613
"yegT" -0.186627358298406 4.0074680945203 0.501665641964019 0.479374333410778 0.572987023792362
"purR" -0.16699819534952 7.79130192913438 0.501663798285123 0.479375140192532 0.572987023792362
"crr" -0.169486593136486 10.7028440469761 0.482922744135369 0.487693277924855 0.581681275811871
"hflD" -0.125967944160601 6.63560059588561 0.461511079415214 0.497495003993713 0.592104096633543
"guaB" -0.185745963614482 9.32938466542195 0.442261126707375 0.506595320566027 0.601649453209546
"nuoC" -0.138274345543559 8.81253883255635 0.422934296268681 0.516024191689955 0.611543563343201
"rpoD" -0.148225617295102 10.8989714131719 0.410416198908459 0.52229646820864 0.617662702318923
"ycaI" -0.104754177484163 4.70446454771324 0.400988185351655 0.527110217819279 0.622034727384192
"yicC" -0.0911535828303903 7.76130244376743 0.398556067575569 0.528364879912579 0.62219712074272
"lpxC" -0.169917951012223 12.0360487977148 0.389432790613792 0.533119551687952 0.626471709472973
"glpT" 0.284903917724197 5.29273356474168 0.358764659070103 0.549690515881096 0.644584457570043
"plsB" 0.106844392128183 8.69480345795205 0.345533192770046 0.557139240477821 0.65194654820619
"yrbL" -0.120118407185775 10.5627399372135 0.3396925029278 0.560488552918324 0.654445776484261
"clpX" 0.13532101328357 11.1452165667759 0.336920629186684 0.562091595566375 0.654445776484261
"gnd" -0.137581141389291 10.9666216871067 0.335040631587952 0.563183872346583 0.654445776484261
"lacI" -0.146716976556699 9.62913437622039 0.333683663237717 0.563974816359866 0.654445776484261
"lepB" -0.0858583141939132 7.9650287223489 0.308756125324811 0.578900198940694 0.670368837442758
"pheL" -0.166660515049221 3.09761641688668 0.300423888951659 0.584065333644771 0.67436725656935
"rhsA" 0.0750894484666763 5.41511096453297 0.299291495983844 0.584774479215433 0.67436725656935
"scpC" 0.111362599494164 3.31842963604611 0.282561592487908 0.595460023246588 0.685271142455268
"rhaB" 0.182156650796743 1.53261952935131 0.277656127731967 0.598670111264034 0.686659244936999
"sufC" 0.126248083121558 8.22838465578318 0.276955172909315 0.599131764882193 0.686659244936999
"waaU" 0.179630412833689 3.39507074499398 0.269175719583093 0.604306137188896 0.691167388940893
"mrcB" -0.0785933567909392 7.63979042736497 0.263222899138759 0.608330073473335 0.694343956812803
"csrA" 0.117106302267221 9.91649147938791 0.260629024085846 0.610101468574531 0.694941754593076
"lptD" -0.0882283370430883 10.3263523140923 0.248405843680408 0.618601684413286 0.703185996363675
"elbB" 0.063128729432474 6.27597256638422 0.244686180906868 0.621240209002181 0.704747039540152
"damX" 0.059288684084906 8.98066930184543 0.187462245471996 0.665379566112681 0.752005787824522
"nuoF" -0.0810561128595637 8.59042935011531 0.187184994462843 0.665611987824184 0.752005787824522
"orn" 0.0618800721231782 6.10596528716412 0.185594262166746 0.666949477891049 0.752005787824522
"yehP" 0.134326377148502 2.2086141729737 0.180378620614305 0.671383064507769 0.754461047140745
"rimO" -0.102833147511338 6.19308946883009 0.177118929457075 0.674192553892724 0.754461047140745
"glcE" 0.112118555568122 5.26012026443198 0.176791195539822 0.674476704112199 0.754461047140745
"mntH" 0.127370631870944 11.0072158616484 0.176456657239004 0.674767073819444 0.754461047140745
"ybjD" -0.0467869741922593 6.71794218123116 0.175155451669936 0.675899573650326 0.754461047140745
"syd" -0.0642097296059788 5.32738508488137 0.172696979825896 0.678052868560251 0.75535089557612
"galU" 0.0635643271166316 8.55491092817957 0.169592933132346 0.680797441211586 0.756894560388929
"murD" -0.0559670631500195 7.74888306043607 0.164769141464171 0.685121529967039 0.760184645800081
"yecA" -0.066162120051479 7.99884419146751 0.160206248186289 0.689280168708702 0.763278437317588
"yfhM" 0.0618604858478875 9.0613443779795 0.143796909332063 0.70483036686209 0.776225183152429
"hns" 0.0800395100657127 10.6000646688594 0.143199031603367 0.705415743369034 0.776225183152429
"acrB" -0.0681866962164399 9.84464582435585 0.141574075748722 0.707013816529137 0.776225183152429
"zwf" 0.062564117113813 9.05275429444723 0.141439057004487 0.707147072016276 0.776225183152429
"speB" 0.0569975078227661 8.1854616390015 0.139382643367988 0.709185668850001 0.776225183152429
"cysK" -0.144280940237309 11.6186386932529 0.139234442438096 0.70933324636371 0.776225183152429
"cueO" 0.04849668509504 6.50338921194098 0.135554247699406 0.713027036016637 0.778737370708367
"gcvP" 0.0725233056418673 9.68574195523315 0.125399381065162 0.723524380351347 0.788655733572799
"fumA" -0.0895275637973542 8.30376359441327 0.116115142253568 0.733549190279172 0.798021287081052
"yeeX" -0.0698825403286686 8.29417706171663 0.112858734787668 0.737171102802783 0.79907465780313
"hfq" -0.0685457870650243 9.4427141810465 0.112666549387913 0.737386668062493 0.79907465780313
"opgH" -0.0553667200356509 8.88818497520117 0.107714995539321 0.74301266754888 0.802934212961116
"fruB" -0.121061383081416 10.7035052749189 0.107004747291556 0.743831335525917 0.802934212961116
"gcvT" 0.0617006707049074 8.71826956288735 0.102099737148696 0.749568997550535 0.806288805544783
"pheT" 0.0764728655246226 10.7957228869288 0.101876162755788 0.74983411359461 0.806288805544783
"nirC" -0.0872973301228007 2.36598216693858 0.0913326208486793 0.762720231470688 0.818564872695902
"ppk" 0.043654315344218 8.74346997793796 0.0843639566751126 0.771689199350847 0.826288061622445
"rlmC" 0.0563055895572634 4.95283132748345 0.0834586902081588 0.772883447226739 0.826288061622445
"znuA" 0.1009022857264 11.297600617895 0.0812096311229868 0.775881172488444 0.827207851262621
"ybdN" -0.0842478733057101 2.50180740972459 0.080590683542409 0.776714014740306 0.827207851262621
"trxA" -0.0507203563601285 9.20228396369481 0.0786580596744077 0.779336985567597 0.828417368246472
"iscS" 0.0540360278776988 9.80483208666335 0.0672181621565599 0.795626717714067 0.844122060508068
"accC" -0.052749732824583 9.67422904783708 0.0586873733830445 0.808764905957984 0.856429757830032
"maeB" 0.0417559471463674 9.0794146114535 0.0492627623128162 0.824517301823835 0.87145377061836
"oppB" 0.0453763374820753 9.02325971853745 0.0446287222762208 0.832846044304996 0.877116936964257
"hflX" -0.0984311463235549 9.6875222359106 0.346649733580892 0.833024882682391 0.877116936964257
"recQ" -0.0356557185225898 6.51033865682857 0.0403474095194322 0.840952628860987 0.883793611840697
"pflB" -0.0531941955638582 12.4085460382829 0.0380512912112388 0.845485483655215 0.885842581044162
"argK" 0.0654016350949117 2.2003979087349 0.044725852374529 0.846083039704657 0.885842581044162
"fdnI" 0.0675030731310989 3.05769677490654 0.0482088746263693 0.848969846919942 0.887197382240915
"gshA" 0.0271656377377249 9.22269300571473 0.0273754431637944 0.868708291516556 0.903844296169293
"aceE" 0.0463140039894342 12.0649708807161 0.0272768999725836 0.868942657151173 0.903844296169293
"oppF" -0.033450242125578 9.55014538552317 0.0269314977497171 0.869767581232928 0.903844296169293
"wcaN" 0.0235335569589165 8.98171993658629 0.0254300944582641 0.87341812455137 0.905947663640807
"prc" -0.0487375629504171 8.84395152987032 0.0978424524090734 0.881139293692843 0.911714202538784
"tolC" -0.0261163732788008 9.68032656711303 0.0217572781149651 0.882843662058407 0.911714202538784
"aceB" 0.0373523394007969 10.5820285752442 0.0213683078316149 0.883888095818569 0.911714202538784
"yciI" -0.0294208812531976 6.32129068972753 0.0193314311248696 0.889523158211734 0.915830682299326
"clpP" 0.0244111903375562 10.085872753657 0.0163256231890851 0.898423798495925 0.923287925760573
"nuoE" 0.0215295668535865 7.11754428670543 0.0145584169594734 0.904050597378727 0.927359452559762
"cpsB" 0.0352857939991619 3.91933038459709 0.0192242257607083 0.914226876083642 0.934357185312508
"oppA" 0.0270732920232163 12.5827272522963 0.0110869488789132 0.916219494525711 0.934357185312508
"proP" 0.0222457818581723 10.3943049538297 0.0107719356183834 0.917413952936568 0.934357185312508
"aceF" -0.02708911405409 11.3170607461635 0.0107278881830574 0.917582370495407 0.934357185312508
"ahpC" 0.0207239870766364 11.1101058291904 0.00801834196615988 0.928714388532209 0.943966997102994
"rodZ" -0.0141473152882733 8.85525693647173 0.00742532902864247 0.931394255838882 0.944966485432162
"yehI" 0.0158710235472606 4.28056107329788 0.00923868798535886 0.938466238768504 0.950410354534649
"nlpC" 0.0281293655149319 5.92905922843938 0.0403244630581496 0.955161586264073 0.965562619871305
"ydcF" -0.0100295090682312 6.62199250543889 0.00427027716900567 0.958604874923145 0.96728789009455
"uspA" 0.00967274965146023 10.3179362641379 0.00172633708140106 0.96688847448612 0.973171641627802
"miaA" -0.00961941886604448 11.0477797121514 0.00161936868465659 0.967930142660327 0.973171641627802
"gadX" 0.00661870009275713 7.8505436046535 0.000839708832001268 0.976903554313212 0.980423927481908
"clsA" 0.00195654849258442 7.4060531867277 0.000277453543042517 0.986722485878258 0.988497166608255
"mioC" 0.00104541965817526 7.31885330559722 0.0000389271758558417 0.995026462336979 0.995026462336979
