"logFC" "logCPM" "F" "PValue" "FDR"
"melA" -4.64259820429074 6.32507725706375 523.058015178179 0.0000000000000000000000000000000000000000000000000000000000000000205761965899107 0.0000000000000000000000000000000000000000000000000000000000000166049906480579
"rspA" -8.07678251950352 9.59327403052636 421.607849148727 0.0000000000000000000000000000000000000000000000000000000026035118023729 0.00000000000000000000000000000000000000000000000000000105051701225746
"putA" -5.88897923492989 9.37697267314795 396.018825645907 0.000000000000000000000000000000000000000000000000000000443645440144786 0.000000000000000000000000000000000000000000000000000119340623398947
"ydcH" -5.52082086354842 6.46313958793895 388.172820407176 0.00000000000000000000000000000000000000000000000000000223065343555137 0.000000000000000000000000000000000000000000000000000450034330622488
"srkA" 3.17063461428579 7.31453258315516 371.088421915134 0.0000000000000000000000000000000000000000000000000000803634454695782 0.0000000000000000000000000000000000000000000000000129706600987899
"modA" 3.50589766571101 5.96203168615131 367.351297744814 0.000000000000000000000000000000000000000000000000000178273517295475 0.0000000000000000000000000000000000000000000000000239777880762414
"uidA" -4.05056562924915 5.84298483962992 357.007232950699 0.00000000000000000000000000000000000000000000000000165785985532215 0.000000000000000000000000000000000000000000000000191127557606425
"rspB" -8.60137562166736 9.52470063686899 353.412495517329 0.00000000000000000000000000000000000000000000000000544138189247964 0.000000000000000000000000000000000000000000000000548899398403884
"mhpR" -4.38906776701535 6.71132809024752 325.483993285079 0.00000000000000000000000000000000000000000000000187315165337422 0.000000000000000000000000000000000000000000000167959264919222
"rbsD" -6.76610237578106 7.77183844345154 311.50924921553 0.0000000000000000000000000000000000000000000000476545747291016 0.0000000000000000000000000000000000000000000038457241806385
"dctA" -6.17048496651221 9.2398506071001 306.642490638811 0.000000000000000000000000000000000000000000000149806918389899 0.0000000000000000000000000000000000000000000109903802855135
"fadI" -6.04061153937619 6.48638797280426 305.948767476415 0.000000000000000000000000000000000000000000000176513749555105 0.0000000000000000000000000000000000000000000118705496575808
"fadE" -5.4896132430219 8.98882136574965 304.715418709942 0.00000000000000000000000000000000000000000000023640575600032 0.0000000000000000000000000000000000000000000146753419301737
"yqeF" -5.28253175242743 6.02629566276347 297.546494520999 0.00000000000000000000000000000000000000000000130795034712269 0.0000000000000000000000000000000000000000000753939950091435
"lsrA" -7.88629139542786 8.6913575276506 291.561753021733 0.00000000000000000000000000000000000000000000554667011288977 0.00000000000000000000000000000000000000000029841085207347
"lsrB" -6.10192589066216 7.89790664906285 291.074918427227 0.00000000000000000000000000000000000000000000624260862203278 0.000000000000000000000000000000000000000000314861572373779
"ybaE" -4.38190000212542 6.859884832482 279.606811898237 0.000000000000000000000000000000000000000000104154871033181 0.0000000000000000000000000000000000000000049442929955163
"lsrF" -5.89955312319311 7.76753218949048 274.113599680735 0.000000000000000000000000000000000000000000409486443808572 0.000000000000000000000000000000000000000018358642230751
"argT" -4.59523120080745 7.50508365796534 265.780130239266 0.000000000000000000000000000000000000000003355749174424 0.000000000000000000000000000000000000000142531030724219
"msrB" -3.71283393375825 6.48530237029451 260.30138128103 0.0000000000000000000000000000000000000000136200582305533 0.000000000000000000000000000000000000000549569349602824
"yibI" -3.56498197297876 5.49840732045639 259.482103642258 0.0000000000000000000000000000000000000000168149911005432 0.000000000000000000000000000000000000000646176086578018
"lsrG" -5.16290409788844 6.67252536744448 257.166577511729 0.0000000000000000000000000000000000000000305578130606042 0.00000000000000000000000000000000000000112091614272307
"lsrK" -4.17428608366989 7.87484695770603 251.877221993575 0.000000000000000000000000000000000000000120791369348005 0.00000000000000000000000000000000000000423820152451477
"prpR" -5.43441859511613 7.00423909648801 255.00357904538 0.000000000000000000000000000000000000000161034481153412 0.00000000000000000000000000000000000000541478442878347
"bsmA" -5.92673783890324 8.80760977750784 249.592306377049 0.00000000000000000000000000000000000000021966960482807 0.0000000000000000000000000000000000000070909348438501
"ydcJ" -6.06792111625446 8.76914271337696 248.166846864123 0.000000000000000000000000000000000000000319438384306722 0.0000000000000000000000000000000000000099148760052125
"narK" 3.48171060072088 5.76487556937732 243.590111961203 0.00000000000000000000000000000000000000137934786142686 0.0000000000000000000000000000000000000412271749693139
"ydcI" -3.59501387860874 6.61440568535927 239.072094833346 0.00000000000000000000000000000000000000356941039559487 0.0000000000000000000000000000000000000999808541579114
"gatD" -5.9789160129968 8.06549084226327 239.047630818716 0.00000000000000000000000000000000000000359286836503027 0.0000000000000000000000000000000000000999808541579114
"nupG" -2.41153385593705 6.27984211569232 237.240325711521 0.00000000000000000000000000000000000000583425614359556 0.00000000000000000000000000000000000015694149026272
"aldA" -5.21252035835563 8.99324842993135 236.843684631619 0.00000000000000000000000000000000000000649072635083699 0.000000000000000000000000000000000000168968263391144
"acs" -7.30632405822827 9.91775647242506 235.762371752976 0.0000000000000000000000000000000000000181894121094812 0.000000000000000000000000000000000000458714236635979
"ytfQ" -6.75307233527933 9.11305106086257 226.500344203567 0.000000000000000000000000000000000000107865256909579 0.00000000000000000000000000000000000263779582806152
"xylA" -2.57046568093144 7.2149961245239 224.62914274575 0.000000000000000000000000000000000000180475492187842 0.00000000000000000000000000000000000428363888810554
"lacY" -4.66971966252041 7.34081924479398 223.735884306619 0.000000000000000000000000000000000000230901937829675 0.00000000000000000000000000000000000520348174148112
"feoA" 4.29491827690081 6.69578316621736 223.71674104291 0.000000000000000000000000000000000000232125579545626 0.00000000000000000000000000000000000520348174148112
"yejG" -4.07236347815853 7.23377219854249 223.218743771131 0.000000000000000000000000000000000000266359422948991 0.00000000000000000000000000000000000580951498161718
"fadJ" -3.77619543342739 6.97023021187025 223.001542006689 0.000000000000000000000000000000000000282842626038408 0.00000000000000000000000000000000000600668418981567
"yidE" -2.46443339785651 6.50020798887129 222.79134020726 0.000000000000000000000000000000000000299772804749442 0.00000000000000000000000000000000000620299111366154
"ygjR" -3.65326411526921 8.0244319722313 220.488615352365 0.00000000000000000000000000000000000056765244216946 0.0000000000000000000000000000000000114523880207689
"pstS" 3.00347457022281 7.33055558722639 212.186303403132 0.00000000000000000000000000000000000581826890089815 0.000000000000000000000000000000000114520561049386
"yfcH" -2.33060618411056 8.08814962613198 210.108424082751 0.0000000000000000000000000000000000104829778957529 0.000000000000000000000000000000000201422932425537
"ydcT" -5.49415802731134 5.92583752730607 209.720791695495 0.0000000000000000000000000000000000117032701134724 0.000000000000000000000000000000000219640441431913
"sdhC" -5.25353016232972 7.8039932370219 208.200909122409 0.0000000000000000000000000000000000180381313599684 0.000000000000000000000000000000000330835727443056
"dadA" -4.09115345606062 10.6771464189579 207.328981602207 0.0000000000000000000000000000000000231338551571364 0.000000000000000000000000000000000414867135817979
"fumA" -3.81072739894451 8.30220343896182 204.602041320232 0.0000000000000000000000000000000000505215649644519 0.000000000000000000000000000000000886323976658971
"ydcS" -5.16011128945911 8.07663402229844 203.018768740097 0.0000000000000000000000000000000000796771398425559 0.00000000000000000000000000000000136807344367963
"uxuB" -2.57410496284367 6.90164259680139 203.69173020097 0.000000000000000000000000000000000183128462384037 0.00000000000000000000000000000000307884727383162
"yghB" -2.05430863688602 6.71667783595188 193.264408974281 0.0000000000000000000000000000000013651508934665 0.0000000000000000000000000000000224831994087238
"yihW" -2.25455972913473 5.42273799210142 179.261685286401 0.0000000000000000000000000000000897116628221443 0.00000000000000000000000000000144794623794941
"dadX" -3.0000803180056 9.31900450557963 178.64052407001 0.000000000000000000000000000000108341648018164 0.00000000000000000000000000000171434725393448
"csiD" -5.8544322604736 10.183304838885 177.210793016216 0.000000000000000000000000000000167435327846444 0.00000000000000000000000000000256728508849065
"gatB" -5.25440487491866 6.89315789588218 177.187920587001 0.000000000000000000000000000000168607323035941 0.00000000000000000000000000000256728508849065
"puuD" -3.5073067842417 5.93929016537528 176.30316160281 0.000000000000000000000000000000220891045576717 0.0000000000000000000000000000033010939588965
"lldR" -2.72521120913115 5.430007859188 171.368403649946 0.00000000000000000000000000000100636559551012 0.0000000000000000000000000000147661279195758
"msbA" 2.24823663192471 7.82200983342729 165.155825757179 0.0000000000000000000000000000069581773283844 0.000000000000000000000000000100272305428682
"exuT" -2.70651173694468 7.51849548997881 164.075304655732 0.00000000000000000000000000000976741644479 0.000000000000000000000000000138286053876237
"ubiC" -1.94324282033572 5.69017032740436 163.296176491519 0.0000000000000000000000000000124798981953103 0.000000000000000000000000000173642721441645
"pck" -3.56432933412846 8.77868034796394 161.801680914099 0.0000000000000000000000000000199942445201666 0.000000000000000000000000000273480598775838
"uspG" -2.50434668606389 7.33652845347434 159.843433610771 0.0000000000000000000000000000371707239639876 0.000000000000000000000000000499946237315633
"yqiA" -1.84835875862759 6.48452071813122 159.200617544714 0.0000000000000000000000000000455900693065288 0.000000000000000000000000000603134195579816
"rbsK" -2.30319668956861 6.25217889805973 157.885484857548 0.0000000000000000000000000000692940946036454 0.000000000000000000000000000901940876534545
"pka" -3.02495488358908 8.80204380929369 157.225167361006 0.000000000000000000000000000085546519187668 0.00000000000000000000000000109581017435632
"sgcC" -4.30717374673099 6.38658758902695 156.92146023329 0.0000000000000000000000000000942622270463448 0.0000000000000000000000000011885877691625
"ydbC" -2.87100838186969 6.83163759116885 156.577977948872 0.000000000000000000000000000105202920710605 0.00000000000000000000000000130613472328398
"yecA" 2.2258406065163 8.00112624396229 154.894588644347 0.000000000000000000000000000180433205799672 0.00000000000000000000000000220620601636872
"gatA" -4.52023503022678 8.54424226976659 152.46815274109 0.00000000000000000000000000039416145206416 0.0000000000000000000000000047475864450116
"ychH" -5.18463198011778 11.0165843476989 152.214385850346 0.00000000000000000000000000042783788159348 0.00000000000000000000000000507742897714615
"ptrA" 1.92491122910101 7.06370598862529 148.058320505648 0.00000000000000000000000000165005266308855 0.0000000000000000000000000192984420161226
"lhgO" -4.45007888237451 9.4886489411248 147.676832714512 0.00000000000000000000000000186896840250269 0.0000000000000000000000000215465357259953
"ydaN" -1.84603778066214 7.12415129804969 145.137514569276 0.00000000000000000000000000429552675189304 0.0000000000000000000000000488238040672914
"acrB" 2.42058038247165 9.84692190239913 143.395705895912 0.00000000000000000000000000762462455390278 0.0000000000000000000000000854593335416604
"cstA" -3.5798114938377 9.13169660724451 143.345213530543 0.00000000000000000000000000775279462332168 0.0000000000000000000000000857055515208301
"ftnB" -2.21939032848786 5.88180330329315 142.391529106189 0.0000000000000000000000000106260051744851 0.000000000000000000000000115880894267696
"glpF" -5.53885123488261 8.40000714582823 141.66685699041 0.0000000000000000000000000135088674353777 0.000000000000000000000000145355413604664
"aspA" -4.13329481783748 9.85198803822882 140.661262166473 0.0000000000000000000000000188620346648104 0.00000000000000000000000020028502598029
"CamR" -2.27874552156961 6.80583860740944 193.050785543278 0.000000000000000000000000150493909609082 0.00000000000000000000000157725435135753
"csiE" -3.95958341819479 9.8904016077104 134.393278461703 0.000000000000000000000000153951420162047 0.00000000000000000000000159280507783041
"nudK" 2.73835710606173 5.50973825153522 134.326005274567 0.000000000000000000000000157487944068551 0.00000000000000000000000160876925143444
"araF" -4.67969115030099 8.27098924369935 132.168571716518 0.000000000000000000000000363308589710464 0.00000000000000000000000366487539870431
"agp" -3.53775274611964 8.61231563912641 130.41950529188 0.000000000000000000000000592777790438845 0.00000000000000000000000590582317140923
"tsx" -3.08678825489306 8.46959368300281 129.879252466352 0.000000000000000000000000712769751110133 0.00000000000000000000000701469742860826
"phoU" 1.93942746603504 6.3954155342423 129.126567716296 0.000000000000000000000000921868517160448 0.0000000000000000000000089632276307046
"pfo" -2.32517547362209 9.53050650993934 125.696524223099 0.00000000000000000000000299576459926122 0.0000000000000000000000287807384714739
"mppA" -1.71946943698986 6.6085959025423 125.441841889719 0.00000000000000000000000327108239002145 0.000000000000000000000031056041044086
"deaD" 3.02028193213747 9.91682887277543 125.281280600102 0.00000000000000000000000345761651716257 0.0000000000000000000000324453084808162
"acnA" -2.80928613826907 10.4617105405436 122.889789740118 0.00000000000000000000000791952604908151 0.0000000000000000000000734604312828595
"aldB" -4.49973658364125 9.84370906873207 122.08266824251 0.0000000000000000000000104875698888363 0.0000000000000000000000961757829578513
"yjjG" -1.47164678765054 6.63927646217399 121.787970095956 0.0000000000000000000000116218314112936 0.000000000000000000000105379976954089
"glnS" 1.84786630284179 9.45010818951571 118.789849063489 0.0000000000000000000000331864532813904 0.000000000000000000000297571864423134
"oppB" 2.80711345278786 9.02486075033596 118.196939311688 0.0000000000000000000000408790761542263 0.000000000000000000000362521037983083
"gcd" -2.42530711581399 9.89050300077719 115.779061379443 0.0000000000000000000000959813949875579 0.000000000000000000000841923758206079
"glpK" -4.64829023320826 9.10078651344955 115.317051942469 0.000000000000000000000113054349639536 0.000000000000000000000981020001710812
"ykfB" -1.53028838910092 7.13130154532978 114.806845932179 0.000000000000000000000135489511525687 0.00000000000000000000116319187022585
"fdoG" -3.71498418541566 10.6949868541945 113.525202846074 0.000000000000000000000213730137730623 0.00000000000000000000181558127524855
"ubiG" 1.82748929558174 6.64929552175211 112.350163775362 0.000000000000000000000325052755281871 0.00000000000000000000273247472408823
"mtlD" -2.28680633008084 8.42983319320533 111.660353400503 0.000000000000000000000416021182895472 0.00000000000000000000346112468656336
"queG" -1.49407074030665 7.0793668455031 111.412018160919 0.000000000000000000000454718442102138 0.00000000000000000000374446717118801
"yjjY" -2.11459704001466 7.61627618184495 110.360805481643 0.000000000000000000000663036739456582 0.00000000000000000000540475402769153
"pheA" 1.6763377124906 7.75279653803324 110.029404607221 0.000000000000000000000746914314283089 0.00000000000000000000602759851626453
"atpF" 2.87583351682828 9.69506471940116 109.225720627541 0.000000000000000000000997518987435764 0.00000000000000000000797027547386794
"fabZ" 1.64761190254962 7.80276533316634 108.919684893924 0.00000000000000000000111388221757902 0.00000000000000000000881277401555169
"yggN" 1.36440721149821 6.71099606753656 108.75454416954 0.00000000000000000000118225976922207 0.00000000000000000000926294790060399
"cspD" -3.28714569882533 10.584881144981 108.158700508901 0.00000000000000000000146609953423792 0.00000000000000000001137636850125
"rho" 2.24626336217488 9.78697888651898 107.886977435882 0.00000000000000000000161744592511175 0.0000000000000000000124312272530017
"araC" -2.95065307156466 9.52167438159101 108.275509788936 0.00000000000000000000164260724454965 0.0000000000000000000125055098712412
"ribF" 1.40927706051778 8.33134917482449 106.87322590899 0.00000000000000000000233500436060153 0.0000000000000000000176107338224807
"mscS" 2.39088899936339 9.28236621833906 106.053184696293 0.0000000000000000000031448310243792 0.0000000000000000000234988762655001
"lpoB" -1.71283308755626 7.87614619625647 105.726859241224 0.00000000000000000000354107220852161 0.0000000000000000000262169291034581
"manA" 1.59457095875447 7.36271384915807 104.375169446873 0.00000000000000000000579562022570319 0.0000000000000000000425187774740225
"mioC" 1.93875212338862 7.32182200793739 103.912053595156 0.00000000000000000000686421109469136 0.000000000000000000049904669850594
"rsgA" 1.50989510851991 7.95639520035086 102.117526953088 0.0000000000000000000132508328931981 0.0000000000000000000954769834358114
"lpxB" 1.7546015837813 7.30823807105719 100.25476786834 0.0000000000000000000263181206463683 0.000000000000000000187953304085126
"oppA" 2.92610387841681 12.5843695504502 99.7001728036713 0.0000000000000000000323056499473897 0.000000000000000000228689995680206
"gatZ" -3.83825517258784 12.0822905124357 98.6936907695111 0.0000000000000000000469018285820069 0.000000000000000000329128484049388
"eutB" 1.75990040667934 7.99642107644217 95.6650957516168 0.000000000000000000144926985467481 0.0000000000000000010082420454505
"metQ" 2.2993702229614 8.10467557439487 94.8039234546243 0.000000000000000000200092244815691 0.00000000000000000138012343219028
"rpmF" 2.16261199415412 9.80704760416893 94.2034700084547 0.000000000000000000250670663994812 0.00000000000000000170681745643283
"ygfB" 1.40954681173566 7.60402976823538 94.1927001544463 0.000000000000000000251686836822189 0.00000000000000000170681745643283
"atpH" 2.48866883299186 9.22534781581386 94.122387337721 0.000000000000000000258423874116241 0.00000000000000000173790055343172
"yidB" -1.80053307791361 5.89132592628955 93.49822193575 0.000000000000000000326791429987311 0.00000000000000000217950978512199
"glcG" -2.12914329215824 4.53436926833097 93.4211326548675 0.000000000000000000336413418185776 0.00000000000000000222529203668788
"guaA" 2.79755909398662 9.73916615330075 93.0612474759465 0.000000000000000000385251432840637 0.00000000000000000252762525449101
"mtr" 6.03319712525155 10.9921448788546 92.7507104552911 0.000000000000000000433102892031944 0.00000000000000000281866156346596
"yqjA" 1.20494345108194 7.46695092656877 92.7184176762378 0.000000000000000000438410781735771 0.00000000000000000283038000688614
"gdhA" 2.63337473435451 8.80978358154921 92.3166228233532 0.000000000000000000510203164287341 0.00000000000000000326772979031654
"gatY" -3.54504599216365 12.3961192135178 92.0130624848232 0.000000000000000000572206138155421 0.00000000000000000363598703536555
"adeD" -2.3569817819338 4.94150753602782 91.7346153122004 0.000000000000000000635739376753074 0.0000000000000000040081381018729
"hflC" 1.64010364412402 9.03076940298772 91.5605557536325 0.000000000000000000679018529272344 0.00000000000000000424781359009908
"dsbD" 1.87332307883282 6.62830931555402 90.8141716925007 0.000000000000000000900934631038889 0.00000000000000000559272497883372
"tig" 2.52680467874892 10.745718466734 89.7479070327779 0.0000000000000000013508110054826 0.00000000000000000832140825514851
"yniB" -1.59786357953388 7.24272416449335 89.4493005318376 0.00000000000000000151339448743509 0.00000000000000000925234357090997
"cycA" -2.11418517552331 8.37066921504806 87.7097431107856 0.00000000000000000293991154387007 0.0000000000000000178384106458883
"atpE" 2.2868499427006 9.11790816681776 87.4557442293731 0.00000000000000000324013641898362 0.0000000000000000195133588814909
"nrdD" -1.74912078681784 9.33606185891302 86.7055154643112 0.00000000000000000431991821812741 0.0000000000000000258235111261394
"sucD" -2.00364594239051 9.38940012871627 86.1264841630716 0.0000000000000000053959729091239 0.0000000000000000320187510122278
"rplM" 2.57557964181321 10.8619846257051 85.4216267101221 0.00000000000000000707740827863939 0.000000000000000041689550955197
"yjfN" -2.57868873217246 7.98167497052888 85.257226050295 0.00000000000000000754025013658191 0.0000000000000000438610374232846
"sapB" -1.2707479794959 5.92357086227218 85.2522410818696 0.00000000000000000755475117947529 0.0000000000000000438610374232846
"yifL" 1.54048375211755 6.44165985728179 85.0195836752724 0.00000000000000000826375020223975 0.0000000000000000476346172371963
"arcA" -2.19247979825647 10.0237653749894 84.9148203018592 0.00000000000000000860454270002652 0.0000000000000000492472763044071
"hchA" -2.21453404459159 8.32536520447608 84.8438774722413 0.00000000000000000884332591694118 0.0000000000000000502574930631798
"atpB" 2.19932992148673 9.35775335437161 84.082041122136 0.000000000000000011869478431282 0.0000000000000000669836999583535
"mtlA" -2.32054077127705 8.62519819213126 83.7568400531745 0.0000000000000000134610436748379 0.0000000000000000754379322610708
"hokD" -1.75718707158008 9.36603076863457 82.6646663095667 0.0000000000000000205584927895667 0.000000000000000114418646077106
"rpsQ" 2.39406563074246 9.79257823921887 81.9814924686848 0.0000000000000000268122330245294 0.000000000000000148201863361611
"yfdC" -1.61706321340406 6.60010688849023 81.6960278288697 0.0000000000000000299638476768269 0.000000000000000164495408674825
"araB" -4.44223293694854 10.6495327854225 81.6507107357528 0.0000000000000000304974313729808 0.000000000000000166293426472942
"dtpB" -1.38789854936099 7.14658466004154 80.8345562978967 0.0000000000000000419273466052173 0.000000000000000227083011479264
"osmY" -2.46367437104337 11.2096029131946 80.7585057359725 0.0000000000000000431912028698886 0.00000000000000023236867144
"ppc" 2.40303168511594 10.4852940904465 80.4829582789113 0.000000000000000048100725806431 0.000000000000000257068117389336
"rfbA" 1.76950590052399 7.31934237897033 80.1459837953275 0.000000000000000054876106898875 0.000000000000000291348804390738
"glyQ" 1.60012357995827 8.86739915510656 79.8935377801663 0.0000000000000000605753982351595 0.000000000000000319505531867802
"waaH" 2.55767379185988 3.37189176989524 79.0450918185096 0.0000000000000000844810794881235 0.000000000000000442702799655296
"cdd" -2.26754782323296 8.35998539345867 78.8957192515755 0.0000000000000000895840578379876 0.000000000000000466415062421006
"lpxA" 1.30354692211135 8.64609011705 77.0832353473673 0.000000000000000182898047095126 0.000000000000000944326998798424
"cydB" 1.55491565475901 9.12062566273174 77.0719261126512 0.000000000000000183716652802172 0.000000000000000944326998798424
"dusB" 2.45141911132218 9.02956483707283 76.6156191257323 0.000000000000000220017490187606 0.00000000000000112376021886961
"ydcV" -3.05940012933996 4.58899034411122 76.4545243774057 0.000000000000000234492567016485 0.00000000000000118563801964055
"csdE" -1.17810376807755 5.48106868978727 76.4482998336644 0.000000000000000235070734996888 0.00000000000000118563801964055
"yebC" 1.33115376090521 8.03220917288535 75.7991039366905 0.00000000000000030398503875806 0.00000000000000152370140545189
"ypfJ" -1.16207049984852 8.13753737613088 75.3439628657363 0.000000000000000364134453693499 0.00000000000000181392903784354
"arcB" 1.10467028240238 7.82455367559507 74.5967906535419 0.000000000000000490022646629321 0.000000000000002426063041901
"mipA" 2.27759223601324 8.90752893726639 74.2542853705609 0.000000000000000561600033029235 0.00000000000000276348308935727
"fbp" -1.38339080524303 8.0778007172932 73.871740537455 0.000000000000000654083330511923 0.00000000000000319906210741286
"atpA" 2.57782048935838 11.269458219416 73.2821962372543 0.000000000000000827590271157659 0.00000000000000402328523388091
"topB" 1.38239012606418 7.67074550137706 72.8836844907978 0.000000000000000970491108589255 0.00000000000000468973847084748
"hflK" 1.64654630267446 9.89910242210094 72.2685055860485 0.00000000000000124149299113033 0.00000000000000596360026096536
"yraJ" -1.4502628899839 5.86832212315317 71.6019972525301 0.0000000000000016219944522515 0.00000000000000774526344950865
"atpC" 1.91874175411222 9.24038556691598 71.2580648540118 0.00000000000000186232447996365 0.00000000000000884056385488627
"dgcZ" 1.5896659385347 5.38435912088537 71.1352727787398 0.00000000000000195656532130495 0.00000000000000923361528826372
"glpX" -1.84947498178892 6.17696408587702 71.0476843100531 0.00000000000000202671140785792 0.00000000000000950904712872872
"bssR" -2.68508540972388 10.5507196911938 70.0569124662449 0.0000000000000030207986270734 0.0000000000000140516737579204
"trpB" 5.33829840400457 10.8041486760926 70.0495957575234 0.00000000000000302972891434714 0.0000000000000140516737579204
"rplB" 2.77401987662423 11.7407462899355 70.0313404951101 0.00000000000000305212623955727 0.0000000000000140746621447012
"sucB" -1.93608739694936 9.96681991015932 69.5031715358859 0.0000000000000037777028995273 0.0000000000000173216263631735
"cysS" 1.92417365772665 7.20240817893983 69.2755966530042 0.00000000000000414175735445565 0.00000000000001888360556523
"trpA" 5.31719585580876 10.2752438852625 69.0680035549274 0.00000000000000450461695938181 0.0000000000000204226173383209
"trpE" 7.93411169136251 11.036686397067 69.017021127101 0.00000000000000459852836682091 0.000000000000020731912804606
"tisB" -1.8244696082549 5.98788933964556 68.5603525457833 0.00000000000000553285743501038 0.0000000000000248056441669632
"mtn" 1.36258314182458 7.93147953504053 68.2034779010674 0.00000000000000639448487261439 0.0000000000000285102170839769
"trkA" -1.00813161912476 7.38110864353215 68.1613307537261 0.00000000000000650479395718376 0.0000000000000288426852936664
"gabD" -2.78184384557363 9.95884884463856 68.0046845227936 0.00000000000000693185298999111 0.0000000000000305043888095015
"focA" 1.49851548693582 9.08715684177247 67.9964205099477 0.00000000000000695515184751955 0.0000000000000305043888095015
"rplV" 2.7379047690773 10.4433096672378 67.9296080698644 0.00000000000000714643878607338 0.0000000000000311739248668174
"prmB" 1.75844763790917 7.23939512553375 67.8145665484272 0.00000000000000748831690305981 0.0000000000000324896330148885
"yceD" 2.02799648704381 10.5056149619145 67.6684697745297 0.0000000000000079463515797365 0.000000000000034292543983141
"glgS" -2.36549927505182 5.94882706334752 67.4615814584873 0.00000000000000864371051937159 0.0000000000000371035871762387
"tyrA" 5.73684463042986 10.5297232063022 66.9922826189994 0.0000000000000104630251295157 0.0000000000000446754565053924
"purA" 2.11536900310772 11.042122427538 66.8911936029487 0.000000000000010902914567067 0.000000000000046308695029595
"ycaP" -1.66962769487283 5.23759773379961 66.6731274351111 0.000000000000011916362676061 0.0000000000000503481920396923
"ycfH" -1.54833673864443 8.92733966376963 65.7693740917719 0.0000000000000172347679743557 0.0000000000000724398841422138
"dcrB" -1.19579758204708 7.1810161990593 65.609144627503 0.000000000000018402065994833 0.0000000000000769454262063743
"rpsC" 2.59363101308474 11.4805004268453 64.9458282658073 0.0000000000000241459121680198 0.000000000000100442016080371
"dld" 1.62668776782929 8.62852323705832 64.363539199823 0.0000000000000306629723633657 0.000000000000126897531780698
"rplP" 2.3639828274059 10.7570482535552 64.292997039382 0.0000000000000315644877195322 0.000000000000129961946886033
"uxuR" -1.21952063186597 6.62547588325724 64.42981465935 0.0000000000000329817321854015 0.000000000000135107907987914
"aceF" 2.36069739330821 11.3188882820232 63.8206892829429 0.0000000000000383292118629459 0.000000000000156220575623219
"rplD" 2.89179957964089 11.157701862447 63.7897123604081 0.0000000000000388208733366938 0.000000000000157429370767396
"ymgE" -1.97073983636109 6.53527218424785 62.4371724384165 0.0000000000000678098941946685 0.000000000000273612923075487
"metE" 4.01494313476534 10.5585756069443 61.9216194809376 0.0000000000000839269229880822 0.000000000000336960332593942
"ygeA" 1.89554652172011 6.52477795610492 61.9053222209532 0.0000000000000844950503934088 0.000000000000337561909244955
"ycaO" 1.99423611532233 7.4199136875359 61.5821364276652 0.0000000000000965976087868552 0.000000000000384011183699469
"mukB" 1.41767777298055 9.20851548352885 61.5424680068234 0.0000000000000981987968208471 0.000000000000388462887423645
"pepD" 1.55677737692876 9.92300345792421 61.2045194586262 0.000000000000112971675306102 0.000000000000444722643765973
"pheS" 2.7095017380438 8.34526241266919 60.4362318221058 0.000000000000155447492687765 0.000000000000608961779606925
"pncB" 1.79191003871124 9.07778288263028 60.367232036247 0.000000000000159974056478718 0.00000000000062330848206737
"ackA" -1.91697486125516 9.87991017576023 60.3570305914638 0.000000000000160654478649335 0.00000000000062330848206737
"pepP" 1.4122732423302 8.88838345499325 60.319626646251 0.000000000000163174318686686 0.000000000000630055862106007
"allR" -1.74048442356688 9.29822545491169 59.9862832967036 0.000000000000187466634763526 0.000000000000720407496448406
"rpmC" 2.01044328569792 9.19698520519291 59.1891381325733 0.00000000000026141019165712 0.000000000000999801064773913
"relE" -1.50047202989601 9.25855058584943 59.0557698078076 0.000000000000276387379553227 0.00000000000104949716303845
"manX" -1.97800819996869 9.37551505007804 59.0504291123732 0.000000000000277004827419072 0.00000000000104949716303845
"zapA" -1.67849802486325 9.46953133833419 58.9108332479867 0.000000000000293646339069267 0.00000000000110734857770513
"mrcA" 1.65077729055812 6.61489744370835 58.7776946363164 0.000000000000310456403252509 0.00000000000116509348070941
"oxyR" 1.40324711807983 7.24231534039744 58.767011456926 0.000000000000311846582197315 0.00000000000116509348070941
"araA" -3.32668863561542 10.6943851110085 57.9920626575523 0.000000000000468990803349707 0.0000000000017441270889549
"accC" 1.80804676322086 9.67557521954752 56.7735839124293 0.000000000000719780437960342 0.00000000000266450831850457
"ybaY" -1.78520982211694 9.76137435480589 56.6314527666911 0.000000000000764173262479685 0.00000000000281592613160322
"ibpB" -1.96275292369618 8.1889738588314 56.6106569757602 0.000000000000770896071504851 0.00000000000282778695320189
"rplC" 2.63156367501933 11.6764811270822 56.5102923989449 0.000000000000804189407442806 0.0000000000029365649403002
"rplU" 1.94487594906868 10.2002700486447 56.3459266050836 0.000000000000861873696715562 0.00000000000313302735697954
"aceB" -1.95746489013026 10.5838607236079 54.058894265694 0.00000000000226869061178299 0.0000000000082100149045241
"umpH" 1.06475547142149 6.81975883452705 53.4877039973188 0.00000000000289240011230172 0.000000000010420387904587
"manZ" -1.69897314772391 8.96751965291337 53.4741143565955 0.00000000000290917924032435 0.00000000001043425620863
"macB" -1.27415924606872 8.58562490551827 53.4363882519192 0.00000000000295627571382729 0.0000000000105562588542417
"yedP" -1.63417712674866 8.57634927283786 52.8522385330899 0.00000000000379184785852703 0.0000000000134802696996974
"serA" 2.10236142896207 10.7735041982594 52.8225430767946 0.00000000000384018571219922 0.0000000000135922362708104
"gabT" -2.40991289790017 9.91572327809715 52.697360481286 0.00000000000405088033583592 0.0000000000142753730612209
"ydeJ" -1.38669622041652 4.50710107699912 52.6448105186705 0.00000000000414276424184856 0.0000000000145356988833556
"metG" 1.73591272418199 8.97144124309984 52.0754343208405 0.00000000000528375964143119 0.0000000000184588486174674
"araG" -2.07831977695282 7.793549994063 51.8168358438292 0.00000000000590195705018178 0.0000000000205296523254168
"uxaA" -1.25609106514901 8.02640816971415 51.6412427712493 0.00000000000636281211438299 0.0000000000220377226450947
"sfsA" -1.65716890043353 7.97439463198347 51.6048793978557 0.00000000000646269460816419 0.0000000000222880108922586
"lacZ" -3.32667128690297 10.9335277573485 51.4160359080655 0.00000000000700740114825775 0.0000000000240637137304
"dnaE" 1.02459769955802 8.63045392153577 51.1598496852565 0.00000000000782112099876615 0.0000000000267442569745944
"thyA" 1.17179005299309 7.20913065637672 51.0646978383325 0.0000000000081470564600938 0.0000000000277412428831042
"yqjC" -1.47132513156678 9.12137065125706 50.6895559032332 0.00000000000957118255615373 0.0000000000324535475748574
"pspD" -1.36492160386876 7.7110922711308 50.6082314645913 0.00000000000991162153400163 0.0000000000334672743846833
"epd" 1.45786570981364 9.47219528952647 50.585457984777 0.0000000000100091250547409 0.0000000000336556829965663
"fabR" 0.979574774060369 6.9866294670726 50.5042046773107 0.0000000000103649541261479 0.0000000000347075434846529
"ygiW" -2.16247613052262 10.2797730407936 49.7740576614442 0.0000000000141934606495618 0.0000000000473310857198198
"hldE" 1.06275922220614 7.85178663425308 48.6475744505277 0.0000000000230884000722566 0.000000000076676291597988
"asd" 1.69331350133058 10.1138629783691 48.5943972303974 0.0000000000236259514581734 0.0000000000781399296178112
"ydgJ" 1.15566996366933 7.5128165206284 48.1278702573168 0.0000000000289174385714933 0.0000000000952505017436535
"uvrA" -1.25204249242383 9.78227664154405 47.8206837594955 0.0000000000330393111184626 0.000000000108385057205688
"kdpC" -1.43600789716333 3.71387885769304 47.5026495020297 0.000000000037932507296372 0.000000000123933333555353
"yhhA" -1.69861684792611 8.39347710705132 47.4789792519031 0.0000000000383246669727566 0.00000000012470970260893
"rluF" 1.18510248795323 5.98390381248967 47.3892761676985 0.0000000000398482944477047 0.000000000129146882005212
"kgtP" -1.64846483930882 10.5949501505489 47.3708431183215 0.0000000000401688701099606 0.000000000129665112714953
"rluB" 1.49954015909232 7.27896127915923 47.0278300715375 0.0000000000466322641292951 0.000000000149929231682634
"umpG" -1.02924016733981 6.71547282255917 47.0122560411297 0.0000000000469494356284224 0.000000000150349978381496
"uxaC" -1.35591582908255 8.64511552567069 46.7266030640089 0.000000000053168516587928 0.000000000169592857258727
"ybfA" -1.77337492588673 6.46703612089368 46.39957648855 0.0000000000613155449505823 0.000000000194809625098897
"rpsF" 1.89215097863269 10.8011103280905 46.244282586325 0.0000000000656141626102246 0.00000000020764952637824
"mreB" 1.37480612933655 8.9850361484213 46.0133615537317 0.0000000000725747212220483 0.000000000228780468852316
"glpD" -2.71343365965986 9.69979850117953 45.9734365886477 0.0000000000738515624907963 0.000000000231899653424407
"kbl" -0.997102870145776 8.06267759291106 45.7423215544533 0.0000000000817008427441991 0.00000000025555263602546
"copA" 1.11364576006753 8.80821877473804 45.7313910926464 0.0000000000820922369974193 0.000000000255785464312422
"htpX" 1.32083941017921 10.6637925694866 45.6577639702305 0.0000000000847783658685059 0.00000000026291627178992
"rpmA" 1.58298084386441 9.51768374099158 45.6509229884225 0.000000000085032400169974 0.00000000026291627178992
"malT" -1.58198340882258 8.52969289757889 45.5400181980275 0.0000000000892595011860474 0.000000000274932891057787
"relB" -1.23576244819997 7.70573689185478 45.1510909981999 0.000000000105830297353248 0.000000000324734030281638
"potB" 1.96993390866285 6.27442813282683 44.995909728495 0.000000000113278347993326 0.000000000346271313752327
"dfp" 1.02427002798471 6.96850718934487 44.833977875108 0.00000000012161474206217 0.000000000370351308845928
"yjdN" -1.48017494787736 8.40434747108506 44.8100989856353 0.000000000122895331456876 0.000000000372844107089094
"serS" 1.45845181705488 10.1861747383254 44.7204019906308 0.000000000127828304227576 0.000000000386357458845145
"ppiD" 1.18004719999982 8.66867641898622 44.3444511789468 0.000000000150773140867509 0.000000000454007181642089
"dapE" -0.857278242615289 6.96450036069117 44.2171991714658 0.000000000159446139933555 0.000000000478338419800665
"ybhF" 1.17773423572581 7.6439338222673 44.165692144117 0.00000000016309810282692 0.000000000487482107338238
"rpsR" 1.65715954878038 9.40148255997174 42.9281681800629 0.000000000281383015524307 0.00000000083791916431039
"def" -1.01836954501214 8.54947867696164 42.1685047286119 0.000000000393748906119072 0.00000000116821826190475
"bamA" 1.35212009864638 10.5670902895937 42.1407952005433 0.000000000398611372506697 0.00000000117831273850881
"ibaG" 1.46288553087294 6.14659343406237 42.1098038885755 0.000000000404121495072051 0.00000000119024104570491
"yqjD" -1.42871580938835 8.7603203516923 42.0072655811863 0.000000000422905792151316 0.00000000124103627005859
"recQ" 1.45221873862293 6.51403725640089 41.8533595077076 0.000000000452766314365698 0.00000000132384933222144
"pssA" -0.939058515856091 8.61623028002058 41.4415505905298 0.000000000543550077131767 0.00000000158355563987486
"yfeX" 0.9148501578299 7.33535206713278 40.5729063142954 0.000000000799918114428415 0.00000000232206445447385
"ldtB" 1.12855171646932 8.02776138381864 40.4474315769436 0.000000000845920916324057 0.00000000244680351065776
"slyD" 1.19479376711554 9.85021268599538 40.3953588971482 0.000000000865787252005626 0.00000000249532254417336
"fetB" 1.33601645267536 4.44806317968114 40.348466939161 0.000000000884079427947591 0.00000000253897543898116
"rplI" 1.61551691560773 10.2658978256383 40.1846596267551 0.000000000951093495259463 0.00000000272174627898719
"fadM" -1.34438069184432 3.66929717874668 39.6232511095451 0.00000000122214939292988 0.00000000348506911694139
"rpsP" 1.51690350843699 9.37001690302347 39.4948918178601 0.00000000129436122603492 0.00000000367799123031754
"rimM" 1.63629044392866 10.8673986431698 39.3450378744748 0.00000000138412990529261 0.0000000039192731002496
"ygiM" 1.08326629513979 6.82946566988865 38.5434362112736 0.00000000198259451059539 0.00000000559424395122547
"deoD" -1.41169040978985 9.82028776744673 38.3525726590342 0.00000000216003879702567 0.00000000607369794146242
"tmcA" -0.781715041031173 7.10011410296273 38.0747703842994 0.00000000244734335685526 0.00000000685766003118819
"yiiM" -0.834938006774952 7.17947267226581 37.9746441947381 0.00000000256009416140413 0.00000000714877504585859
"mutS" 1.2761935394997 6.63922468667627 37.6863149169884 0.00000000291492215254349 0.00000000811152474862965
"znuA" 2.37865026986398 11.2999521851449 37.5343239129465 0.00000000312153139636581 0.00000000865661799610725
"nrdA" 1.34489392643911 8.66232130499079 37.3780253430103 0.00000000334941889563048 0.00000000925678441360889
"pykA" -1.0457641540109 9.28708090379068 36.4355461622736 0.00000000512731438931407 0.0000000141219887787592
"minC" 0.847578419510075 7.59844981833468 36.1615234115143 0.00000000580473065602356 0.00000001593339333133
"gpsA" -1.01564440518233 8.89823296408575 36.1379546991232 0.00000000586705323625161 0.0000000160498710564578
"yncE" 1.99376728043089 10.0366011307557 36.0528195688303 0.00000000609785167420627 0.0000000165756403688347
"lysS" 1.36410484046628 9.74331722600052 36.0519236301548 0.00000000610032861157857 0.0000000165756403688347
"araD" -3.16354911428005 8.56669262977824 35.3699731473267 0.00000000871448694573276 0.0000000235992985409609
"cysB" 2.05726580328659 6.97123637202408 35.1616202645926 0.00000000913954448606154 0.0000000246676000008417
"gstA" -0.936715750533374 7.75514422791831 35.1057561148758 0.00000000937479375421831 0.0000000252181951988473
"yodD" -1.6243295978919 9.18968951068207 34.905439667767 0.0000000102697207473064 0.0000000275337695783264
"fruA" -1.77743834419735 10.7628064426027 34.8160354060444 0.0000000106964947717281 0.0000000285830174860417
"aceA" -1.63250613891526 10.465738591774 34.7426617944284 0.0000000110600831844457 0.0000000294570532338207
"galT" -1.08989611378966 6.01340656828656 34.039431542144 0.0000000152442950309759 0.0000000404675858223605
"opgD" 0.851848319356216 7.27872945729968 33.9921312138631 0.0000000155773735074882 0.0000000412161981001409
"fabB" 1.27730221732866 10.2918451238249 33.9338110241275 0.0000000159981769868917 0.0000000421912706811163
"yfbR" 1.21867912751029 5.0127213776345 33.9160023469371 0.0000000161289453273553 0.0000000423975859256539
"apaG" -0.699793092949106 6.84635342206364 33.8904674910509 0.0000000163183305260127 0.000000042756145241858
"cyoC" 1.43142290971587 8.75114007719951 33.7957460888477 0.000000017040663440759 0.000000044504256947225
"livJ" 2.02172413555004 7.56144205193554 33.7083710272477 0.0000000177355521349255 0.000000046169647009306
"potE" -1.17446438045686 3.88852139163388 33.6989951137249 0.0000000178117965325102 0.0000000462190347322692
"mlaC" 0.776317908577396 8.11294556945962 33.0890695760736 0.0000000235533537380755 0.0000000609216553417529
"nhaA" -1.07286570272213 9.26059497590855 32.9108200496717 0.0000000255606718548779 0.0000000659024351018738
"thrS" 1.31065901612977 10.8240820483359 32.8642742742509 0.0000000261126899163405 0.0000000671112763136522
"secD" 1.220413964991 8.77796462424532 32.2749306697569 0.0000000342369890732011 0.0000000877119053399153
"deoA" -1.19332195060673 8.84700714452134 32.2529401783876 0.0000000345852384015135 0.0000000883236942722196
"mdtB" -0.769929570065976 6.031947282163 32.2305424763617 0.0000000349436108318628 0.000000088957394136635
"purL" 1.86359160291728 10.0940327351079 32.2050111847295 0.0000000353566941932744 0.0000000895824824628773
"gsiC" 1.80430168923294 6.04335054489285 32.201666873876 0.0000000354111671693406 0.0000000895824824628773
"mqsA" -1.31377419500177 8.39045520170231 32.0724729545468 0.0000000375816225779171 0.0000000947761544386846
"nlpI" 1.18504190592666 10.1481203823799 31.9926757078978 0.0000000389887833383632 0.0000000980185300749505
"rpsD" 1.49023132597706 11.8305111495769 31.8812541059591 0.0000000410430255293289 0.000000102862489447728
"rpsK" 1.44729919673151 11.1989829643825 31.7329330353436 0.0000000439480860167585 0.000000109802183948991
"yceH" -0.864246415566005 6.69705218884811 31.6043622923419 0.0000000466337576745509 0.000000116152600133835
"pdxB" 0.812903384506465 7.97951261562375 31.496303513801 0.0000000490186904012372 0.000000121717178934764
"ytfK" -1.84790745725963 9.14751292549961 31.3875241142969 0.0000000515438999630274 0.000000127594868926881
"bamC" 1.07485596735229 9.07675697427982 31.3751881103402 0.0000000518384334382527 0.00000012793154674211
"ddlB" 0.81750492930703 7.62139107432701 31.35240188329 0.0000000523869486264725 0.000000128891059577937
"ldtE" -1.57823145197324 10.4343881416169 31.2772888687831 0.0000000542369040489744 0.000000133037026041101
"iscA" -0.873463692056215 8.46484154279903 31.0849289063601 0.0000000592808443263606 0.000000144968610216282
"ugpQ" -0.914679544172105 6.28761802890653 31.0771118256847 0.0000000594955449549794 0.000000145054092986913
"rplF" 1.52316250505197 11.2318068138243 30.7196914882715 0.0000000701984493413517 0.000000170632977766478
"fhuF" 1.20135051625818 10.0898489707861 30.4639396277773 0.0000000790316501400503 0.000000191527152141203
"csiR" -1.11024276720625 6.89103411745804 30.2947437243854 0.000000085483946891091 0.000000206543548326678
"yajO" -1.202650230126 9.38045834165137 30.2864783434047 0.0000000858124305321845 0.000000206718302804397
"mqsR" -1.32416837236397 8.34934973783773 30.2447850605866 0.0000000874889310129856 0.000000210129664665117
"yrbL" 1.12023190838466 10.5653404099091 29.9838019088779 0.0000000987610510969379 0.000000236499015534804
"proS" 1.14618421759803 9.42930056187653 29.8947690778431 0.000000102932935457628 0.000000245759996787887
"paaJ" -0.926478164054501 5.6755438721099 29.6623443029107 0.000000114681831834921 0.000000273003652775165
"ybiT" 0.903925960660946 8.08455218176601 29.5483721249567 0.000000120928696679279 0.000000287027818294643
"rpoC" 1.54067217633587 12.736857499872 29.5280487519593 0.00000012207818992792 0.000000288906449477512
"mepM" 1.52063584000885 9.35752956672274 29.5098196545997 0.000000123118609578689 0.000000290516719093574
"cspE" -2.48221058596577 11.002306601089 29.4906538880326 0.000000124222141777156 0.000000292266088671034
"rplR" 1.41726801373623 10.3532967001573 29.460983546838 0.000000125950232377775 0.000000295470457932746
"fdhF" -0.846270995816747 5.64220085282208 29.319512102442 0.000000134529633964261 0.000000314682361185968
"yfcZ" -1.17097162800409 5.82814738813742 29.2037526165473 0.000000141986974791272 0.00000033116615218658
"polB" -0.712996205649803 7.31660020646634 29.2158785497547 0.000000143514569284175 0.000000333764430583082
"ftsK" 0.799206086859229 9.15661975478622 29.1126428908242 0.000000148148749507527 0.000000343551841530386
"uspA" 1.34892271060938 10.3203093119248 28.8905654371703 0.000000164323073565874 0.000000379967680136563
"rplX" 1.48133618082086 10.7986093808887 28.8046498589416 0.000000171048642011809 0.000000394389297438656
"rpoH" -1.15405629898719 10.316872910578 28.5718433894782 0.000000190703407318765 0.00000043845484246793
"secB" -0.85607934475393 8.87604830330663 28.5388516197791 0.000000193667478127861 0.000000444004701276091
"pabC" 0.896130073898253 5.46728751094215 28.4792216661722 0.000000199143290862369 0.000000455265257013971
"maeA" 0.830177609547586 8.47379919641468 28.0952576705128 0.000000238348554895315 0.000000543353909041014
"tufB" 1.43151377886015 12.454478404148 27.8679427095787 0.000000265142927124292 0.00000060273335827973
"yfhH" -1.10709573562674 4.46653879388035 27.7344959798361 0.000000282269101869645 0.000000639862823620234
"groS" -1.42614049741914 10.2998087998909 27.4648315965625 0.000000320363837328085 0.000000724183800346679
"marC" -0.872785949485136 6.57079762456124 27.1143169666542 0.000000377751748295845 0.000000851524192387561
"bamB" -0.873884933071584 9.33834366619264 27.0060733232723 0.000000397492379052285 0.000000893527437033966
"yhgE" -0.822693777521987 5.00374053975959 26.9099027453861 0.000000415903642414707 0.000000932317331746302
"lpxM" 0.705455806120774 6.95276112197279 26.8539268062464 0.000000427013885489633 0.00000095457120662087
"spoT" 0.939445943127049 8.94988140302668 26.7504306990625 0.000000448351494582687 0.000000999501812508918
"ftsA" 0.731277418163543 8.54613105893806 26.6180190297486 0.000000477228293917235 0.00000106094554598129
"rpmJ" 1.19307631318517 9.6546234647188 26.6091607484081 0.000000479225862714152 0.00000106245953629209
"yeiI" 0.90810848453835 5.60147738808308 26.4279074425291 0.000000522004969408557 0.0000011541315351033
"tmk" 0.768035885091527 5.97811657967737 26.3345538670559 0.000000545522230211441 0.00000120283180267932
"sstT" -1.12202269570467 9.40766847250563 26.2698551376536 0.00000056244582817096 0.0000012367678019999
"yciS" 0.748975947655966 6.94941864705412 26.1612645965 0.00000059205080507881 0.0000012983288035288
"iscS" -1.06556988771053 9.80605742246708 25.8488132436338 0.000000686314060967795 0.00000150096327154745
"ftsQ" 0.701865026912601 7.89343973955774 25.5508586646731 0.00000079030708607682 0.00000172372383368647
"lpxC" -1.36165219456807 12.0378343053178 25.4873826508099 0.000000814442346669333 0.00000177157674868505
"rplN" 1.33079608132991 11.0841939957514 25.1851437775547 0.000000939981528791382 0.0000020391534777813
"tsf" 1.15371887719575 10.494078566921 25.0019267924962 0.00000102542400869159 0.00000221854470513166
"hdhA" -1.04099630330876 8.06588177828304 24.8726579091123 0.00000109038955835327 0.00000235279244275691
"ribE" 0.775827844868572 7.78384281361386 24.7528243515794 0.00000115432249432242 0.00000248410200778184
"ybcM" -1.27841234468383 3.74656173564834 24.7466735112789 0.00000115770438185773 0.0000024847538195723
"rpsN" 1.38582331150269 10.9408358032211 24.3817874069403 0.00000137732009076871 0.00000294826873541207
"cheA" -1.26994296632008 3.55003148866053 24.3337222592699 0.00000140922946728524 0.00000300859306904548
"lacI" -1.27895066784036 9.62783519695004 24.1607088377241 0.00000153039966264314 0.00000325714856358445
"yebV" -1.66656003892875 10.3104703165629 24.1561575259954 0.0000015337254698415 0.00000325714856358445
"yobF" -1.58505306126708 8.61809736892649 24.1370295104594 0.00000154778300188119 0.00000327837501973261
"cpxP" 0.978358174223306 10.038914868846 24.0024897019397 0.00000165040603138099 0.00000348659075215826
"ybdK" -1.11151242394181 8.38952206063035 23.7074846770095 0.00000190015095465463 0.00000400371232482059
"rplE" 1.43524402914823 11.6006867399989 23.6692745130377 0.00000193517837188311 0.0000040668982971606
"rseA" 1.02345869756642 10.2896161211019 23.5501656751423 0.00000204860818751282 0.00000429409560343597
"tufA" 1.33372256599768 12.9674006310221 23.3967592767695 0.00000220465823618508 0.00000460922071658384
"rpoB" 1.38688698510408 12.856508309561 23.3218381339031 0.00000228518194768176 0.00000476522437152242
"tolC" 0.887500029183413 9.68228007771947 23.1571764658205 0.00000247275759921012 0.00000514308088289322
"rpsM" 1.26905648440574 11.2305441836067 22.8225166171767 0.00000290334850230599 0.00000602314200863993
"yidC" 1.18326334332623 9.31863321277022 22.3979487885634 0.00000356052353462118 0.00000736754485240844
"fepA" 1.87895873582379 10.5624468099036 22.2916139916709 0.0000037474627986155 0.0000077345331930504
"ybbN" 0.827776650226694 9.7669730729505 22.1478572073127 0.00000401606543767214 0.00000826776736786076
"deoC" -1.0284896864114 8.42414671962727 21.956893637358 0.00000440321953031069 0.00000904172560040897
"ibpA" -1.09215639446888 9.45664334096392 21.4465489235409 0.00000563351545328025 0.0000115386978954243
"lpp" -1.8920767799032 11.8942334884294 21.4154179315881 0.00000571894798297147 0.0000116840279044506
"cbpA" -0.921029069889603 8.68343109553163 21.3259117958275 0.00000597194588219385 0.0000121701018356829
"ileS" 1.00268575847984 10.7560975097107 20.9027006506389 0.00000733036057942617 0.000014900758155156
"gltS" -0.806245999998935 6.73253276746275 20.6983074103564 0.0000080943900578717 0.0000164124944138253
"smrB" 0.890363783906948 5.36616908383185 20.5057944546157 0.00000888756624818188 0.0000179756039154957
"gnd" 1.14420115548633 10.968425389246 20.2007198982605 0.0000103087292361213 0.0000207978612338748
"rplO" 1.30348305999833 11.273083825293 20.0098142009545 0.0000113128598836972 0.0000227667778706823
"rpoA" 1.33888202609835 12.6233318801035 20.000599561674 0.0000113637563576158 0.0000228123168671541
"yohF" -0.918334953683645 6.91820550250905 19.7949355469164 0.0000125620042052002 0.000025155179636716
"yohC" -1.26178406428865 9.80947004837556 19.7390928393937 0.0000129088849659317 0.0000257858172463042
"yfjL" -0.631001358517286 6.17916156739091 19.5504127871033 0.000014154216920362 0.0000282035877894621
"galU" -0.674607540379761 8.55613524109222 19.4446818527352 0.0000149044967359916 0.0000296254405565153
"pspC" -0.943869079956983 8.46914651199535 19.4360271852143 0.0000149676644822891 0.0000296778998457182
"kch" -1.06259831059281 5.07676103719575 19.3595551993726 0.0000155377104443965 0.0000307326772760489
"wzzE" 0.647763996297714 7.00172382611663 19.3523681753155 0.0000155924009661309 0.0000307654464050553
"rob" -0.654833891947525 8.80181141366968 19.3362325441731 0.0000157158973136937 0.0000309334856881726
"hisF" 0.881492960834789 7.03650599473233 19.325583395 0.0000157979435416768 0.0000310193198008106
"cysD" 2.63789325220584 9.09405389617661 19.1808864668662 0.000016956673691902 0.0000332136788091381
"aroP" 0.824492869567057 6.9838808808417 18.7576484465294 0.0000208640764118536 0.0000407683042720723
"ibsE" -0.757112574472795 5.41682001707989 18.6706765880043 0.0000217737003365047 0.0000424429376124621
"yohJ" -0.980212904289098 3.62840608897015 18.627533266882 0.0000222397137762119 0.0000432468651021759
"ycaL" -1.30811711161911 3.06893501244366 18.3320061637616 0.0000257151300861558 0.0000498848797584801
"rpsA" 1.303630466903 12.8756096673778 18.1452348655209 0.0000281901694942056 0.0000545550762154051
"asnS" 0.991132500868093 9.95504062215616 18.0059823951024 0.0000301912629059148 0.0000582879166628546
"wrbA" -1.0912402756 9.87094533868623 17.9701389962027 0.000030729216146098 0.0000591152469058112
"yniA" -0.923798124635417 8.82990155287222 17.9676916052317 0.0000307662995048832 0.0000591152469058112
"deoB" -1.12598569595993 11.3923972984666 17.9305572559857 0.0000313345558527178 0.0000600641011238557
"insL1" -0.686862084923609 8.57366461832149 17.784522972517 0.00003367424224673 0.000064396003538178
"ompA" -1.39818572704041 14.5755936314167 17.7766347678973 0.0000338055432006169 0.000064494263269262
"speC" 0.929824560992405 6.40522356985434 17.7059615787687 0.000035005278765053 0.0000666256131212211
"rpmB" 1.07808437997592 10.4986047729878 17.5155629475865 0.0000384564132753714 0.0000730219423840582
"fxsA" 0.777719527027809 7.00436658448309 17.4739940871652 0.0000392545819237945 0.0000743625530809911
"cyaA" 0.922803752143231 10.1321831562821 17.308328195931 0.0000426057405230963 0.0000805218562110977
"cysK" 1.67509147945838 11.6208533200297 17.1156876853728 0.0000468688098625922 0.0000883717980353083
"nlpD" 1.06127414239274 11.6371862273041 17.1080479088952 0.0000470465095540892 0.0000885000774129371
"ftsN" -0.741554908197518 7.18573692709411 16.9609294823169 0.0000506046994502166 0.0000949720754798251
"ycbF" 1.00012457490486 4.02012206251444 16.8973786254626 0.0000522248766725941 0.0000977853259275718
"yghA" -1.00828250842198 8.20072263418149 16.8594897623349 0.0000532157134026164 0.0000994099090646099
"ygiF" 0.548614289691979 7.01235347002865 16.7641460153557 0.0000557941248141928 0.000103985816916983
"ydjG" -1.48485195671114 2.55270089665667 18.3173311076989 0.0000582553075062624 0.000108322657045055
"rlmA" 0.968673874726592 5.24154782349599 16.6400673958193 0.0000593401091146132 0.000110086133460903
"eptB" 0.644015664722214 5.95550161400106 16.5497865472446 0.0000620629179553718 0.000114873336674278
"aceK" -0.798819080968189 7.95810864388013 16.3857696432738 0.0000673376155139088 0.000124351157253374
"prfA" 0.94481098240718 6.13438336911529 16.2998254874617 0.0000702805756543158 0.000129489553774048
"rhlB" 0.602752238079532 9.24589996712763 16.0538582921909 0.0000794437681599046 0.000146038999783697
"yecE" -0.702585423877697 4.79917139847353 16.017537158312 0.0000808958935838577 0.000148370423004939
"acrR" 0.63415337951001 5.83317780192061 16.0032213781738 0.0000814756024075679 0.000149094809847862
"xdhD" -0.591947225831118 4.82943801825139 15.9374554051563 0.0000841933133832951 0.000153719465837826
"yahO" -0.994332507631759 8.41762932617021 15.8704918186612 0.0000870549346924599 0.000158585400218544
"gpmM" 0.668168942575912 9.35304598458778 15.7301546378298 0.0000933759734946675 0.000169439898585227
"aidB" -1.03028084408029 8.55004178795471 15.7289242581356 0.0000934334013264262 0.000169439898585227
"ispG" -0.489118351445027 8.93298024988197 15.6661402290824 0.0000964118465678295 0.000174449238072284
"yshB" -0.769825975560792 6.24484959575308 15.647100730664 0.0000973339471115616 0.000175723703174564
"nagC" 0.448759630084335 7.48680335544013 15.6207270981141 0.0000986260292305828 0.000177658941047054
"yejK" 0.662944571165499 7.09355033265187 15.4037684880708 0.00010993696742604 0.000197592723191122
"yjbJ" -1.44437848012465 9.90717905317417 15.3369991198896 0.000113675980838029 0.000203858925636198
"fbaB" -1.09692278010586 10.6632073485842 15.3029787625691 0.000115630388702463 0.000206904043642767
"gloB" -0.817069719911047 5.82456167861125 15.2445579040321 0.000119066366692768 0.000212580880356336
"trpS" 0.708338715479429 8.26593048038939 15.2347499956987 0.000119653275168402 0.000213157159074836
"rpoS" 1.02880163784211 12.4367652236079 15.2007646395613 0.000121709749455165 0.000216343100903784
"fruK" -1.21383966657197 10.15064982381 15.1301600997346 0.00012609734569767 0.000223649577973669
"ybiB" -0.634273529612122 7.54893117627655 14.8838764907251 0.000142697022887793 0.000252536178663265
"seqA" -0.465271425706268 7.50581755169893 14.8716992585702 0.000143573028766651 0.000253530490622948
"cysA" 1.87896893682325 8.35475332608143 14.6223586373776 0.000162759581976835 0.000286783804924249
"ybdR" 0.718402181616357 8.50422021724776 14.5776045871797 0.000166469285057416 0.000292681292029052
"cysM" 1.80709061000072 7.53472931980144 14.4582094079729 0.000176791170385124 0.00031015320543651
"ispA" 0.659696642882062 7.40652973500003 14.4259228484248 0.000179692285213874 0.000314558946133614
"eptA" -0.983076771124763 3.59957260188371 14.3487842941218 0.000186820634891194 0.000326329550556697
"cca" -0.570335004803196 8.27994736034522 14.3247422072838 0.000189100471996651 0.000329598446871053
"sodA" -0.859714313293693 11.1912331061056 14.0739466253249 0.000214633736057732 0.000373193221119009
"cysN" 2.14114385810253 9.73494158346089 14.0702332679133 0.000215036986146641 0.000373193221119009
"obgE" -0.676663655378126 8.79958097978099 14.0603216019513 0.000216117106012196 0.000374262885304383
"cysC" 2.41250224577402 7.20268873871026 14.0405211509581 0.000218291361551194 0.0003772186911602
"lysU" -0.536134461426313 7.87204821717103 13.8068588319058 0.000245690017388717 0.000423657786394647
"pnp" 0.870181663980497 10.9725853936844 13.7815650480512 0.000248857964745187 0.000428205495840866
"menF" -0.601597046333233 7.72467843379763 13.7060211486417 0.000259098100458641 0.000444876951213028
"ybjP" -0.734385744581941 7.77283470992483 13.5908358089698 0.000274120409118084 0.00046967127422143
"csrA" -0.828062085600875 9.91840494930629 13.5599196936544 0.00027845393339255 0.000476085432728364
"mdtK" -0.435587948637834 6.85539242974681 13.4260786356426 0.000298031401830325 0.000508480636949412
"acrF" -0.674808013369223 4.51925130399048 13.3318497893107 0.000312647721614829 0.000532292639964487
"ivy" -0.711177759186882 7.78455483507693 13.1584878174468 0.000341468075320244 0.00058013628796513
"groL" -1.24414153700711 12.7565655279778 13.1106126458995 0.00034989247305236 0.000593200054103476
"crp" 0.583576910351759 9.20735549559673 13.0936787190579 0.0003529225346995 0.000596314923373192
"clpP" 0.694486324718183 10.088002678931 13.0920931943441 0.000353207600213613 0.000596314923373192
"murE" 0.540704801971982 8.10894520022271 13.0674018133695 0.000357677219976241 0.000602600243258511
"yfeO" 0.466533696599164 6.97978391950792 13.0325124296554 0.000364090982675421 0.000612127964623052
"yjjI" -0.55846458331131 6.10641948067528 12.9855295398621 0.000372912880244444 0.000625656329225086
"rpoN" 0.557701672883969 9.31335607101826 12.608238589149 0.000452110254474718 0.000756956380417215
"murD" 0.48461655194474 7.75061426872504 12.5790536764802 0.000458906925250401 0.000766745111132657
"yncG" -0.779830518432429 6.79421335616338 12.3509742131541 0.00051572851029064 0.000859902702075509
"ppsA" -0.691085332093004 9.03541196552973 12.3361965062652 0.000519647885545881 0.000864651223990775
"ybhL" -0.660373470740058 8.66261824288745 12.3300197714254 0.000521295050167823 0.00086560721293299
"yfaY" 0.446516338056938 7.07682548628382 12.2429266383523 0.000545093455317098 0.000903265746285211
"dppA" -0.960127133932684 10.4926736904524 12.180386316994 0.00056286143450362 0.000930797495172995
"pgi" 0.780695576973483 10.4674268660541 12.0356836743335 0.000606263609488745 0.000999182833666367
"arnC" -0.804745532352305 4.20409050296134 12.0594875575973 0.000607367743467448 0.000999182833666367
"iscU" -0.577456140515949 8.31734228574103 12.0303429530729 0.000607929084671854 0.000999182833666367
"pflB" 0.943388294126408 12.4104470746111 11.6604373775588 0.000735370578551087 0.00120618710750148
"phr" 0.578945045776026 7.22580925359722 11.3685923007029 0.000854885415376252 0.0013993763290236
"araE" -0.817997149154437 8.93738285090523 11.3505837425851 0.000862877624271561 0.00140959968175536
"icd" 1.03782489898992 11.6271573001968 11.2676427418366 0.000900680081774349 0.0014683814666503
"ybgF" 0.58554794509825 8.64101981941118 11.2036574944516 0.000930991611827775 0.00151473836843753
"yihD" 0.767009290216098 5.15087065717037 10.7894816370241 0.00115399609542836 0.0018737924527378
"rpoE" 0.684118960430159 9.85352510456477 10.7112628997678 0.00120187103926074 0.00194761029856107
"bioA" -0.486693526395823 7.74192068737974 10.6005585575465 0.00127311064978592 0.00205891842560569
"pal" 0.64195773835022 9.68059439928899 10.5244949308597 0.00132453907888542 0.00213780607332107
"ycfJ" 0.609654432360798 7.68060815060542 10.4646785793081 0.00136646604660982 0.00219669575223209
"miaB" 0.567275345066733 8.1579697835185 10.4634525518887 0.00136733940729955 0.00219669575223209
"ybjT" 0.465956921409042 6.77552780402231 10.4578016096945 0.00137137221577596 0.00219669575223209
"hslO" -0.551885513059115 8.92995049580424 10.4570436234382 0.00137191407574346 0.00219669575223209
"aspC" 0.798588026636421 9.49248549562661 10.44906707685 0.00137762949907455 0.0022014792193132
"rplY" 1.08028832850761 8.92832700459012 10.3912234459138 0.00141980881198356 0.00226439863887497
"dps" -1.18974101324252 13.3140360080207 10.3509499691376 0.00144995128133169 0.00230791061939777
"yggE" -0.495682975875553 8.50589451549043 10.3343031361336 0.00146260030824232 0.00232346151329046
"yeiG" 0.575763238418186 7.24902025845662 10.319039448463 0.00147429720223938 0.00233744173321646
"glgB" 0.613905348108867 9.79059283116984 10.2083164613023 0.00156205201762504 0.00246899655097734
"recR" 0.490808527675158 7.67418104361652 10.20667551893 0.00156339186809098 0.00246899655097734
"trxB" 0.636676214009523 8.01685852607772 10.1747261579051 0.00158971373871157 0.00250566208425828
"helD" -0.372585728987799 7.42159552301436 10.0576696373294 0.00169007493585703 0.00265865589324878
"cysJ" 1.74910509692802 9.37324833425987 10.0361831328972 0.00170918746660223 0.0026834908279144
"smg" 0.469018267261264 8.46079347708765 9.93843687333251 0.00179895645882532 0.00281894730538259
"ycgB" -0.900733135836437 10.4082873703475 9.93297967091428 0.00180410781194458 0.00282154070589007
"lplT" -0.45337340221689 6.32124449196402 9.92720411450539 0.00180957606988167 0.00282461873964122
"yoaC" -0.914664939047955 4.74412813248288 9.90612041719334 0.00182968191247318 0.00285048900263678
"ppk" -0.45846999945198 8.74428051056356 9.87508071983252 0.00185969760762115 0.00289166853439358
"rpoD" -0.71367910460238 10.9009623166189 9.87132581967839 0.00186336253881276 0.00289179532465749
"ftsZ" 0.637842140451794 9.86262944321828 9.83491545276557 0.00189928498690315 0.00294188672635479
"osmE" -0.872827089080948 9.99788845039553 9.81508780383826 0.00191914332991879 0.00296695146981697
"hlyE" -1.481639380871 2.20561894870042 9.74235922528973 0.00199381653103375 0.0030765008423408
"ftsH" 0.790996152058848 11.6503370652869 9.69844165393342 0.00204033786966273 0.00314227607026302
"ygdI" -0.791067956604492 8.63403041212703 9.6326521996476 0.00211211021098399 0.00324661512431253
"fhuA" 0.595265956232018 9.70691977894446 9.60632838009781 0.0021415451411109 0.00328560252638117
"roxA" -0.410438925413195 8.64912539285266 9.28847829879095 0.00253187813816494 0.00387708853415391
"ytjA" -0.768328786204137 8.66999737051234 9.2489509093027 0.00258525801816383 0.00395133185730722
"fbaA" 0.781374642330377 11.323882249872 9.20128740803565 0.00265115768683539 0.00404439367348991
"purT" 1.19148722580626 7.98445774660564 9.15109695053598 0.00272240859057353 0.00414525232564687
"hspQ" -0.749145352369649 10.5760150133573 9.10315175881053 0.00279230014503428 0.00424366519217073
"talA" -0.851856145971699 10.31544445576 9.0934828956327 0.0028066155996315 0.00425740373853876
"purM" 1.14064346004187 8.85873425768008 9.00874969653646 0.00293532424013945 0.00444429017221864
"insA" 0.527620985850514 5.38325888029812 8.98862520256739 0.00296677019452893 0.00448348978836113
"proQ" 0.506554716884184 8.70332222634743 8.90269562076435 0.00310496550968297 0.00468356479684889
"yneE" -0.565117644155502 5.28787871880376 8.80320348480151 0.00327322657932818 0.0049281601670109
"acnB" -0.745320869102481 11.109762561583 8.56647387115985 0.00371212488762638 0.00557855639537148
"gpmA" 0.768655252855672 11.5386111901974 8.50950364202659 0.00382646500609219 0.00573969750913828
"zntR" 0.398611355708372 7.36852134526251 8.50012391784639 0.00384563315500961 0.00575774759942997
"nrdB" 0.540098600569852 7.53250089135616 8.41584643357661 0.00402233381279793 0.00601115442023691
"ybeX" -0.544308549937187 9.69639368605386 8.2908230872252 0.00429991871029719 0.00641411164364109
"hofB" 0.684755968502834 3.83782828780122 7.94730987506036 0.00516820683530498 0.00769509763116443
"hslJ" -0.409927640569594 6.66175722536324 7.90328937315627 0.00529179978684434 0.00786460852298965
"yggC" -0.43182230232157 5.40233600964036 7.84330910033198 0.00546510062189748 0.00810723566520453
"mlaA" -0.384977715738312 7.54894415955755 7.79868447943311 0.00559780511253183 0.00828886004736364
"typA" 0.650817286682919 10.7334251056377 7.79052950446307 0.00562241152762329 0.00831004780731135
"ygaU" -0.735798829812154 9.85712718453055 7.72301932626945 0.00583042633231424 0.00860174415023326
"crr" -0.677780163107913 10.7048319084431 7.70442536676306 0.00588909496092198 0.00867244458661321
"tolB" 0.566284958790396 9.73068419124297 7.67120258479132 0.00599543496783909 0.00881296178332632
"speA" -0.564013942944912 10.2019750193768 7.63351544819949 0.00611845491265645 0.00897744202638865
"yeeO" -0.451068086331033 6.18736091178999 7.62557294294561 0.00614471024481788 0.00899960284495105
"yrfG" -0.412477996294812 7.33161020987728 7.55663295817497 0.00637752253095128 0.00932366065666247
"thrB" -0.645896552892731 8.0787135823604 7.53171523531627 0.00646388360189066 0.00942741193097076
"menA" 0.479011110360671 5.51671952952888 7.52943279318705 0.00647185403935291 0.00942741193097076
"uspE" -0.643353000081173 9.77003634606872 7.48959066686544 0.00661262387148672 0.00961511254826987
"lepA" 0.436711894320304 8.91248132726497 7.42395863270712 0.00685141392421393 0.00994440833964145
"pyrH" 0.571459151108273 8.3983538238743 7.32363301753367 0.00723369458792634 0.0104804156776599
"grcA" 0.57146551361187 8.63097991926857 7.31059315219422 0.00728496797166319 0.0105357870127817
"patA" -0.765289998480364 10.851963260969 7.14609596481789 0.00796484377326592 0.0114984417263427
"fusA" 0.792946837223127 13.4762101083395 7.05421422760686 0.00837269460686458 0.0120656509781066
"infB" 0.628802708674702 10.7313325034194 7.00404604514734 0.00860440099959248 0.0123774538443336
"plsB" -0.469284063936531 8.69570321382073 6.97183109061527 0.0087566616032642 0.0125740674623385
"pheP" 0.801209720007711 5.64507837184886 6.96485134623129 0.00879001485971137 0.0125995417260872
"yccU" 0.486702444645912 7.9304103535034 6.94496184128356 0.00888577814095563 0.0127142251059418
"acpP" 0.584711371798728 10.706709225567 6.74097219773909 0.00993229781872329 0.0141864855570083
"secY" 0.749246875413166 12.6278540988304 6.73101699127157 0.009986511918177 0.0142387192896976
"prs" 0.585350744383198 9.43198810346746 6.67302257895556 0.010308464953648 0.0146718363625996
"rplJ" 0.664943101193971 12.030767557643 6.55907505573784 0.0109726111533876 0.0155896077478588
"slyB" 0.513512179382358 9.90135391480374 6.51865007723296 0.0112187131524937 0.0159112504640815
"pykF" 0.604605175462325 10.8900469674832 6.4704698196625 0.0115194906555509 0.0163091736123327
"leuS" 0.519704989439569 10.3770063337627 6.40164965243619 0.0119636373588814 0.0169083281061599
"pntA" 0.441246657836876 9.16068964721609 6.39335751134529 0.0120183344114199 0.016955936835692
"rne" 0.479242947403566 9.72838089633394 6.35350477800239 0.0122848421543847 0.017301688688636
"yicH" -0.324589564355411 7.18679537541307 6.3247760064926 0.012480744239756 0.0175469696889949
"dinJ" -0.39702265789035 7.25268335635674 6.19584641155054 0.0134005200930385 0.0188073386349254
"zinT" 1.3688768909272 10.2374520044621 6.19244210149312 0.0134257353156492 0.0188100145828627
"ychF" 0.496606068441504 7.49557892292606 6.14054126417867 0.0138162969494424 0.019323659684922
"bioB" 0.432713710291866 8.16226264923076 6.10546730525483 0.0140868777719729 0.0196680110068895
"fruB" -0.902161819710279 10.705671170463 6.1021162553416 0.0141130152421496 0.0196704720214416
"rraB" 0.409484216036295 8.70090651292474 6.07347198746534 0.0143384940627024 0.0199502839803463
"alkA" 0.441490746610725 5.12624979154112 6.01904834998094 0.0147772377295381 0.0205253542990313
"gmk" 0.318041311134844 8.05235843199703 5.97090572214185 0.0151769380782715 0.0210443110466754
"pfkA" 0.485385420284692 9.97795536857841 5.92395950628978 0.015577503955341 0.0215626855779763
"ybiC" -0.378991266473505 7.41892288465688 5.90045406729274 0.0157821651113711 0.0217789649199339
"dnaG" 0.393840119613819 8.6768072445614 5.89981987214742 0.0157877254995803 0.0217789649199339
"queC" 0.357277628603828 6.30727960663771 5.8904414346717 0.0158701897279469 0.0218553636697153
"yafD" 0.409208936978333 9.37126225257949 5.8440510146825 0.0162847189215658 0.0223880207320333
"dnaJ" -0.558755320771727 10.5229282378775 5.63562100854562 0.0182906121990377 0.0251029320486793
"pspA" -0.651886129337606 11.2651649284198 5.53980518672456 0.0192972673230491 0.0264035859021461
"ydiK" -0.317036619982033 7.29385585879856 5.53920634292651 0.0193037369049147 0.0264035859021461
"rsmB" 0.298566122447158 7.54173893230698 5.44057575361604 0.020400695351667 0.0278567870537991
"glyA" 0.708290390274867 11.0268053875073 5.39206685020649 0.0209638168376381 0.0285773651823885
"yhiI" -0.413530416743795 6.78536064544689 5.3757459422112 0.0211568991329518 0.0287919352450119
"rplK" 0.601294107740694 10.4447279627814 5.36282548577084 0.0213110659118805 0.0289529127792721
"glsA" 0.565607966679268 9.21306993759086 5.35155882948872 0.0214464545813708 0.0290878804154054
"infC" 0.575628332209138 11.6099505882003 5.28278464419311 0.0222925634625515 0.0301847293863743
"katE" 0.574336084856977 10.0553895118849 5.27225831377447 0.0224251043485483 0.0303133320088416
"yihI" -0.337933587483742 7.85182455883677 5.187122612805 0.0235277514964635 0.0317506613004114
"ushA" -0.334173988594757 7.70995154530446 5.0626456370337 0.0252428230227757 0.0340082774280133
"rsd_Part2" -0.457308115413831 5.87166766321881 5.06393452043849 0.0258526040168842 0.0347717524027093
"rimP" 0.377055437356128 7.36847476567319 4.96998393170515 0.0266040426642543 0.0357228992180585
"barA" 0.422249612081247 6.03533464020253 4.90929212168866 0.0275370434203941 0.0369142758143822
"yiiX" 0.581991875933716 4.7487849784443 4.89015700748949 0.027838251850695 0.0372561678996863
"sodC" -0.551797579173609 8.6489354163034 4.88403329452935 0.0279353728479098 0.0373242481593762
"cirA" 1.08107268321476 11.4003483795014 4.87214046288448 0.0281250057669585 0.0374942722283114
"yeeZ" 0.280474506439343 8.36613709949607 4.87023272394204 0.0281555501491409 0.0374942722283114
"hemF" 0.412026307205636 5.39290491630885 4.85530362799476 0.0283957792539063 0.0377518844446498
"ddlA" -0.291740601452321 7.62431416291459 4.84778856998515 0.0285175177841332 0.0378513764009795
"ydhQ" -0.329676417325743 8.84330413810445 4.80305860809869 0.0292535114400151 0.0387645053072122
"mdaB" -0.328774920083458 6.25109171531592 4.7275202524201 0.0305419731115621 0.0404055283623453
"gltL" 0.577968517597583 5.63034281832823 4.72207977895593 0.0306370397423539 0.0404649608381009
"prmA" -0.310364795829362 6.67176149193411 4.69856813801567 0.031051464501607 0.0409453134849622
"Sensor_LuxR" 1.43074598558563 10.6540642786211 4.59234181023526 0.0331875400441727 0.0436906114447755
"wecA" 0.372856481340981 6.96395422302374 4.54354963272985 0.0339354523047767 0.0446024592996006
"ycaC" 0.554050030311872 8.49363351274459 4.50007401589937 0.0347938514416507 0.0456563221356295
"rpmE" -0.737275211085077 8.83014265094699 4.44196413763369 0.0359770231073638 0.0471322364409782
"rplA" 0.601707577546184 11.4972136735628 4.38939166488564 0.0370839646078837 0.0485036619749792
"ykgM" 1.06137001349722 8.98944583312595 4.2626675090863 0.039923630465282 0.0521332844425284
"yjiA" 0.406441099589237 5.6708112410534 4.2413418106535 0.0404421226593454 0.052725029056691
"ahpC" 0.495013040731867 11.112088074139 4.19340940455099 0.0415374704542415 0.0540657075106015
"dkgA" -0.510687825311456 9.05309725173086 4.18122457694359 0.0418323846618691 0.0543618911789507
"mlrA" -0.405466604509345 7.14651027537706 4.15449337891472 0.0424871522475388 0.0551240062118389
"rpsL" 0.504824535895873 10.9375271318169 4.06716476674535 0.0447028587622881 0.0579056292474582
"yfhM" 0.32149923174475 9.06311303571056 4.02197766294635 0.0458970813292716 0.0593068569973285
"dacB" 0.332721051243677 5.96375264119725 4.0206908545443 0.0459315806980549 0.0593068569973285
"pepN" 0.405144308687817 9.95921972694405 3.95545855860186 0.0477169968052252 0.0615137642521034
"gfcE" -0.643371109757618 2.9071233793074 3.80840093568599 0.0520179114270201 0.066951283128557
"rnr" 0.316390958391726 9.39563832554738 3.80219879110358 0.0522081279171721 0.0670891070527992
"nrdE" 0.568395354706272 9.70620915092932 3.79820592466704 0.0523309786288362 0.0671400632010664
"miaA" 0.459831812732415 11.050006010888 3.76864921842176 0.0532499926479019 0.0682107048680268
"yihA" 0.278157457345409 6.75972593494539 3.75810173049001 0.0535820964155339 0.0685273404236702
"phoB" 0.275855613069033 5.90087831778208 3.6960432365663 0.0555813374737568 0.0709717394641167
"ybeZ" -0.375346990705305 10.091460708161 3.53175269342607 0.0612685101385127 0.0781100911244546
"grxB" 0.425664596549735 9.23552828652394 3.51994161208177 0.0617006831328303 0.0785057964471138
"leuA" 0.490414963353997 7.22755999306775 3.51796142256116 0.0617734581709012 0.0785057964471138
"mdtE" 0.49901663688894 6.82458180446259 3.46627296645508 0.0637059936411387 0.0808344919314448
"cfa" 0.453011823094438 11.0143445540792 3.44635720885176 0.0644678178279065 0.0816727299640825
"elaB" -0.565449639203455 10.2539098012138 3.42033116343738 0.0654781412298383 0.0828226645336669
"mdh" -0.347591294634123 9.9517515812558 3.38126296435713 0.06702680367021 0.0846488741187159
"uvrB" -0.301565215626272 9.2600153865713 3.33753354925275 0.0688070588181345 0.0867614007284915
"dapB" 0.285134302255695 6.87972467008839 3.15133106388284 0.0769783790480904 0.0969134974911216
"rpsG" 0.456513088176725 11.3051061877971 2.98950627494181 0.0849353862527687 0.106764574308387
"yhbE" -0.29610216927598 7.45648234965422 2.94034069788814 0.0875265127394469 0.109850537761639
"gadW" -0.386644972635982 7.66151487293517 2.88113187283161 0.0907618051217085 0.113734125362141
"ydeI" -0.342149409838624 7.34346249726508 2.8772594394685 0.0909779011499841 0.113828164694631
"pgk" 0.429218161982465 11.1126362722154 2.81730058353902 0.0943965435784895 0.117922617132881
"dinI" 0.68081563782995 4.90096593657621 2.78770723314333 0.0961354247650789 0.119909254691528
"yiaG" -0.485503351083008 9.31805541347697 2.78195578895199 0.0964774285861096 0.120150130970664
"argS" 0.299782844239708 8.20923958159671 2.76669452308659 0.0973914029262231 0.121101482529217
"yiaJ" 0.341043399366739 5.46901710348404 2.72656340719194 0.0998404230237774 0.12395572520029
"ydiY" -0.686728719783326 4.74706791379706 2.66213624933409 0.103914783569297 0.128816022028299
"hdeB" 0.503982204323499 9.42946910809034 2.64250297695068 0.105192493039282 0.130199910863037
"clpB" -0.50653927526856 13.0732372978202 2.63713616135571 0.105544763762782 0.130435871908982
"lgoT" -0.334977059404992 3.81393634089789 2.58511672109746 0.109108917102865 0.134634397709499
"tktB" -0.49683361673338 11.3155810849688 2.55132727440564 0.111357617435264 0.137199385145432
"bax" 0.271879132634446 7.93608052539774 2.53273557625121 0.112663159161982 0.138596294883719
"ldtD" 0.312367252531315 9.45389197145197 2.44410920298449 0.119124426111514 0.14632178367122
"ygaM" -0.463492659004779 8.53779420626767 2.4265849062338 0.120450180763162 0.147725373671538
"evgS" -0.56039774117472 5.91945387300522 2.40082204936037 0.122429128833987 0.149924593276218
"hns" 0.330166673815908 10.6021255408544 2.32834839665889 0.128193428668056 0.15674560141685
"eno" 0.418211387921901 12.12789395581 2.30012858184642 0.130519514704597 0.159348333383675
"menE" 0.25741374123585 6.09757275813457 2.28786203690999 0.131598396857148 0.160422819129484
"ypfH" -0.225735705779345 6.82012656812414 2.28306925154166 0.131948591983232 0.160607109699047
"amyA" 0.331283009301568 8.88199937778551 2.26032673474532 0.13388113926904 0.162713974985113
"topA" 0.318915350834395 10.4827308237753 2.24659372238118 0.135063489814386 0.163904114707082
"glnL" 0.339958468969289 6.98174834917388 2.23011389911449 0.136497855875233 0.165396050587557
"ppiB" 0.255502814997082 8.5489837166963 2.14046758590346 0.144607665599299 0.174960099158373
"ycjG" 0.208107511841396 6.99165193022904 2.09715957924853 0.148719725593178 0.179665896038465
"yqeG" -0.28345940891486 4.96055224550321 2.01137681197617 0.157263243713408 0.189703195331421
"ynbC" -0.361730730845672 3.25171225679695 1.98068055625769 0.160455437265606 0.193264981900514
"glgC" -0.283450674105592 9.31672464636212 1.96808264545173 0.161786946629132 0.194578339686601
"ompX" 0.405015830254652 12.6164176098556 1.94941264432474 0.163783595553492 0.196686550017363
"gadC" 0.466662447591641 10.4859915808989 1.79070824050846 0.18195259030542 0.218180892089858
"ycjX" -0.249244163173331 8.97827548302979 1.7817852601168 0.183041575030059 0.219161054969225
"cedA" -0.450636225700166 3.32973622329576 1.77201106647518 0.184243166181996 0.220272940902031
"phoP" -0.179562822520454 7.88755559627291 1.75392763077883 0.1864905901429 0.222630038824439
"sufB" -0.316662252444549 9.58466994994185 1.71354613322866 0.191625896982583 0.228422598027983
"fur" -0.228454789207883 8.1884231830916 1.70527826210451 0.192697642786208 0.229361353581814
"lolB" 0.154530091709162 7.37495874606243 1.60826941132013 0.20581488755906 0.244613570338971
"ptsG" -0.289370678345846 9.75577146895239 1.60425698745149 0.206379777855963 0.244924236367297
"ompT" 0.363519310742217 10.094630010196 1.5767781782279 0.210298256850077 0.249208066487536
"glgA" -0.269110648814077 9.26605621398487 1.53643540378789 0.216212887070255 0.25584134877668
"raiA" 0.37355923487845 10.3838907974071 1.44796680016049 0.229896169952741 0.271634274014439
"mntH" 0.365439933101592 11.0095400107105 1.44386198996272 0.230556012203049 0.272015645976404
"rarD" 0.407046027769951 3.99654951830075 1.36327597147 0.243988544505613 0.287443438563547
"sra" 0.447767857865859 9.84567807944106 1.32544781994112 0.250623256031162 0.294829398858815
"adhP" 0.296939423359313 9.47494455202029 1.3073183657872 0.253881670052999 0.298227813293698
"sspB" -0.171505511787802 7.8058850346465 1.2658046369084 0.261542670191746 0.3067804285534
"pitA" -0.177159074419629 8.55985594917742 1.21500258874134 0.271313723682043 0.317779644428749
"nusG" -0.180038375319893 8.89397030524115 1.18050641502596 0.278210637200547 0.325385484378031
"wcaN" -0.159505917681831 8.98296677522082 1.1778449229183 0.278751901968346 0.325546721980398
"rapA" -0.166125271363415 8.45798745810985 1.1427266790279 0.286020505510527 0.333552814952306
"clpA" 0.270250828737852 11.3823232743338 1.08730417259564 0.297991124052451 0.346772178786674
"bluR" 0.128006457988805 7.38093087192904 1.08629285396547 0.298215479650498 0.346772178786674
"ygfF" 0.288179351994682 5.16269526481398 1.07103739393767 0.301626440399005 0.350233866765463
"iscX" 0.264240863212953 5.52739798039884 1.05688732180986 0.304835526559636 0.353451537260958
"dnaA" -0.150644632846424 8.79261191215986 1.04461348196113 0.30765510178206 0.356208991589845
"gltA" -0.225322480835356 10.3501194915585 1.02747240231577 0.311649940710991 0.360317338329183
"pepT" 0.171959686519784 8.11438167145061 1.00228935722562 0.317643086250744 0.366720987989057
"ihfA" -0.22130497848519 10.1631322607378 0.98860677031925 0.320962955275883 0.369423088459508
"gshA" -0.160392083599904 9.22440550363966 0.988214109703563 0.321058902817194 0.369423088459508
"nfuA" 0.182318742149081 9.34395015627946 0.986995610635435 0.321356887358829 0.369423088459508
"htpG" -0.276780011373471 11.6882942965242 0.975598007038 0.324161978207841 0.372117662039442
"ydgA" 0.192246634725275 9.9776294747575 0.958387795888339 0.328459511788369 0.376515377859679
"fre" 0.111115599898771 7.68142072823552 0.956011940821742 0.329058725742168 0.376667222232524
"can" 0.182707966449009 9.30080535728934 0.914562728677158 0.339752159350817 0.388087185925499
"gadB" 0.335741579940298 11.134414741457 0.9136339968919 0.339997076145387 0.388087185925499
"pfkB" 0.174275197725401 8.32486356835413 0.880613050367673 0.348862709458649 0.39764435951007
"mfd" 0.155458747317575 9.43160482151878 0.839000511637779 0.360490589282739 0.410318625601087
"srmB" 0.123820225020611 7.39413884014748 0.823335523866358 0.365006396808367 0.414873467921622
"suhB" -0.292238117024073 7.02821762052459 0.813149703271562 0.367984970662236 0.417670705097643
"dnaK" -0.304798342091556 14.2029406460535 0.798893501587457 0.37221110401865 0.421874102448104
"yhjG" -0.185007243333105 8.47799649128165 0.779944621252464 0.377934534796898 0.427760406144595
"yeaG" -0.29751353660255 11.9953562160474 0.757773778515991 0.384790353708308 0.434910105661911
"tldD" 0.117898537045989 8.85997079403403 0.731532003103294 0.393136516957729 0.443721914943899
"adhE" 0.254617791149417 12.1629603285561 0.712027431582155 0.399509817638663 0.450285506751957
"yjgA" -0.133083669625198 7.8469893927188 0.704144852882878 0.402128112502797 0.452604444616119
"yheS" 0.119676184607596 7.06660429052229 0.695870958376378 0.404903401341192 0.455093377273456
"fsaA" 0.190118945304691 3.85747502223279 0.669802953691824 0.413833589216598 0.464483597354373
"moeA" 0.11624830567101 7.39523593502622 0.622620714747382 0.43075930596135 0.482809388765013
"yehY" -0.149630987231779 5.55865764669886 0.616636533832067 0.432980381556269 0.484625753004035
"sspA" 0.121938095555201 9.13333441080955 0.608014471740655 0.436211363924468 0.48756588737818
"Sensor_TetR" -0.697454050723247 9.22997651888386 0.586964457670815 0.444397658522823 0.495797081263115
"fiu" 0.3330983281328 10.7755717585691 0.585553330976143 0.444804320736673 0.495797081263115
"rbbA" -0.138357044099118 6.96086845992328 0.57937404799271 0.447214283779943 0.497311717826046
"yaiE" 0.156950338156236 6.68730637922782 0.578911054794083 0.447395671798897 0.497311717826046
"btuE" 0.131940536058732 7.76032464688422 0.576204414531746 0.448458357070947 0.497807282195673
"glmU" -0.122791009885279 9.00039985794803 0.564773396963056 0.452990234521416 0.502147141838987
"ptsI" -0.193077088447402 11.655122940976 0.525842152889487 0.468980819816377 0.519159837574508
"yfcO" -0.1142819578657 5.93473820570277 0.514698535833272 0.473724902813692 0.523693145987191
"amn" -0.113630390193172 8.01022547015192 0.500644512679028 0.479820221655463 0.529705771376141
"ygfZ" -0.10609613582387 8.33569942510143 0.492918238466202 0.483226134342872 0.532737008763248
"pyrG" -0.149003420024621 10.5068245900999 0.474344246462691 0.491579824828627 0.541207255984586
"ybeD" 0.150975029278629 8.97553876164936 0.458832869075359 0.498743142363236 0.548345661971569
"norV" -0.127142091735551 4.91261908733479 0.454619755720691 0.500719350089787 0.549769408874092
"insI1" -0.0949790546716049 6.60583120967703 0.420745608300835 0.517110090073746 0.566758533333304
"Actuator_YFP" 0.336981910642669 15.8092420632349 0.420157901218478 0.5175973222635 0.566758533333304
"glgX" -0.115662088823935 9.02231046869666 0.411811493698653 0.521589542630035 0.57035604458325
"hrpA" 0.0775956317504703 8.29898883960694 0.374317927434372 0.541168793577764 0.5909651101722
"Circuit_PhlF" -0.176908409053535 11.0241721850626 0.369685805532164 0.544486044730728 0.593784105537429
"pepA" 0.0967843305699246 9.05388091864542 0.366029765481852 0.54567856947424 0.594281518982067
"pgpA" -0.0783527215591145 7.21399080350886 0.346011807960714 0.556865431951274 0.605647444184202
"yjdC" 0.093094442037895 8.22629681179292 0.340325397976879 0.560122732455027 0.608370181818582
"dxr" -0.069073925772513 7.24176458046049 0.322931660275642 0.570317906579174 0.617783831982898
"aas" -0.0693478427078871 7.16231544615648 0.32292666591888 0.570320885783469 0.617783831982898
"scpA" -0.121336270787083 3.76359448402318 0.364064819805682 0.571693747587785 0.618440823462925
"fadR" -0.0894146038133899 6.23082848865856 0.319084043150843 0.572622153711948 0.618615900998049
"hdeA" -0.179171939838108 10.7059337523648 0.316521365734592 0.57416707574343 0.619455655247257
"rmf" -0.240235392026491 10.0302407605087 0.303139613549444 0.582370744147743 0.627467544095098
"mhpC" 0.260526674638478 2.26394948168141 0.293250187068786 0.588586561215044 0.633319139867387
"tas" 0.0847998889342165 8.52809415477891 0.273933783802671 0.601129346979156 0.645953905475604
"ycgV" -0.0843596904855005 5.28066520713399 0.266546959487739 0.606075184979481 0.650402492391544
"gcvP" -0.114653145376956 9.68755002588509 0.255085781710308 0.613923747283152 0.657264903978232
"glmS" -0.0901307019949656 9.57091270931274 0.254833752422133 0.614098807434432 0.657264903978232
"ybeY" -0.0769430227728215 8.6462637500351 0.246635716996509 0.619853363800711 0.662545251108839
"speB" -0.0731404449149416 8.18674015446069 0.241434883020114 0.623566191406766 0.665632164636587
"wecE" -0.0602489052369171 6.73690526586155 0.226219959593144 0.634721027429426 0.676644477061489
"hslV" -0.0994678379846172 9.64061318511873 0.215657646550343 0.642738535379014 0.684287596373172
"yehX" 0.089284037773112 5.4147158910653 0.205687995120112 0.650528342857545 0.691668475212173
"qorA" -0.100631456459493 8.67041259743015 0.19703246755615 0.6574782569839 0.698138096560536
"avtA" 0.0952579966247866 7.83337221125372 0.190980060219742 0.662447393046182 0.702490205240826
"nuoN" 0.0856860724822182 8.00020757175912 0.17888760682381 0.67266369104756 0.712387924770841
"pntB" 0.0776687028609961 8.91069761430354 0.170460593423182 0.680026626839597 0.719241792738604
"bcr" -0.0583731600664392 6.50310108183577 0.151169498977117 0.697723087220484 0.73699284212949
"ttdR" 0.178161059766117 2.34525371070048 0.130514174829522 0.718181838760972 0.757611429908633
"glpG" 0.0629619520427634 6.14786159037932 0.128393365672661 0.720380419788978 0.758938640691522
"erpA" -0.0531915628148801 8.23323818860752 0.111942993353372 0.738199536922654 0.77669755710115
"yeaH" 0.0944593090038078 9.78263652710483 0.100885828671191 0.751011810794166 0.789149129311057
"lon" 0.0773534545626012 11.3584882777121 0.0981120877993037 0.754346071001064 0.791621949672118
"paaH" -0.0966516576197924 3.02090677378539 0.111656551487317 0.757401873231389 0.793796508698352
"argG" -0.0803961847442515 8.28511378427765 0.0856206743371282 0.770042297449796 0.804962274011554
"lptD" -0.0520854581602058 10.3281997233123 0.0856142724507594 0.770050651222948 0.804962274011554
"malS" -0.058567991108297 4.86097509734773 0.0932228916622248 0.773015905534692 0.807016605131302
"pflC" -0.106609611088149 2.35308278954768 0.0902381812505314 0.782185713275915 0.814765905984963
"otsA" -0.0579054945228955 9.73320701150031 0.0763911071668438 0.782457964235869 0.814765905984963
"rpsB" -0.0704170128923789 11.8884298081917 0.0703890376467154 0.790971262082793 0.821658239170995
"wzxE" 0.0361967607126969 6.20426933119886 0.0702911129791939 0.791113323216683 0.821658239170995
"gapA" -0.0761864572589523 13.2301961352444 0.0673566640611642 0.795420549787911 0.825069901900828
"secE" 0.036804456030642 8.56982595507979 0.0619804461389749 0.803579769985112 0.832463253373537
"phoQ" 0.0293724253745342 7.33121377549692 0.0565215295820071 0.812258964463703 0.840375620925908
"trxA" 0.0398453351153176 9.20413870112654 0.048908318829691 0.825139084397681 0.852608503340498
"frr" -0.035122718278326 9.89411631146883 0.0392334670412215 0.84313416204654 0.870088578991762
"tdcE" -0.0669768488988894 3.37932406113363 0.0407814050524617 0.848390153657567 0.873542873042171
"nuoH" 0.0445582323462196 7.4456991345107 0.0364912975520125 0.848646359931923 0.873542873042171
"grpE" 0.0421424474208614 10.2858431529053 0.0336976366963218 0.854487626712782 0.878435050646134
"rpmI" 0.0405263643075833 10.646703599534 0.0310436208838515 0.860273639350807 0.883258049562469
"cdsA" 0.0257666801004032 7.3959067420521 0.0294645368407755 0.863837907704789 0.885790586426639
"nuoF" -0.0325682814086337 8.59180437978035 0.0271856327810533 0.869159845143679 0.890116744963133
"sufD" -0.037132237552739 9.01971238093066 0.0244071309558062 0.875968831404684 0.895118421158054
"yeaI" -0.101802965308618 1.22405093084752 0.0242908872534218 0.876262147106398 0.895118421158054
"pmbA" 0.029559826227637 8.65658779107575 0.0456093927603044 0.877890914442928 0.895648505632671
"yihQ" -0.0523452017271272 2.41735879465058 0.0197939431069493 0.890155229689006 0.907014230251298
"pncC" 0.0247682787628638 5.46974649679366 0.0173630104842849 0.895264172523164 0.91106959297124
"mcbA" -0.029656914999907 8.09159444496818 0.0169210000038569 0.896598270371302 0.911278090918943
"hslU" -0.030391542669751 10.9912606761209 0.016461572234091 0.898003857478089 0.911558632685305
"glgP" 0.0262650835987824 9.65365170470653 0.0156071795821441 0.900671874645798 0.913118345275326
"osmC" 0.0332862382580778 10.3369278830937 0.0130037097033751 0.909294749818782 0.920703717821527
"ybaK" -0.0190402789580017 5.19456240833996 0.00820449437311083 0.936878249700054 0.946711577954132
"yibT" 0.0177254717332434 8.22445366143921 0.0061941410014011 0.937326580898824 0.946711577954132
"trmI" -0.0100063781113362 7.30878059002055 0.00669452650730181 0.939414925913234 0.947634806514974
"rplT" 0.0110703307434973 10.6951254127028 0.00240858656960794 0.960893511211104 0.968091215414933
"pheT" -0.00775784349592626 10.7978908344658 0.00103411019973661 0.974369862648933 0.980444487727791
"exuR" 0.00382680558404535 8.66295131365225 0.000627372224705407 0.980035441454493 0.983807421033525
"yiiR" -0.0161597651232234 4.16843407339456 0.00539936114898815 0.980150144375408 0.983807421033525
"clpX" -0.00504781608360472 11.1472666489609 0.000479239620175951 0.982550451828195 0.984946484698159
"lpxD" -0.00330124072305145 9.59620174276404 0.000416835706721534 0.983725980999648 0.984946484698159
"metH" 0.0024738593023697 8.42300865194655 0.000232093963707502 0.987856113353262 0.987856113353262
