"logFC" "logCPM" "F" "PValue" "FDR"
"narG" -1.2441793265904 7.17563515317714 64.0058717784491 0.0000000000000357509549923335 0.0000000000198417800207451
"araC" 1.18969621909141 9.52288298327194 17.355731586399 0.0000419111987747822 0.00816078144652816
"fimH" 0.686779583573499 4.5710580347044 17.2867248214206 0.0000441123321433955 0.00816078144652816
"dhaK" -0.704996537860776 8.35053240367636 15.3780474126354 0.000111418994633733 0.0154593855054304
"yfjW" 1.07902527511774 3.02125399421481 13.6028949842817 0.00027255962627488 0.0302541185165116
"yebK" -0.456534456965694 6.49565305873507 9.39117848624474 0.00239888839795401 0.199380373753107
"waaU" 1.16259590850653 3.39506779010747 9.30176344502222 0.00251470741670585 0.199380373753107
"epd" -0.559447547714192 9.46985126165492 7.94402506812356 0.00517812938929642 0.350641228085096
"gadE" 0.789280065746305 6.87584746481954 7.76987677184134 0.0056860739689475 0.350641228085096
"ompF" -0.661348226111947 9.50199076793848 7.45933011381065 0.00672257319040002 0.373102812067201
"intA" -0.37767400979514 6.10276247574642 6.90146988384902 0.0091000471950007 0.454057441116357
"fruB" -0.970796010862732 10.7035020899351 6.69600759532692 0.0101807719923851 0.454057441116357
"pcnB" 0.40169487705466 8.41186954598111 6.52728500871888 0.0111668970851505 0.454057441116357
"yjgL" 1.01744851127543 2.35152332475507 6.48109397555251 0.0114537012173495 0.454057441116357
"rpmE" -0.907964597417675 8.82799245563316 6.29876979912263 0.0126621738014159 0.456589894344589
"ptsG" -0.564695688811667 9.75386153627558 6.22843328774011 0.0131629519090332 0.456589894344589
"wbbI" 0.512230462167806 6.53847834710544 6.06200891348725 0.0144311643431884 0.471135071204093
"malE" -0.575673429536595 6.1657134302457 5.92103955833692 0.0156042249203609 0.477048040336825
"pyrD" 0.774668650455372 7.00281838754168 5.78543281453093 0.0168261303063443 0.477048040336825
"purM" 0.644548022594525 8.85776567273499 5.67704470551171 0.0178739963424819 0.477048040336825
"gnsB" 0.787438707682565 3.20687018915028 5.66020801810081 0.0180504663911231 0.477048040336825
"ycaI" -0.373636323934415 4.70446896024298 5.23130852417711 0.0229503050464454 0.562688206673922
"recQ" 0.406286063924338 6.51033353428738 5.20307792317207 0.0233186103666671 0.562688206673922
"rimO" 0.560599159570968 6.19308443256405 5.08388994221988 0.0249429035537028 0.576804644679378
"folK" 0.447190850050497 4.51321446421296 4.85586713165915 0.0283885484820872 0.595554928257084
"yhcB" -0.35581396405309 8.13283766195567 4.83985464182766 0.0286485172495235 0.595554928257084
"hisG" -0.448896252418214 7.56741637415962 4.82008416493708 0.02897294245575 0.595554928257084
"gntR" -0.285015028781527 7.11700134934179 4.57901573553299 0.0332536823823363 0.659135490078451
"sxy" -0.367464984683253 4.3471464885758 4.16720893786342 0.0421765056472528 0.746752747874238
"metE" 0.80177423286577 10.556554860118 4.08114220725978 0.0443423464761136 0.746752747874238
"carA" 0.826169138258262 9.6575207993412 4.01203242818646 0.0461666448537446 0.746752747874238
"nei" 0.304621812745687 4.92591416691375 4.00156475270519 0.0464498250058491 0.746752747874238
"nanA" -0.443770220150601 5.35306008283013 3.87527394896649 0.0500154146090055 0.746752747874238
"tusC" 0.338561321004647 4.51283960020626 3.82546670286934 0.0515005946111872 0.746752747874238
"hflD" 0.360760621846125 6.63559675697787 3.77772416120475 0.0529683106015009 0.746752747874238
"sucD" -0.415930435814742 9.38831668859691 3.73423893194931 0.0543439414372709 0.746752747874238
"qmcA" -0.296784937725393 6.62665374804734 3.7076797108486 0.0552028167395264 0.746752747874238
"gatZ" -0.701901460591381 12.0807629782828 3.69120173928334 0.0557429506223687 0.746752747874238
"rlmH" 0.417358935020391 5.8121323478799 3.68594046901998 0.0559165957540538 0.746752747874238
"rpsQ" -0.44791910755659 9.79078119576073 3.66720994261723 0.0565394859219803 0.746752747874238
"rlmC" 0.380622835856647 4.95282847221654 3.65310153484196 0.0570135545839506 0.746752747874238
"folE" 0.362642342108988 8.28443007658653 3.61417500786679 0.0583437068164603 0.746752747874238
"hisD" -0.394397155053435 8.06103330850328 3.59857700931914 0.0588859742919471 0.746752747874238
"rpsC" -0.532373231653618 11.4787126855374 3.58955681516798 0.0592020196512909 0.746752747874238
"hemF" 0.269961064850714 5.39045434150252 3.40540669630944 0.06606758626262 0.777895115399238
"sucB" -0.419914965194253 9.96552230997893 3.38117668515338 0.0670326985426035 0.777895115399238
"rpmC" -0.433268822588667 9.19535965627367 3.37330741812621 0.067349391690837 0.777895115399238
"yhbT" -0.268459009524606 6.83907860046721 3.36589483584204 0.0676491772004734 0.777895115399238
"metB" 0.433215217199446 6.642622172668 3.32830715271876 0.069191576999699 0.777895115399238
"pntB" -0.336544609086749 8.90858504863967 3.30704842869336 0.0700806410269584 0.777895115399238
"thiI" 0.330235625131517 7.16109898403452 3.2022678866194 0.0746462822815623 0.812327189534649
"atpD" -0.422370960045271 11.0198113561011 3.11298508511719 0.0787904621368685 0.828446356529843
"rfbB" 0.320787295926025 7.76233749111666 3.06880634172619 0.0809326079808485 0.828446356529843
"ribE" 0.266782944280188 7.78234609429584 3.0191585375451 0.0834155824686889 0.828446356529843
"rpsE" -0.45616040897852 11.1179552062752 2.92419354888388 0.0883987157254801 0.828446356529843
"adhE" -0.514413487029308 12.1609398650249 2.91107966511347 0.0891119415827474 0.828446356529843
"pheL" 0.562311270093071 3.09761917600511 2.85263640736739 0.0923677221301995 0.828446356529843
"rhsA" -0.228247875522227 5.41511669203468 2.81713127920429 0.0944089531286943 0.828446356529843
"ydgA" -0.326445426866877 9.9755108828299 2.79985537004695 0.0954199659394599 0.828446356529843
"hns" -0.353965340542305 10.6000616705133 2.78929952213398 0.0960435396010665 0.828446356529843
"secY" -0.474336216712753 12.6262818869532 2.77690937294234 0.0967811721042655 0.828446356529843
"crr" -0.406002871293954 10.7028411335779 2.75987994365204 0.097805146861164 0.828446356529843
"dnaG" 0.27423493049437 8.675383236421 2.75940156259813 0.0978340827485312 0.828446356529843
"leuC" -0.361337272828707 7.5747052733422 2.74548830140278 0.0986925754439807 0.828446356529843
"lacZ" -0.717163272753501 10.9317481007954 2.72301990140464 0.100062465013844 0.828446356529843
"mtlA" -0.416012774559863 8.62546997114768 2.67781512780877 0.102909265979389 0.828446356529843
"ybjD" -0.182454489152667 6.71794415071464 2.66439343995244 0.103771565684978 0.828446356529843
"proV" 0.366104297786459 7.49202299229345 2.63040247947105 0.105991175734105 0.828446356529843
"uspA" -0.376035798628285 10.3179328235132 2.59769593158753 0.108176413157838 0.828446356529843
"rplP" -0.415108914803784 10.7552979045862 2.55375008994711 0.111191306647569 0.828446356529843
"intD" -0.262795021798077 5.7855570284902 2.53641751755853 0.112405855204767 0.828446356529843
"atpG" -0.359569358095407 10.190396341601 2.53180814394269 0.112731315487293 0.828446356529843
"mdh" -0.288960561749526 9.94998387603012 2.51393121579492 0.114003486354065 0.828446356529843
"smpB" -0.260485708104651 6.92385529546617 2.50348175841973 0.114754460840447 0.828446356529843
"dhaM" -0.252678135098866 7.84060554088636 2.48651560476016 0.115985485665844 0.828446356529843
"rplO" -0.425906830504236 11.2711375947729 2.46333958956805 0.117690835748459 0.828446356529843
"ispU" 0.269000907068169 7.61267292883836 2.44883236217076 0.118772481130108 0.828446356529843
"fhuA" -0.291278855395528 9.70489617981194 2.43170243550268 0.120063928801702 0.828446356529843
"dnaB" 0.273397130764891 7.63600196765566 2.37890494581156 0.124143812642169 0.828446356529843
"acrB" -0.278418033329822 9.84464251667749 2.35364002264644 0.126150663983265 0.828446356529843
"proQ" 0.249466145226269 8.70198347810414 2.25312522210774 0.13450228391763 0.828446356529843
"rseB" 0.207794077123307 8.40919350508282 2.20778704329818 0.138471146009276 0.828446356529843
"lpp" -0.584971486386798 11.8924789420964 2.19583804311145 0.139538997761921 0.828446356529843
"tdcG" -0.265271938069566 3.54033333226826 2.18506519690797 0.140509706971364 0.828446356529843
"yddE" 0.192796273830526 6.12758124586727 2.15042068163147 0.143683500254736 0.828446356529843
"gpmA" -0.375925155908064 11.5365002044884 2.14127762667044 0.144534561918743 0.828446356529843
"pflB" -0.393202698124862 12.4085433523767 2.0719287800874 0.151179033120912 0.828446356529843
"atpA" -0.358522088864433 11.2678002240444 2.05336855377915 0.153015728970464 0.828446356529843
"rplW" -0.415646840266132 10.3554207486705 2.05323554673868 0.153028982526827 0.828446356529843
"pntA" -0.240543182630329 9.15868663223703 2.04624773467886 0.153727129146515 0.828446356529843
"fusA" -0.416305154964196 13.4750562435659 2.01413276813602 0.156982763259553 0.828446356529843
"fimA" 0.297862290014323 9.02153995657398 2.01249687271928 0.157176382880575 0.828446356529843
"mdtB" 0.190519227635393 6.03499229729882 2.00911959816252 0.157498038287564 0.828446356529843
"polA" -0.190573938274889 8.72446828314493 2.00678564331398 0.157738591163014 0.828446356529843
"gcvP" -0.290419424609956 9.68573933670885 2.00408685803235 0.158017269479209 0.828446356529843
"rpsS" -0.397029508577775 10.1880455981061 1.99818680227574 0.158628475377709 0.828446356529843
"tufA" -0.376848853983429 12.9659984407053 1.9961355734957 0.158841601721445 0.828446356529843
"gapA" -0.413569532820933 13.228938830923 1.99584850896205 0.158871454353834 0.828446356529843
"iscR" 0.263695979054576 9.04295644648166 1.99095750275798 0.159381071014623 0.828446356529843
"glyS" -0.280059267393607 9.81626775824128 1.97824507951229 0.160714410607215 0.828446356529843
"dapE" -0.182770576542049 6.96488241447912 1.95321311259786 0.163377413188829 0.828446356529843
"ompT" -0.355878686581602 10.092969350853 1.94956058932998 0.163770198748579 0.828446356529843
"rplB" -0.400123223388293 11.7390452507339 1.94289430986171 0.164489876046542 0.828446356529843
"cysP" 0.708360596104322 8.77736221667734 1.93623230967772 0.165212722199902 0.828446356529843
"tdk" 0.282907631715963 4.67236368694672 1.9351428309497 0.165331280651296 0.828446356529843
"pheT" -0.333279865017042 10.7957197207548 1.92667487278093 0.166256115686448 0.828446356529843
"thrC" -0.317282019362041 8.48207193662796 1.91067766271246 0.168019551106511 0.828446356529843
"ybhJ" -0.25683445258538 3.68529785450184 1.88778596633202 0.170580594918544 0.828446356529843
"tag" 0.172974541038476 5.73662276837381 1.88403186986263 0.171004872481669 0.828446356529843
"cyoB" -0.33995788342115 10.6833524232575 1.87407066280158 0.172136577135392 0.828446356529843
"rplR" -0.332463372118996 10.3516635443195 1.86837037486983 0.172788083829459 0.828446356529843
"dksA" -0.262929959847457 9.50396634335496 1.86589303078343 0.173072116400094 0.828446356529843
"rplV" -0.391937516913196 10.4414811541954 1.86401010205547 0.173288359010235 0.828446356529843
"mdtM" -0.277362342715262 5.01416235420436 1.83863498767793 0.176312499557034 0.828446356529843
"pnp" -0.3039344505985 10.9705278400986 1.83162868391639 0.177056523563678 0.828446356529843
"lepA" 0.216761946125833 8.910890367833 1.83113355154874 0.177114873485802 0.828446356529843
"rplN" -0.33469071501668 11.0823126928207 1.80710979228765 0.179972992842833 0.828446356529843
"rlmI" 0.224037113908566 7.2849670650694 1.78405099253119 0.182766828765124 0.828446356529843
"pgi" -0.286654538118102 10.4651148425114 1.75539254849894 0.186309819341927 0.828446356529843
"pgk" -0.331596574913368 11.1105361207778 1.74526892520248 0.187580495340583 0.828446356529843
"lgt" 0.190346842160528 7.0082621155778 1.7417659179781 0.188022534748688 0.828446356529843
"yeeX" -0.274900921244968 8.2941731887643 1.73918191574882 0.188349386824702 0.828446356529843
"mqo" 0.267460124837769 9.27605032469861 1.73305833031021 0.189126619997661 0.828446356529843
"gadX" 0.299354166631842 7.8505423977568 1.72217347237763 0.190517461057549 0.828446356529843
"ispD" 0.213236596148119 5.98781859225593 1.7218419093884 0.190560014993357 0.828446356529843
"purH" 0.337992321279792 8.80662286190744 1.70730175811071 0.192437151287876 0.828446356529843
"sthA" 0.278808972504359 8.16725131927386 1.70341893159776 0.192942087914464 0.828446356529843
"clpA" -0.333234867863468 11.3800976985398 1.69186697583197 0.194453568440544 0.828446356529843
"mnmG" 0.257664764290297 7.98937855791788 1.66364767952978 0.198204757017927 0.828446356529843
"mltD" 0.255639610590644 8.59553283059106 1.65871487945238 0.198869190599739 0.828446356529843
"fumC" -0.220316053801015 6.79770784022852 1.65361351582641 0.199559093570208 0.828446356529843
"tsf" -0.279062582048006 10.4922272750447 1.63753482551658 0.201752115649155 0.828446356529843
"purA" -0.297248547367228 11.0399700593246 1.59197501868734 0.208122776794356 0.828446356529843
"efp" 0.241372203249971 8.7535616269855 1.58905884089697 0.208538611508295 0.828446356529843
"yhfK" 0.201035296252666 6.53807528739089 1.58317439235847 0.209380719865297 0.828446356529843
"yhjY" -0.211050783787424 6.75947670181048 1.57689717418339 0.210283498417991 0.828446356529843
"purU" 0.242369692746371 7.26284069043025 1.56931757269632 0.211379765233931 0.828446356529843
"mfd" 0.218621767006207 9.43012664634162 1.56911349041304 0.21140937640082 0.828446356529843
"oppA" -0.322268912092039 12.5827249302029 1.56745048429248 0.21165085331976 0.828446356529843
"rplD" -0.388364404785174 11.1557871500886 1.55851174754593 0.212954449431093 0.828446356529843
"rplA" -0.34764057957765 11.4954391998103 1.55845793556754 0.212962326135195 0.828446356529843
"eno" -0.33918492651461 12.1259757704567 1.55281030512218 0.213790931385724 0.828446356529843
"glmS" -0.215788879140772 9.56927872209773 1.50989858537105 0.22021432265082 0.828446356529843
"rplJ" -0.311923099236165 12.0290736951387 1.50655214161988 0.220724898101698 0.828446356529843
"dfp" -0.172905205876841 6.96625662500872 1.50012222960539 0.221709921043044 0.828446356529843
"dusB" 0.307868182407063 9.02793962375937 1.49229954974889 0.222915438862717 0.828446356529843
"ahpC" -0.283057131886274 11.1101029650053 1.49102788791074 0.223112152873415 0.828446356529843
"yicH" -0.159439009762458 7.18628804803364 1.48645578879772 0.22382114061072 0.828446356529843
"rpoC" -0.330987968731576 12.7351943036667 1.4715097888024 0.22615779793069 0.828446356529843
"tufB" -0.307551749595342 12.4529786898254 1.47121646565611 0.226203949446062 0.828446356529843
"purC" 0.317879521848177 8.79609660824161 1.46607270613088 0.227015118971908 0.828446356529843
"mlaA" -0.171518627796712 7.54810796607221 1.46520438219794 0.227152399474683 0.828446356529843
"infB" -0.278436398510584 10.7293803968734 1.45745188290701 0.228382509097416 0.828446356529843
"prfC" 0.25252879077295 7.96262313685731 1.43291692014471 0.232328979721051 0.837289504838853
"guaB" 0.332049048262901 9.32938202393638 1.42113992976254 0.234252653307835 0.83877562958612
"hdeB" 0.345418913555648 9.42698786447418 1.37912943569348 0.241274422298048 0.844835387989104
"phoU" -0.168484778682492 6.39190613738872 1.35914356333573 0.244705028169391 0.844835387989104
"yqiJ" -0.497186073937812 1.67817760315751 1.3455373771234 0.247074780706129 0.844835387989104
"fepA" -0.406063277408509 10.5605441779101 1.32863540037315 0.250057947486376 0.844835387989104
"insH1" -0.229926382423762 9.83876383997855 1.31227433127234 0.252988007768768 0.844835387989104
"envZ" 0.170231319760249 5.59119755512727 1.3072231884315 0.253901152878276 0.844835387989104
"mscM" 0.1401135033427 6.66815352334649 1.30627966835547 0.254072173488695 0.844835387989104
"gpmM" -0.188779028271724 9.35109624174235 1.30217925491044 0.254817062866688 0.844835387989104
"icd" -0.327494544855686 11.6254609010276 1.29819158809605 0.255544063049885 0.844835387989104
"ilvC" -0.320428412926626 7.7216534828438 1.28995752405645 0.257053376465379 0.844835387989104
"evgS" 0.25820661075986 5.91487701945383 1.28863683838918 0.257296486441782 0.844835387989104
"dcuS" -0.162844767687126 5.25498520136822 1.28817236972015 0.257382052930129 0.844835387989104
"dppA" -0.304821616849974 10.490774659509 1.28247790696984 0.258433986487216 0.844835387989104
"fis" 0.262996443708348 7.63778584853023 1.27774429458206 0.259312486482936 0.844835387989104
"cirA" -0.45374022201017 11.3988450964321 1.27055923530871 0.260653045717293 0.844835387989104
"rpmD" -0.236817750728029 8.91028088134657 1.26301935107153 0.262069087256068 0.844835387989104
"fklB" 0.156910951866583 7.71137044279092 1.24361396674822 0.265757883391298 0.844835387989104
"yfhM" -0.182078166454705 9.06134174094599 1.24054737415919 0.266346732687784 0.844835387989104
"syd" -0.171200491577598 5.32738099103383 1.23413250714973 0.26758380565145 0.844835387989104
"ompC" -0.308008042479516 11.8004684396371 1.22696988312619 0.268973590591701 0.844835387989104
"prs" 0.241018731230812 9.4305177647245 1.22023484528098 0.270288672269343 0.844835387989104
"adhP" 0.284406551456975 9.47288388442753 1.21031042500863 0.272241255654037 0.844835387989104
"phr" 0.181020657256093 7.22406753640308 1.20317882624614 0.273655322444684 0.844835387989104
"copA" 0.179849794420835 8.80608489671666 1.19695350547444 0.274897257042677 0.844835387989104
"ispH" 0.16514514262783 7.3611217948387 1.19307612952965 0.2756743740978 0.844835387989104
"gltB" -0.285518571458249 11.2462337935801 1.18907466913593 0.276479268528387 0.844835387989104
"nlpC" -0.152020777878381 5.92905938320833 1.17968167773511 0.278380362664138 0.844835387989104
"sodA" -0.246330166432466 11.1894225484782 1.17676198966084 0.278974657591871 0.844835387989104
"sseA" -0.197728218540763 7.65670683861662 1.16756134116051 0.280857962233427 0.844835387989104
"btuF" 0.208077787695665 4.80346936548248 1.16390046649386 0.281611795996368 0.844835387989104
"malQ" -0.160297282028839 7.98316476965395 1.13059574611426 0.288589348651529 0.855813952235311
"rplI" -0.249368303391637 10.2641341840948 1.12603290880043 0.289562388305672 0.855813952235311
"atpF" -0.239267670438993 9.69342273516852 1.11973255523566 0.290912866840181 0.855813952235311
"miaA" -0.253109666241033 11.0477764795715 1.11728652084469 0.291439345896349 0.855813952235311
"rpsD" -0.260364690150131 11.8288559875175 1.10466499397349 0.294175476845655 0.856107879651602
"yciW" 0.507038450685987 7.82783428822711 1.10260802289391 0.294624513537759 0.856107879651602
"glcB" -0.183515454919332 7.42440602752725 1.06226558986988 0.303612639345116 0.865078874484936
"rluA" -0.161765716903426 6.3185096224434 1.05945422830898 0.304252139249531 0.865078874484936
"accC" 0.222646496056409 9.67422707130168 1.04893327309868 0.306660921785394 0.865078874484936
"aroG" 0.178464013013378 7.96585589514056 1.04822924337592 0.306822993902408 0.865078874484936
"npr" 0.153220000073906 4.96542267231506 1.04424378142955 0.307742578201278 0.865078874484936
"sodB" -0.384346318181729 7.0972341576306 1.0404310356547 0.308625674395219 0.865078874484936
"damX" 0.137527836574891 8.98066740871791 1.00974281350714 0.315855628425035 0.865078874484936
"ubiF" -0.167103609463599 8.02262814071872 1.00540108177569 0.316896382085828 0.865078874484936
"rplE" -0.277497360948988 11.5988077745479 1.001125529266 0.3179256853606 0.865078874484936
"fbaA" -0.247516222141129 11.321857375685 0.991172466367855 0.320338923813867 0.865078874484936
"gltX" 0.182066029089371 9.0200939480822 0.977977264220323 0.323575701114264 0.865078874484936
"rpoB" -0.275481618906899 12.8549151886825 0.976184530433625 0.324018793567968 0.865078874484936
"csrA" -0.226057403785469 9.91648862233469 0.965816954873553 0.32659710041815 0.865078874484936
"trxC" 0.204123302029926 5.95956000641534 0.963013314477675 0.327299015986973 0.865078874484936
"lepB" 0.151295425151658 7.96502703803082 0.96249560108729 0.327428849451692 0.865078874484936
"rpsH" -0.249145722864431 10.5312073879149 0.961208636272988 0.327751894840025 0.865078874484936
"rpsJ" -0.288302979071947 10.8422886694636 0.957069982468763 0.328793633756357 0.865078874484936
"gadA" 0.317671042613501 10.9004749452657 0.934416022421744 0.334574889993471 0.865078874484936
"ilvI" -0.196295368711931 7.62093144290408 0.928394006312061 0.336144071821581 0.865078874484936
"hupA" -0.196791113619194 9.04798413586979 0.924615616324672 0.337118161180772 0.865078874484936
"leuB" -0.219617657929016 6.90978508519709 0.92418998558638 0.33725826675589 0.865078874484936
"ybdK" -0.226659611467738 8.38978264158628 0.915706885828607 0.339452652441337 0.865078874484936
"yifE" -0.218757917588089 6.92785916536264 0.914205821732784 0.339848142593997 0.865078874484936
"entF" -0.311930054902491 10.5454296203453 0.9040213849434 0.342547975273519 0.865078874484936
"rpsM" -0.236326329156982 11.2287010816251 0.903047585204932 0.342807641175455 0.865078874484936
"cvpA" 0.213992768207086 7.66392443500735 0.901271084231157 0.343282036334216 0.865078874484936
"bamA" -0.18543101103751 10.5651055351609 0.9000386770681 0.343611659850008 0.865078874484936
"ybaB" 0.123207522358859 7.44847524719155 0.895848512152896 0.344735589774964 0.865078874484936
"rplF" -0.244225935686145 11.2300698874241 0.895723558725835 0.344769182621615 0.865078874484936
"ribF" 0.127057384784282 8.3294088364684 0.894096753927023 0.345206943408702 0.865078874484936
"psd" 0.132092624469335 7.9985040174498 0.891039951435339 0.346031549793975 0.865078874484936
"sspB" 0.146108905050689 7.80466746396655 0.881919059912337 0.348507991315537 0.867306759784527
"putP" -0.170996594851363 6.6331744485154 0.876291038679315 0.3500481336788 0.867306759784527
"cfa" 0.222764922588221 11.0120582138004 0.840062415633228 0.360189084976663 0.888466409609102
"aroF" -0.50214881183565 11.2062356621757 0.829009069625671 0.363363642693595 0.889028645074304
"cueO" 0.119506747581188 6.5033877582944 0.823945383344652 0.364830915578553 0.889028645074304
"skp" -0.158801870662282 9.39381891006593 0.822547761158566 0.365237345343374 0.889028645074304
"bamE" -0.171785081964374 7.38027334723514 0.81072052367304 0.368702096266003 0.889028645074304
"gltD" -0.207315943415558 9.74068587519992 0.80531631992881 0.37030051936572 0.889028645074304
"ybgS" 0.224981368129009 9.43212847470197 0.802228439415505 0.371218189433906 0.889028645074304
"rpsR" -0.207743283486562 9.39986467705522 0.800846232410859 0.371629992175205 0.889028645074304
"clpP" -0.169579255011797 10.0858696167853 0.785570739410211 0.376224068440565 0.896156042851989
"trpA" -0.411492403461851 10.2732533441952 0.776425823896907 0.379012751935785 0.898940501386156
"waaF" 0.111756448878998 7.48585909366947 0.766586248190302 0.382046047648265 0.900617874830668
"rpsN" -0.22927435178587 10.9388801070549 0.756840294164534 0.385084587433773 0.900617874830668
"tolC" -0.153312205206885 9.68032371065125 0.748860259970315 0.387598278233672 0.900617874830668
"pepD" -0.159720082124972 9.92099089917551 0.741779258811461 0.38984847746687 0.900617874830668
"glnA" 0.264027487797074 10.5872404818623 0.740107107959001 0.390382586512214 0.900617874830668
"yihG" 0.29588865009459 3.06499196219212 0.740025765081914 0.390408595386469 0.900617874830668
"rpoA" -0.240402063063568 12.6219096064717 0.736486518397085 0.391542662293946 0.900617874830668
"sstT" -0.195968479659263 9.40634050380066 0.7328840830739 0.392701848124363 0.900617874830668
"ompA" -0.272881156306279 14.574946283353 0.707911154573423 0.400875628496319 0.911951192194831
"gntT" -0.168979428130207 5.91135319962999 0.675501771729197 0.411858293319081 0.911951192194831
"acpP" -0.18090304664064 10.7047465466454 0.673212028816539 0.412650910317898 0.911951192194831
"rmf" 0.371733913387733 10.0280966781944 0.672427871777251 0.412922872864091 0.911951192194831
"priB" -0.195377923360552 9.83202971759916 0.671428324057353 0.413269922448816 0.911951192194831
"yqjD" -0.179424915824572 8.75924745688176 0.666285320252982 0.415062461473713 0.911951192194831
"zapA" -0.185251305592185 9.46855834459271 0.657846459503343 0.418028865002811 0.911951192194831
"gnd" -0.192178564200917 10.9666190634526 0.652949226765517 0.419764836961811 0.911951192194831
"ybiX" -0.226021082464265 7.32767916257502 0.65244429295458 0.419944438180455 0.911951192194831
"ilvB" -0.246203013469469 7.2365428785328 0.649953844825163 0.420831956046554 0.911951192194831
"rplC" -0.245654346985415 11.6747654282701 0.647920517203757 0.421558654454699 0.911951192194831
"trpC" -0.414845624281175 10.3750426533111 0.640724876845391 0.424145507019231 0.911951192194831
"yidQ" 0.148514050172115 6.27785413678302 0.632165958470181 0.427253687304815 0.911951192194831
"iscS" 0.164573731664122 9.80483023935002 0.624263292025396 0.430154213085106 0.911951192194831
"maeB" -0.148707682497372 9.07941325996279 0.622894500004865 0.430659634502861 0.911951192194831
"ybgJ" 0.114750318177075 7.37723164216661 0.620362898859057 0.431596799259106 0.911951192194831
"ygaP" -0.163131953620532 4.08454737880691 0.617529771372147 0.432649267939079 0.911951192194831
"nuoG" -0.16038554934613 9.37466101055728 0.616969719752671 0.432857782151468 0.911951192194831
"proP" 0.167784104382091 10.3943016096743 0.613047263154792 0.434322465866381 0.911951192194831
"pepB" -0.134635761222143 7.88373591423755 0.612670926521933 0.434463391174571 0.911951192194831
"yegH" 0.0972819020669633 6.49110178910526 0.60116102545526 0.438807492567603 0.911951192194831
"fiu" -0.283406773090474 10.7736959451238 0.600276814962888 0.43914396761386 0.911951192194831
"rplL" -0.185211048850694 11.0622106822495 0.595576681203093 0.44093922825945 0.911951192194831
"proX" 0.132159928977905 7.39214759751825 0.594739581638717 0.441260152901838 0.911951192194831
"pspA" 0.23226581353886 11.2630976687734 0.584006395222541 0.445407215159764 0.911951192194831
"oppB" 0.162898183487146 9.02325739618814 0.575867725188559 0.448592287639922 0.911951192194831
"cydD" 0.122884000006704 6.40222406210932 0.575665031696521 0.448672064328916 0.911951192194831
"htpG" -0.222927953072459 11.6862900046225 0.573410904676905 0.449560745219282 0.911951192194831
"groL" -0.260748013818033 12.7551116329509 0.571094764498106 0.450476743572487 0.911951192194831
"cysD" 0.400120537123184 9.09198640106214 0.560917245680046 0.454536687478348 0.911951192194831
"lrp" -0.127937835266663 8.53533742040235 0.560452413814409 0.454723487080803 0.911951192194831
"fdoH" -0.229922703302258 8.41250695935159 0.558911104803913 0.455343751546845 0.911951192194831
"rho" 0.144305019625867 9.78541177764962 0.558660233663393 0.455444835119896 0.911951192194831
"yncE" -0.213393957045494 10.0346449129982 0.558596276457856 0.455470611075476 0.911951192194831
"ydcF" -0.113015339000116 6.62199299259643 0.543195756486038 0.461745191300407 0.911951192194831
"thrA" -0.198269761489885 9.67496962132794 0.537749682026566 0.463997014902575 0.911951192194831
"mntH" -0.222209514543552 11.0072124971789 0.535498639888905 0.464932898092386 0.911951192194831
"rpsF" -0.184860286727057 10.7993170455847 0.531957650483238 0.4664112170972 0.911951192194831
"shiA" 0.165989687847883 7.72180122211204 0.531286903528892 0.466692095235963 0.911951192194831
"fdnI" 0.229008151105454 3.0577177270434 0.529765863128999 0.467330045145577 0.911951192194831
"selA" 0.0978190644815851 6.34563190791625 0.526624448154273 0.468652056093598 0.911951192194831
"ftnA" 0.156751055577615 4.59642805158176 0.525137340941176 0.469279981999022 0.911951192194831
"aroB" 0.107072735211319 8.74158662413486 0.523092689159933 0.470145547892284 0.911951192194831
"frmA" -0.115505035368646 7.12286635151689 0.520825372140947 0.471108394656873 0.911951192194831
"uspE" -0.171195740746614 9.76836571903923 0.519704489282566 0.471585571459309 0.911951192194831
"clpX" -0.167178547400695 11.1452135884662 0.512575639168885 0.47463886090211 0.913001456707508
"lpxB" 0.112267341911925 7.30562079978471 0.51076662426801 0.475418776555801 0.913001456707508
"rpsK" -0.171865592234588 11.1971737777209 0.504352367124452 0.47820105838776 0.914637235374118
"prc" 0.110112201452449 8.84394924361624 0.500615846002297 0.479834135111207 0.914637235374118
"fdoG" -0.234289590152513 10.6936912647176 0.495274949954761 0.482184374455829 0.914637235374118
"rplQ" -0.168660750819644 10.5819260130662 0.481519929922837 0.488325577535757 0.914637235374118
"rimM" -0.167528784515711 10.8656555932663 0.477807192778799 0.490005506335086 0.914637235374118
"pal" -0.131236297895 9.67881672080735 0.477654255483402 0.490074913808002 0.914637235374118
"slp" 0.176298867279369 9.37674621228828 0.476173705508739 0.490747681815423 0.914637235374118
"rplS" -0.159975947207183 9.75272357302151 0.466296333691825 0.495275912672364 0.914637235374118
"tig" -0.15667931187795 10.7442264113576 0.464978466834041 0.495885398038723 0.914637235374118
"polB" 0.0973880265258361 7.31898793602526 0.458787541487451 0.498778535876554 0.914637235374118
"rplK" -0.168165866319922 10.4431643341181 0.455685942861643 0.500219263598081 0.914637235374118
"yecA" -0.111560399034087 7.99884091126057 0.455385189310235 0.500360602941699 0.914637235374118
"lysA" -0.127107225187089 5.51289386058606 0.452993741840664 0.501486890176967 0.914637235374118
"cspC" -0.181905018880886 9.69700421923096 0.449738662567318 0.503026882796826 0.914637235374118
"aceF" -0.175351035103843 11.3170581012425 0.44873656474849 0.503502607739082 0.914637235374118
"nuoE" -0.119447927124332 7.11754113466683 0.44736723105206 0.504153916727161 0.914637235374118
"rlmF" 0.153168161418109 5.40160863629892 0.446125654713285 0.504745708375917 0.914637235374118
"helD" -0.0803674045490122 7.42116528835331 0.443639170632576 0.505934470738476 0.914637235374118
"typA" 0.147217100989562 10.7316571974321 0.428586795237837 0.513235212942166 0.923027623264373
"wcaN" 0.0959493181956572 8.98171810827456 0.423145238363241 0.515919685465363 0.923027623264373
"tabA" -0.0951662129775904 5.42252218587435 0.421333198422751 0.516819073963334 0.923027623264373
"yeiI" -0.0916504736027515 5.59782973376379 0.417686916555977 0.518637236988764 0.923027623264373
"pncB" 0.136229979343254 9.07575141721009 0.399694782801946 0.527776832774516 0.923027623264373
"upp" 0.154826871565449 8.00565098695996 0.398082020430865 0.528610101335152 0.923027623264373
"holE" -0.124036115679414 5.16200036253904 0.397165943147252 0.529084464677043 0.923027623264373
"lhgO" 0.216269462023659 9.48858983447629 0.396328417768292 0.529518821994964 0.923027623264373
"nlpA" -0.232318065949567 6.98874344551534 0.394496758484291 0.530470995922088 0.923027623264373
"speC" 0.105100160718416 6.40070314124979 0.390339879253951 0.532643411301241 0.923027623264373
"glgP" -0.129148936736689 9.65157751105514 0.388771720332546 0.533467125582667 0.923027623264373
"dnaE" 0.086624286273795 8.62885121605115 0.387618077673824 0.534074580148329 0.923027623264373
"nuoN" -0.119249637758363 7.99816357115028 0.386540594939359 0.534643067095323 0.923027623264373
"trpE" 0.379909559011155 11.0343859245425 0.384877379068115 0.5355227524097 0.923027623264373
"galU" -0.0956469803693972 8.55490911998584 0.383055879274354 0.536489182082467 0.923027623264373
"ebgR" -0.099502367850669 4.95549532174488 0.38048925425694 0.537856362555835 0.923027623264373
"znuA" -0.217457746819239 11.2975972523703 0.376612937808619 0.53993330722366 0.923027623264373
"sdhA" -0.178511126382226 9.28909921079741 0.369854067441101 0.543590206698873 0.923027623264373
"aceE" -0.170535460603891 12.0649684843435 0.369425943451156 0.543823383674068 0.923027623264373
"gyrA" -0.127977591355048 10.3612783893634 0.366989274861919 0.545154046957296 0.923027623264373
"tnaA" -0.214945731147694 4.10257743196646 0.366254989768123 0.545561823914222 0.923027623264373
"purR" 0.141754188164263 7.79129852798353 0.363329359379417 0.547164122619782 0.923027623264373
"mioC" -0.0995519532929528 7.31884914039521 0.35230785747557 0.553301804281654 0.924119160443936
"yfcD" 0.0730649228302368 6.46381024738109 0.34937703300972 0.554955790621317 0.924119160443936
"hslV" 0.13690368986483 9.6390921492888 0.347726191777768 0.555891557666697 0.924119160443936
"rpsB" -0.154415654437712 11.886714576833 0.344165875787381 0.557919935900725 0.924119160443936
"ppsA" 0.113757481852235 9.03419124161529 0.341782830932108 0.559285499131372 0.924119160443936
"poxB" -0.152773680339522 10.1059673752506 0.341174062510871 0.559635368342663 0.924119160443936
"slyB" -0.114874351414832 9.89927449380418 0.338147897203722 0.561380796581717 0.924119160443936
"infC" -0.143092645697903 11.6080201248685 0.337368933873412 0.561831778332841 0.924119160443936
"xylB" -0.0913088171194391 6.04662927048281 0.332921195787056 0.564420227386568 0.924119160443936
"rplT" -0.127839858276246 10.6934180927325 0.322323160727546 0.570682153268508 0.924119160443936
"secF" -0.0957936669438775 8.23099409757568 0.321399825027249 0.571234142568591 0.924119160443936
"opgH" 0.0951349174090267 8.8881825880262 0.318813266631888 0.572786041911575 0.924119160443936
"qorA" -0.127490197188651 8.66905598458843 0.307285006777921 0.579805508910665 0.924119160443936
"trmD" -0.147111707885893 11.1028296353593 0.305743633534578 0.580757053686981 0.924119160443936
"mtr" 0.255472914308348 10.9899102191504 0.305100316475005 0.581155123439623 0.924119160443936
"yhbW" 0.0863019826871637 7.22031963870339 0.298250024026555 0.585428270263161 0.924119160443936
"codA" 0.163476033032844 8.53262120504851 0.298125043814235 0.585506821975124 0.924119160443936
"serC" 0.108568294101408 9.81428219742671 0.294628911787041 0.587712901763736 0.924119160443936
"plsB" 0.0985244359524248 8.69480205005554 0.293865192546881 0.588197068323254 0.924119160443936
"acnB" -0.136375450506104 11.1082430464784 0.291704933597304 0.589571007651014 0.924119160443936
"tpx" -0.11420369992868 9.86152034913291 0.290023313547424 0.590645088215108 0.924119160443936
"rplU" -0.127907625469151 10.1984487086627 0.288775115262343 0.591444936557906 0.924119160443936
"trxA" -0.0957683555915776 9.20228123199955 0.280260900859188 0.59696113198779 0.924119160443936
"gstA" 0.0864917971853355 7.75571790813128 0.279024223496268 0.597771256392714 0.924119160443936
"dadX" 0.116485885057922 9.31849223305575 0.278037462006319 0.598419315196904 0.924119160443936
"rplY" -0.165847349200232 8.92518369808381 0.271958609939994 0.602444377753826 0.924119160443936
"rpsU" 0.158857927441568 9.18348241730461 0.27092156511489 0.603136755764465 0.924119160443936
"orn" -0.0745273689317899 6.10596048195524 0.269582385480963 0.604033350069927 0.924119160443936
"aceB" -0.131753952714612 10.5820258941917 0.265613986734019 0.606706949229296 0.924119160443936
"nlpI" -0.104438673243435 10.1458903078047 0.265064931130632 0.607078849296862 0.924119160443936
"rpsI" -0.131874237632635 10.583194587376 0.26349870460752 0.608142410692451 0.924119160443936
"tas" -0.0830838584824973 8.52681154308342 0.260007962157975 0.610527288799425 0.924119160443936
"gshA" -0.083574743421961 9.22269045942425 0.258661838220276 0.611452355778829 0.924119160443936
"hfq" -0.102573931394379 9.44271112172328 0.252205267511367 0.615931973283462 0.924119160443936
"clpB" -0.162747748167773 13.071825656193 0.250068544871874 0.617430268035919 0.924119160443936
"ompX" -0.143625436192002 12.6147387323381 0.24958415075153 0.617771043547494 0.924119160443936
"asnS" 0.112966560680179 9.95308991223099 0.247048070026552 0.619561978143244 0.924119160443936
"argB" 0.15621006682385 6.66437400617454 0.246114044415193 0.620224460600839 0.924119160443936
"aroK" 0.0783826357288848 8.1073138876656 0.246077679644844 0.620250284960756 0.924119160443936
"bioB" 0.0851068764230852 8.16116060506875 0.244500103220295 0.621372894478614 0.924119160443936
"pfkB" 0.0907656016926999 8.32330420865287 0.244028759517404 0.621709179338921 0.924119160443936
"yehI" -0.0798040785930894 4.28056095187454 0.237155808924186 0.626659287876093 0.924119160443936
"cysI" 0.246583472584938 9.22778132323734 0.235327145917471 0.627991284847552 0.924119160443936
"rplX" -0.125158959240463 10.796717579343 0.235070653976566 0.628178624540016 0.924119160443936
"ypjA" -0.07104912435983 6.29554972742344 0.233204789105824 0.629545252458439 0.924119160443936
"pnuC" -0.0804516755599122 8.14402790956423 0.230685853120894 0.631400955134844 0.924119160443936
"osmY" -0.124137172114717 11.2079287147804 0.228792113954987 0.632804306877567 0.924119160443936
"groS" -0.133868788548656 10.2983544968985 0.227199024676623 0.633990403252198 0.924119160443936
"entA" -0.138643423632971 8.44770044823393 0.22600224007673 0.634884803544675 0.924119160443936
"scpC" -0.0971783160234465 3.31843286774704 0.224514288374807 0.636000863523032 0.924119160443936
"ppc" -0.112428827615836 10.4831716047118 0.224135141873118 0.636285972049136 0.924119160443936
"wecG" -0.065791008851475 5.41963788804853 0.222006553294763 0.637892123436689 0.924119160443936
"wecD" -0.0745493594885518 5.29344228044124 0.219284247550423 0.639960048343622 0.924119160443936
"gss" -0.0832528244428443 8.63069700897375 0.219199668080636 0.640024547145754 0.924119160443936
"lpxD" 0.0754035616141741 9.59472894036171 0.215393692056089 0.642942756759323 0.924119160443936
"ddlA" -0.0630719680771762 7.62273618725729 0.215033477197089 0.643220569789474 0.924119160443936
"rlmG" 0.100861960758242 5.27344789383154 0.211577902407395 0.645900135879219 0.924119160443936
"ftsQ" -0.0645101832475291 7.89190865472959 0.209747216772851 0.64733047217059 0.924119160443936
"hrpB" 0.054473164884173 6.68098551596907 0.208180968785719 0.648560209444559 0.924119160443936
"dnaK" -0.158235753459946 14.2020869940107 0.207347136098014 0.649217174197894 0.924119160443936
"nirC" -0.131095221305133 2.3659809697812 0.207139479869088 0.649381031663306 0.924119160443936
"nuoC" 0.0945174180549025 8.8125371176995 0.198462500900438 0.656318340556 0.931602759612737
"sufC" -0.105661884675039 8.22838302809684 0.193353333644331 0.66048861706575 0.935130567529314
"stpA" 0.128307779080253 5.43238532090747 0.190895098112041 0.662518585039324 0.935251442217788
"mrcB" -0.0666055697252768 7.63978747443338 0.189179828694515 0.663944267087943 0.935251442217788
"gdhA" -0.0990190644853577 8.80778401633726 0.184348979252248 0.668001297948396 0.938584102180658
"ispB" -0.0618029188908869 7.86783429667451 0.1796666064793 0.671994200252726 0.938652522597549
"cybB" -0.0692854680576283 5.84725878604713 0.177990359221678 0.67343854560601 0.938652522597549
"yehP" -0.127630606726325 2.20862166587723 0.173276488751952 0.677543713701194 0.938652522597549
"lptD" -0.0734202681718275 10.326349595983 0.172043241218335 0.678628511633949 0.938652522597549
"rpmA" -0.0906437070828698 9.51598594423274 0.170349322725979 0.680125985077655 0.938652522597549
"yfiF" 0.0583170311251257 7.36027200706955 0.169839899496084 0.680578034425542 0.938652522597549
"lpd" -0.0976655166755613 11.245854724614 0.16969686461425 0.68070510262187 0.938652522597549
"cysA" 0.185143004126661 8.35271296912773 0.168085898865634 0.682140586319229 0.938652522597549
"dcd" -0.054907114473284 6.98092284277645 0.166279673166395 0.683759652043625 0.938652522597549
"zwf" -0.0676204372670365 9.05275170073801 0.164944977383031 0.684962651625239 0.938652522597549
"pmbA" -0.057276343554005 8.655277157429 0.159898504062716 0.689563140894366 0.941967897754455
"lpoA" 0.0506776013928869 7.72127552394392 0.158582722012644 0.690776458353267 0.941967897754455
"ybbN" 0.070113195542106 9.76487509422222 0.153921359000517 0.695122369662651 0.944285653327205
"fabH" 0.0583570345661185 9.06877361580736 0.153118036993629 0.695878976956445 0.944285653327205
"atpE" -0.0788817510901953 9.11631984320784 0.146308044173276 0.70238685829725 0.94984792092157
"entE" -0.1129442417359 9.66416600333439 0.140813703542204 0.707765235352025 0.94984792092157
"sfmD" -0.126668468324843 2.36875338588532 0.139639215638795 0.708930414572099 0.94984792092157
"yrbL" -0.0765534245343097 10.5627361542643 0.138050415742649 0.710515546481508 0.94984792092157
"artP" 0.0584217581321018 7.95381443578755 0.138012919023549 0.710553081801305 0.94984792092157
"yhdP" -0.0466714852718011 7.55500011732575 0.135126074487172 0.713460502824168 0.94984792092157
"pyrB" 0.133359807966279 10.1794779454593 0.131518096530049 0.717144216302296 0.94984792092157
"rpsP" -0.0818337491968305 9.36815170915203 0.130599977436002 0.71809071794231 0.94984792092157
"fumA" 0.0946462384641603 8.30376553334844 0.129912276980175 0.718802145460121 0.94984792092157
"proS" 0.0704917310866912 9.42756307421347 0.125745849246026 0.72315850293851 0.94984792092157
"clsA" -0.0414815134866839 7.40605071645912 0.124513824757204 0.724462231166095 0.94984792092157
"yqjH" 0.0734807142898436 6.62958033488477 0.122025274069494 0.7271179163535 0.94984792092157
"surA" -0.0572030594579237 9.00402079153356 0.119844574132955 0.729470176836126 0.94984792092157
"hslU" -0.0857351271078798 10.9891308932705 0.11877264032444 0.730635236419785 0.94984792092157
"rpsT" -0.121043066799059 8.86808269755894 0.118566775793406 0.730859658552755 0.94984792092157
"tdcC" -0.0676074064054437 3.50199588495473 0.117264634717894 0.732284256505243 0.94984792092157
"speD" 0.0753174414835644 7.96279926512205 0.114479691087999 0.73536105342688 0.94984792092157
"rpoD" -0.0780322694106895 10.8989684980896 0.113743652139803 0.736181184743682 0.94984792092157
"sbp" 0.244538726966405 8.11384911155493 0.112746627621707 0.737296847634946 0.94984792092157
"glyA" -0.0948325294576476 11.0251500092679 0.112665096600776 0.737388322740418 0.94984792092157
"yeeJ" -0.0385096012278944 6.69767067005879 0.109202816072508 0.741307397611126 0.94984792092157
"acrA" 0.0494547945816501 8.71178452083139 0.108229232631011 0.742421820595573 0.94984792092157
"dppB" -0.0968554903704884 6.7453890534424 0.107705683026609 0.743023406030506 0.94984792092157
"yqjE" -0.0684793754979813 8.58635013895612 0.106209722489572 0.744751321583757 0.94984792092157
"rhmT" 0.0731095788683372 3.15397974720597 0.118477615220008 0.745891009990966 0.94984792092157
"carB" 0.131910907804208 10.8228625874601 0.104592989211814 0.746633944445038 0.94984792092157
"thrL" -0.105312061264975 6.86883492495879 0.104126464287914 0.747180180324742 0.94984792092157
"dxs" 0.0475301173062336 7.93730390203281 0.103514913004624 0.747898272869777 0.94984792092157
"wzzE" -0.0428331296170082 6.99899168351816 0.0991124618876881 0.753138174106922 0.95174150960534
"cysK" 0.119492365544932 11.6186355247997 0.0955044685915022 0.757528715786685 0.95174150960534
"pyrG" -0.0669334982000709 10.504832407023 0.0953692200626522 0.75769505324723 0.95174150960534
"ompR" -0.0498278802672703 6.74717177207224 0.0926857774002056 0.761022408992508 0.95174150960534
"serS" -0.0632640521922932 10.183975629714 0.0926797851833943 0.761029897642576 0.95174150960534
"ftsH" -0.0759025215021497 11.6481916457511 0.0916549978020197 0.762314517829715 0.95174150960534
"ppk" -0.0454745794626859 8.7434686974794 0.091414840502691 0.762616699503047 0.95174150960534
"glpT" 0.140853987725585 5.29275905082487 0.0900490667850785 0.76434350119588 0.95174150960534
"ykgM" -0.145948477400069 8.98745139216134 0.0896759141462688 0.764822906817985 0.95174150960534
"wrbA" 0.073658059586914 9.86928454537935 0.083434903561034 0.772914942267365 0.952461588712097
"rhaB" -0.0954618468647228 1.53262090926231 0.0816240947456017 0.775325417020065 0.952461588712097
"lpxC" -0.0777573710032693 12.0360462497484 0.0815762794144351 0.77538945708367 0.952461588712097
"rpmB" 0.0688989495023056 10.4969866097464 0.0795160019927583 0.778168354574182 0.952461588712097
"cysH" 0.135393098916003 8.06129385249976 0.078964329439553 0.778919032669402 0.952461588712097
"ftsZ" -0.120046060967549 9.86052916260873 0.369547335879412 0.779745194948885 0.952461588712097
"nfuA" 0.0522442419663722 9.34224249625536 0.0783220321697053 0.779796600967979 0.952461588712097
"ydiJ" 0.0626171383907975 8.48548178884213 0.0775734433826239 0.78082430683145 0.952461588712097
"rpoH" -0.0618676717750127 10.3152248386389 0.0771841305862352 0.781360891180469 0.952461588712097
"yciI" -0.0582588261070303 6.32128163289904 0.0758516942487157 0.783208485992118 0.952461588712097
"ivy" 0.0527498753162396 7.7828705899199 0.0750852485941511 0.784279182056627 0.952461588712097
"cysN" 0.140500859900055 9.73258687962725 0.0736456489501213 0.786306248351304 0.952838357718283
"mprA" -0.0480474214452778 7.77879651570805 0.0706138269693499 0.790646004273786 0.954785349396453
"ygiQ" 0.0569291240176296 7.23767380468985 0.0700605830147279 0.791448622794455 0.954785349396453
"talA" -0.073139252335031 10.3132158173392 0.0667328806259074 0.7963494279498 0.954785349396453
"fliY" -0.102811269937057 9.3126803845292 0.0652730667453106 0.798540472637601 0.954785349396453
"glcE" 0.0676152890169684 5.26016395156385 0.0649691960895303 0.798999828014982 0.954785349396453
"menB" 0.0386451602750665 7.35028374069512 0.064403956239016 0.799861647577538 0.954785349396453
"moaB" 0.0447395571003102 7.09171262259894 0.0632493800970609 0.801621466962116 0.954785349396453
"ycbZ" -0.0377323743107358 8.51356346903845 0.0621923658316857 0.803251598025716 0.954785349396453
"rseA" 0.0518202083395708 10.2870911974595 0.0607781637436685 0.805455774523439 0.954785349396453
"patA" 0.0704267015536902 10.8499246168672 0.0600956453500183 0.806529285332419 0.954785349396453
"ileS" -0.0514315621335976 10.7539491143846 0.0581370613991291 0.809646257946564 0.954785349396453
"nuoB" 0.0446660211104586 7.9083806520415 0.0574993376702114 0.810673124441596 0.954785349396453
"tolB" -0.0475508550613191 9.72876654707712 0.0569210737934474 0.811609467946547 0.954785349396453
"lysS" -0.0508248503365909 9.74160593234792 0.0566822594382811 0.811997630477704 0.954785349396453
"gstB" -0.0426141225945713 7.65219743765159 0.0536755431208765 0.816960522647511 0.957009191174152
"pdxJ" -0.0335911443818406 6.67937959713587 0.0525266945937225 0.81889541737862 0.957009191174152
"grpE" 0.0544841149913457 10.2838976557541 0.052428444456714 0.819061920374274 0.957009191174152
"gabD" 0.0746379114260699 9.95769083815908 0.0512076955000735 0.8211445543356 0.957050804802457
"frr" -0.0392248709844132 9.89258144780386 0.0490393756939055 0.824909141944054 0.957050804802457
"ackA" 0.054693797709433 9.87864846635446 0.0487457020630508 0.825425678482701 0.957050804802457
"insG" 0.0468581984738777 5.24106499628983 0.106757448014175 0.829197820681004 0.957050804802457
"bglF" -0.0431109810939443 5.31363867772087 0.0460647001638252 0.830218706190176 0.957050804802457
"ridA" 0.0503550548554334 9.14764481531719 0.0449355997690016 0.832280906604959 0.957050804802457
"hflX" 0.0352438901090761 9.68751905801035 0.0445456280678531 0.832999436432723 0.957050804802457
"cpxA" 0.0305328012810068 7.80613789676558 0.0437508835290186 0.834474008501374 0.957050804802457
"fabF" 0.0427039926329036 10.0472090501252 0.0436740639337884 0.834617278422323 0.957050804802457
"entC" 0.0554064403004693 9.33285559065891 0.0384248496827204 0.844738549109024 0.960889298408166
"yegT" 0.0575928070835535 4.00750569270601 0.0448012951518469 0.849916473232961 0.960889298408166
"fes" -0.044805424161631 8.3002062646947 0.0339244932023973 0.854004465699328 0.960889298408166
"ettA" -0.0293712313453844 9.2035846245685 0.0335405298812687 0.854823736766283 0.960889298408166
"argK" 0.0601171417345003 2.20040226587332 0.0376172185626882 0.856666718188749 0.960889298408166
"cysC" 0.0935308256499436 7.20017305594887 0.0323967897381839 0.85729330081582 0.960889298408166
"htpX" 0.0359702829291204 10.6611514023879 0.0322441789382511 0.85762620156427 0.960889298408166
"hemL" -0.0275418688649141 8.53691774403444 0.0320813495430045 0.857982290906539 0.960889298408166
"rodZ" -0.0291426987120117 8.85525475354264 0.0315091606965534 0.859241057770896 0.960889298408166
"speB" -0.0271033315864824 8.18545972493646 0.0314883501252705 0.859287060596183 0.960889298408166
"rimK" -0.020597460250863 5.70150627497872 0.0284945393711851 0.866076586251355 0.960889298408166
"elbB" -0.0214171067545846 6.2759692920308 0.0281834930866676 0.866802642158529 0.960889298408166
"ygaU" -0.044672973175977 9.85513889750117 0.0278990074847281 0.867470314953918 0.960889298408166
"lptA" -0.0214194910418975 7.70444109083367 0.0272302274288839 0.869053821959691 0.960889298408166
"secA" -0.0285512227823998 9.40151822808913 0.0259897736168287 0.87204471402714 0.960889298408166
"aspS" 0.029303251687438 9.61721454657825 0.0259858033329538 0.872054403163029 0.960889298408166
"ppiD" -0.0329298384982589 8.66697964594579 0.0381179763778863 0.87377886124266 0.960889298408166
"sufS" 0.0370520323920956 8.80792782891542 0.0249231677749401 0.874675545551429 0.960889298408166
"eptC" 0.0275966104645949 7.26737873738084 0.0241522168631554 0.876613250498372 0.960889298408166
"pta" -0.0349872980324004 9.36236227169188 0.0239878113143658 0.877030547264812 0.960889298408166
"narZ" 0.0244391078398741 6.48844065435015 0.0234205179800492 0.87848182006643 0.960889298408166
"yicC" 0.0220561695435364 7.76129898616913 0.0234023683716999 0.878528546514483 0.960889298408166
"hemB" 0.0203632339285151 7.28506147820177 0.0229179105562743 0.879782714684492 0.960889298408166
"ribD" -0.0230867906233195 7.39850083349321 0.0221954065617485 0.881678603580686 0.960889298408166
"yhcD" -0.0252002069526245 4.42629492614708 0.0218298746003083 0.88264980098901 0.960889298408166
"tolA" -0.019867213487925 7.41490398026846 0.0217065441829288 0.882979355293991 0.960889298408166
"pliG" -0.0490791766456156 8.05095507407177 0.0206036366696071 0.885970038357649 0.961799628644641
"dps" -0.0519835349274903 13.3128126431578 0.0200894840383433 0.88739214728621 0.961799628644641
"zinT" -0.0703090241650116 10.2353481125627 0.0195109220396698 0.889014791882344 0.961799628644641
"oppF" -0.026792775077218 9.55014315378439 0.0172811400626095 0.895510179487226 0.965560514369093
"nuoF" -0.0243519674340413 8.59042736995068 0.0169153813029536 0.896615556590528 0.965560514369093
"rsmG" -0.0236293148808922 5.53627629441303 0.0165570565741937 0.897710316062076 0.965560514369093
"cstA" -0.0357885542507265 9.13140282623251 0.0152613070704504 0.901773184220425 0.965955106542666
"pgsA" -0.0183986505544142 6.12945711464461 0.0146182538392024 0.903854586529877 0.965955106542666
"gcd" 0.0260645856426264 9.88892974038452 0.01439967003309 0.90457263312296 0.965955106542666
"metG" 0.0265639471838616 8.96945211112157 0.0142585902306411 0.905039018742678 0.965955106542666
"rplM" -0.0285606267702332 10.8602188152537 0.0133621656035573 0.908058766585706 0.967317879952144
"cdsA" 0.0165115688507893 7.39429904059332 0.0119588340983678 0.91300023191245 0.968921823020064
"yfjH" 0.0292754433119671 2.77103231852246 0.0117721007511509 0.913679449076816 0.968921823020064
"cpsB" -0.0270733188270458 3.91932331678838 0.0114667790478419 0.914801865337862 0.968921823020064
"panD" -0.0231580167314214 7.42104179029499 0.010752643331764 0.917487682232942 0.96991554978911
"lacI" -0.0254235875562832 9.62913602277255 0.0100753486812133 0.920119579340549 0.970848605577955
"mutM" -0.0181302409511668 6.20246768387677 0.00907318984102778 0.924183626038812 0.970909033634647
"rpoS" -0.0236941581285812 12.4348838652295 0.00834838596403337 0.927266101926189 0.970909033634647
"yecS" 0.0253337715481621 5.92144228181642 0.00823130775477444 0.927776501852382 0.970909033634647
"gcvT" 0.0170616758252306 8.71826739934008 0.00780451213175282 0.929668812229184 0.970909033634647
"hdeA" -0.0260781161874861 10.7036513892475 0.00721903367081482 0.932351667482849 0.970909033634647
"tyrB" -0.0228110504218416 8.65538906214224 0.00716670761812462 0.932596693221322 0.970909033634647
"nlpD" 0.0209004104712703 11.6349421291861 0.00689550773233419 0.933881320996249 0.970909033634647
"purL" -0.0226353612065111 10.0923333516092 0.00661322730522937 0.935245753133893 0.970909033634647
"valS" -0.015484032427401 10.0839404539478 0.00647566048589962 0.935921320710876 0.970909033634647
"tktA" 0.0215598856001967 10.6047823185606 0.00608297621855353 0.937890493401422 0.971136611637667
"purD" -0.0170318399021498 8.46027144038461 0.00520771517792707 0.942523916263223 0.972589983770719
"elaB" 0.0217799623918559 10.25185909131 0.00515791071566059 0.942798939222787 0.972589983770719
"rpmI" 0.0158008959387587 10.6448846745213 0.00479821879592965 0.944826147479679 0.972872934788908
"rbn" -0.0099458644485508 4.76779616668512 0.00426593756466477 0.947972831758578 0.974305410418539
"serA" -0.0140601655522813 10.7717124030405 0.00310921855593834 0.955573556501578 0.980301892529345
"bcp" 0.00853028810707649 7.75035678457983 0.00258938987662318 0.959453591173421 0.981358220206479
"nrdE" -0.0139798171512688 9.70385494297514 0.00245104637603112 0.96055068346877 0.981358220206479
"fbaB" 0.0129456866803105 10.6613054193344 0.00211649634819843 0.963339635587748 0.981358220206479
"ychJ" 0.00920928057384999 5.48110714158666 0.00207779896908908 0.963676090112669 0.981358220206479
"guaC" 0.00670177481312917 7.9832382601704 0.00144288524060166 0.969727182969608 0.985711696974601
"ybdN" 0.0128283056053468 2.50181344672568 0.00173388165608796 0.978449751730824 0.988922489896385
"rpsA" 0.00755612742451279 12.8741793227467 0.00066760370982084 0.979405434879675 0.988922489896385
"rpmH" 0.00618378698037181 7.7108895210018 0.00059699535565282 0.980524713269107 0.988922489896385
"yniA" -0.00524240405852514 8.82887766964266 0.00054447841498773 0.981400874158856 0.988922489896385
"rpsO" -0.00597780535709352 9.11292198971499 0.000521636407994184 0.981795120599835 0.988922489896385
"tamA" -0.00251055408046036 7.21846863295589 0.000388534961909164 0.984288104585971 0.989637496458721
"waaA" 0.00516590562426337 6.22791308214224 0.00106811315891134 0.988546492984567 0.991497332872833
"ada" -0.00363498764054097 6.95258113609111 0.000465236646752633 0.989710851191981 0.991497332872833
"murD" 0.000712715311385714 7.74888054498836 0.0000269155928568278 0.995864369089599 0.995864369089599
