"logFC" "logCPM" "F" "PValue" "FDR"
"araG" 7.040715246874 7.79370699200158 530.106957805631 0.0000000000000000000000000000000000000000000000000000000000000000065825339066467 0.00000000000000000000000000000000000000000000000000000000000000598352332114185
"araE" 5.43053232779642 8.93731487433882 514.38545485911 0.0000000000000000000000000000000000000000000000000000000000000000982348105366131 0.0000000000000000000000000000000000000000000000000000000000000446477213888907
"lsrG" 6.71998208786602 6.67393035656891 440.158975510178 0.0000000000000000000000000000000000000000000000000000000000745545787171295 0.0000000000000000000000000000000000000000000000000000000225900373512902
"rspA" 7.54739961939925 9.59327152859293 385.412543217432 0.0000000000000000000000000000000000000000000000000000041451044524068 0.000000000000000000000000000000000000000000000000000941974986809446
"lsrF" 6.87388024058011 7.76819309711104 361.213605225182 0.000000000000000000000000000000000000000000000000000696124616734988 0.000000000000000000000000000000000000000000000000122615072105248
"lsrB" 6.92863660383105 7.89852320337789 360.515578402791 0.000000000000000000000000000000000000000000000000000809340409935633 0.000000000000000000000000000000000000000000000000122615072105248
"lsrC" 6.73595383136039 7.33204374698686 358.2177437251 0.00000000000000000000000000000000000000000000000000200920762790281 0.000000000000000000000000000000000000000000000000260909961966236
"rspB" 7.9289866954087 9.52469211809039 319.536935055831 0.0000000000000000000000000000000000000000000000109362009080785 0.00000000000000000000000000000000000000000000124262582818043
"yejG" 4.87273069776485 7.23429226235232 281.466760592745 0.0000000000000000000000000000000000000000000678588795483558 0.00000000000000000000000000000000000000000685374683438394
"ytfQ" 7.35781472250825 9.11311048255062 273.978366242909 0.000000000000000000000000000000000000000000436890612869143 0.0000000000000000000000000000000000000000397133567098051
"ytfT" 5.93206553782895 5.99608692375021 243.269196636364 0.00000000000000000000000000000000000000119684505761078 0.0000000000000000000000000000000000000989029233971092
"yjfF" 4.7711166719445 5.71156659620306 242.279841592524 0.0000000000000000000000000000000000000015566413932134 0.000000000000000000000000000000000000117915585535915
"glcD" 3.32506745857839 6.40909570904101 238.367187898937 0.00000000000000000000000000000000000000442387365277142 0.000000000000000000000000000000000000309330857720709
"sdhA" 4.89096395488922 9.28950896126146 225.626915074347 0.000000000000000000000000000000000000140443102953148 0.00000000000000000000000000000000000911877004174368
"rbsD" 5.8415595890921 7.77226544108782 221.845989500528 0.000000000000000000000000000000000000398675173920488 0.0000000000000000000000000000000000241597155395816
"sdhB" 3.95320763569358 7.98373052448305 200.613739079539 0.000000000000000000000000000000000162925910454916 0.00000000000000000000000000000000925622828771989
"xylA" 2.35054838008769 7.21548539326361 192.618696191784 0.00000000000000000000000000000000168312666754724 0.0000000000000000000000000000000899977729882614
"rbsA" 4.53350851641501 7.63126485971402 189.335997526672 0.00000000000000000000000000000000444245693287265 0.000000000000000000000000000000224344075110069
"gltD" -3.68173217180143 9.74253833900295 178.146770041356 0.000000000000000000000000000000128078320493255 0.00000000000000000000000000000612753649096679
"aldA" 4.22431046160812 8.99328876412251 166.271825498351 0.00000000000000000000000000000498323262101393 0.000000000000000000000000000226487922625083
"uxaB" 3.26114039830243 8.45561053052381 164.434436494609 0.00000000000000000000000000000885985094702381 0.000000000000000000000000000383504976706888
"acs" 5.43932515717904 9.91769573656488 153.685208950972 0.00000000000000000000000000040466758767631 0.0000000000000000000000000167201289635348
"araA" 5.28139765008931 10.6942623911903 152.808069634036 0.000000000000000000000000000535010336611596 0.0000000000000000000000000211445389556496
"ybaE" 3.29036635470908 6.86091297849639 149.917492097506 0.00000000000000000000000000091269366414743 0.0000000000000000000000000345682725295839
"ydcI" 2.92433468452398 6.61456865160702 148.618161869024 0.00000000000000000000000000139285042291848 0.0000000000000000000000000506440413773161
"yagE" 3.66601141566304 7.23827720382438 143.06285103351 0.00000000000000000000000000861703649740869 0.000000000000000000000000301264852928634
"yfdE" 3.15929048395356 3.56599742663788 143.168409674953 0.0000000000000000000000000093768899474609 0.000000000000000000000000315688628231183
"dctA" 3.67779710566587 9.23993388256236 131.894511420755 0.000000000000000000000000362779702544013 0.0000000000000000000000117773839147324
"cynX" 2.60208081756937 3.67688196587463 131.693763762888 0.000000000000000000000000388379303477758 0.0000000000000000000000121736823055615
"ydcJ" 4.13113510243297 8.76936109741534 130.799779856169 0.000000000000000000000000526397636399703 0.000000000000000000000015949848382911
"xylH" 2.20290763350382 3.85258924277519 129.379782427603 0.000000000000000000000000854455971821397 0.0000000000000000000000250548541414726
"ompC" -3.74240097103031 11.8024290324831 127.163682390731 0.00000000000000000000000182613427865734 0.00000000000000000000005187362685311
"gatZ" 4.48530012162628 12.0821606710436 126.631062418703 0.00000000000000000000000219324070602194 0.000000000000000000000060413812174968
"ymdF" -2.98474180363823 8.94371064144084 126.195859204931 0.00000000000000000000000254782798198801 0.0000000000000000000000681169304596206
"amtB" -1.91416078337642 6.10032198897711 122.72358625438 0.00000000000000000000000847345801500977 0.000000000000000000000220067809589825
"fadE" 3.19401910760672 8.98894929053309 122.405637737235 0.00000000000000000000000946419012624387 0.000000000000000000000238970800687658
"ygeV" 3.26142289304279 7.10789381413363 120.029905170621 0.0000000000000000000000216856027034155 0.000000000000000000000532762509659586
"ptsP" -1.79470336567865 8.85509810938713 116.413862895266 0.0000000000000000000000773683679266508 0.00000000000000000000185073280119278
"oppD" -2.43910627759825 9.45902957423596 115.311826682628 0.000000000000000000000114277388004711 0.00000000000000000000266354219734057
"fadH" 4.19132189002896 6.30785822434153 112.766538714658 0.000000000000000000000282553183407627 0.00000000000000000000642102109293833
"araB" 4.64782144025089 10.6494162781934 111.802264084231 0.000000000000000000000398783909511128 0.00000000000000000000884133106696624
"gltB" -3.19179814709674 11.248100915111 111.286724492195 0.000000000000000000000479621012269367 0.0000000000000000000103803690512584
"uidA" 2.50848520832715 5.8445647211269 111.178119102166 0.000000000000000000000498653914235743 0.0000000000000000000105413118148905
"dsbA" -1.95467235512426 7.7522654272986 110.900081660726 0.00000000000000000000055092121321237 0.000000000000000000011381531427501
"cyoE" -2.45455720448011 9.74742698308422 109.783323761981 0.00000000000000000000082279950408555 0.0000000000000000000166205499825281
"gatY" 3.9439160629097 12.3960008136013 109.497479103388 0.000000000000000000000911942553364872 0.0000000000000000000180207778480145
"oppF" -2.40407784814848 9.55153957229923 108.9429107357 0.00000000000000000000111361959110248 0.000000000000000000021537876772599
"tyrB" -3.16624265308775 8.65805506070045 98.8463762796189 0.0000000000000000000446296216844494 0.000000000000000000845173460649261
"yciG" -2.7998933239468 8.65434906524752 95.1077480033509 0.000000000000000000179726429337229 0.00000000000000000333410865852125
"yccA" -1.86361012448934 9.52566391751519 94.301618616365 0.00000000000000000024316245391077 0.0000000000000000044206934120978
"rbsK" 1.7921663592208 6.25231307626766 93.5027829982567 0.000000000000000000328313689159867 0.00000000000000000585170869502586
"ychH" 3.81752438568846 11.0164645559497 93.1146182874726 0.000000000000000000379975094053896 0.00000000000000000664225693259599
"bsmA" 3.22091166444266 8.80782850394413 90.5415199891947 0.00000000000000000100517956222637 0.0000000000000000172397777747881
"fdoG" 3.20228659024659 10.6948816851309 89.1859493356725 0.00000000000000000168296696141364 0.000000000000000028329943850463
"sucD" 2.02489291098101 9.38931258813828 87.9274393613694 0.00000000000000000272059920327011 0.000000000000000044964085014046
"glnS" -1.51976352653122 9.44992835383121 85.9080609694342 0.00000000000000000590139483529986 0.0000000000000000957922840229923
"sucA" 2.47685042551508 10.6322914068966 84.770397680696 0.00000000000000000914711130951049 0.000000000000000145872354041141
"fadD" 2.81708615360522 8.24863260251018 84.4654893841909 0.0000000000000000102896905191236 0.000000000000000161264287618678
"rpsQ" -2.37229602427949 9.7924278853148 83.5527998883009 0.0000000000000000146450062921497 0.000000000000000225632385077357
"lpxA" -1.33389834599554 8.64593545870578 82.5782291830627 0.0000000000000000213709884285989 0.000000000000000323770474693273
"fdoH" 2.82379433869078 8.41236268682383 82.3287535101858 0.0000000000000000235459717035572 0.000000000000000350873578336615
"cspD" 2.78034980483101 10.5847590409822 80.6467602294617 0.0000000000000000453438221580861 0.000000000000000664798940995165
"msbA" -1.51113089680685 7.82183220184513 80.129068581024 0.0000000000000000555137345401134 0.000000000000000800983884078779
"rfbA" -1.7567537864863 7.31911424781244 80.0806419401226 0.0000000000000000565754719016761 0.000000000000000803548499353493
"trxC" 1.95582375554135 5.95807363942201 79.7854076724085 0.0000000000000000635059642114461 0.000000000000000888106484126223
"ycbX" -1.44912537358714 6.79177806324254 79.4778998793063 0.0000000000000000716364748673194 0.000000000000000981171195565576
"puuA" 2.5414629369319 6.94422706327958 79.4536878305082 0.0000000000000000723195490680898 0.000000000000000981171195565576
"sucC" 2.10398692153204 9.79289750800767 79.2438945182422 0.0000000000000000785200053014716 0.00000000000000104962771792702
"gspO" 1.59717534045308 4.52710270466663 78.9980400005725 0.0000000000000000864717256180729 0.000000000000001139170994012
"yhjJ" -1.204898009801 7.20451790646189 78.6929141537717 0.0000000000000000974789156257484 0.00000000000000126583334719722
"intA" 1.37305392583839 6.10406686235258 78.0405553946174 0.000000000000000125986658393291 0.00000000000000161298411942959
"dadA" 2.34874980684768 10.6770317052914 77.7528188192884 0.000000000000000141102715177256 0.00000000000000178142177911286
"purA" -2.26908245783628 11.0419412700933 77.2708249603791 0.00000000000000017063375969929 0.00000000000000212474092557062
"rbsB" 1.82289628372204 7.95575566599311 76.442594826355 0.000000000000000236678765082175 0.0000000000000029073107764824
"mraY" -1.30046030211674 7.16049490052175 75.4452942018163 0.000000000000000351344241098332 0.00000000000000425829220211178
"focA" -1.56264559121589 9.08695506066417 75.4115727131696 0.000000000000000356076476749957 0.00000000000000425886207060146
"gyrB" -1.51898159203 9.53736217429584 74.6898804249765 0.000000000000000474284182696094 0.00000000000000559901716974999
"bfr" 1.81069590286504 6.69938473607874 74.5846002846696 0.000000000000000494564363773278 0.00000000000000576357700858858
"polA" -1.199883668082 8.72623827652455 74.431034792816 0.000000000000000525723500141519 0.00000000000000604914761555242
"acrB" -1.65464363811476 9.84673089877312 72.7089684269542 0.00000000000000104512202034915 0.0000000000000118751989562172
"uspG" 1.71999352235517 7.33690658639028 72.6301525561171 0.00000000000000107860484962587 0.0000000000000121043433124681
"fadL" 2.98925559114146 8.14829696249447 72.2941103281632 0.00000000000000123393326652248 0.0000000000000136786016984016
"proP" -1.93293334231424 10.396417020222 71.4418638116067 0.00000000000000173678946825422 0.0000000000000190209834535312
"acnA" 2.05925804890872 10.4615849610837 71.1313720532376 0.000000000000001967568062852 0.0000000000000211298293239025
"lldP" 2.02717738415048 6.39592323930035 71.1209405073441 0.00000000000000197583662544743 0.0000000000000211298293239025
"bssR" 2.70184308202829 10.5506016130823 71.0230149940373 0.00000000000000205518504068482 0.000000000000021722827930029
"hldE" -1.29762047400262 7.85161891780262 69.9338096558033 0.00000000000000318712865249631 0.0000000000000332999993691855
"gadE" -2.7138508156929 6.87898305985822 68.9071472527902 0.00000000000000482611992111827 0.0000000000000498516250942785
"fabZ" -1.29077722114466 7.80257847818722 67.3726063410057 0.00000000000000899536043241028 0.0000000000000918739621692241
"lacZ" 3.86438805279314 10.933380796405 65.8457844601574 0.0000000000000167639523731752 0.000000000000169315918969069
"slyD" -1.50145741793272 9.85006060665669 65.6999745315623 0.0000000000000177935904855062 0.000000000000177740370893683
"mtr" -4.82107334936641 10.9919564976783 65.3690199776376 0.0000000000000203735094307612 0.000000000000201299131223499
"ddlB" -1.25513106180135 7.62123218293781 64.8981707495829 0.000000000000024707588213625 0.000000000000241496749313818
"mtlA" 2.03190705690327 8.62523584284785 64.2753782708561 0.0000000000000319020504923495 0.000000000000308499615931337
"xylB" 1.23904550574398 6.04140409894586 63.9717832225249 0.0000000000000361411869227589 0.000000000000345814093818819
"dusB" -2.17754916535374 9.02942887069039 63.6932463330821 0.0000000000000405284725235488 0.000000000000383753974207353
"rplP" -2.30587039299706 10.7569025115944 63.3501183444039 0.0000000000000466785758705193 0.000000000000437431190374247
"psd" -1.16984677995518 8.00036946054772 62.3072712962043 0.0000000000000717814480010171 0.000000000000665809553397189
"sucB" 1.80961754255745 9.96671391047063 61.8902932770207 0.0000000000000852936945706941 0.000000000000783151195603646
"rpsI" -2.25792313671695 10.5848586445386 61.2949141296172 0.000000000000109155102597691 0.000000000000992219882613007
"murD" -1.16443910231721 7.75046890270851 61.2403299606251 0.000000000000111654376281634 0.00000000000100488938653471
"pepD" -1.52182402754217 9.92283502454186 60.7093420722236 0.000000000000139190044860542 0.00000000000124042892919836
"nadE" -1.31643191105968 8.46908628549266 59.6999746511672 0.000000000000211857757593715 0.00000000000186969613255035
"pheS" -2.67040892916473 8.34509360098759 59.2208464913 0.000000000000258734253423896 0.00000000000225263839419078
"rpsS" -2.42257103211732 10.1897370750711 59.2072635640924 0.000000000000260205755104545 0.00000000000225263839419078
"rplV" -2.47127967528889 10.4431576195635 58.9856171758098 0.00000000000028544546949371 0.00000000000244782954499795
"mscS" -1.6842445622641 9.28218916214712 58.7965984724375 0.000000000000308911365535189 0.00000000000262430309599521
"rpmC" -1.97297738014412 9.19684855237144 58.4717784210388 0.000000000000353871065778547 0.00000000000297841480363610
"malQ" -1.23769920437352 7.98542186051181 58.1587875902155 0.000000000000403428700772361 0.00000000000336437329359703
"ggt" -1.68436233180072 8.10514326262311 58.1160492159109 0.000000000000410718163696534 0.00000000000339402555272863
"glnH" -1.43299571506333 8.62043907501974 57.7364183345849 0.000000000000481585690929153 0.00000000000394379633382523
"ptrA" -1.13867502723897 7.06345460532973 57.5114974451819 0.000000000000529263404301314 0.00000000000429553959383834
"atpG" -1.94378339071268 10.1918749612744 57.0031306642697 0.000000000000655312872181161 0.00000000000527149912223607
"tig" -1.95274919876075 10.7455948857197 56.8028714664755 0.000000000000712916824029229 0.00000000000568457362318043
"pfo" 1.50290443189502 9.53046229447633 56.453550456242 0.00000000000082589138704014 0.00000000000652813278973467
"oppA" -2.13923020132955 12.5842284243267 56.3011659136905 0.000000000000880672358533719 0.0000000000069011308095444
"galU" 1.14100790244786 8.55603403653789 56.1437265443027 0.000000000000941121834423117 0.00000000000731179271359499
"rplW" -2.41720940155935 10.357037394208 55.5665289783333 0.00000000000120081497379627 0.00000000000925034585746445
"dld" -1.51867627192947 8.62832929076111 55.531014541534 0.00000000000121897386038661 0.0000000000093113213369028
"csiD" 2.8609651779617 10.1832322767096 54.8752971871402 0.00000000000160873169630962 0.0000000000121861425995454
"rpsC" -2.34680111044176 11.4803500715151 54.6356347779544 0.00000000000178068924072443 0.0000000000132971384361304
"tatB" -1.20094714180929 7.23665280733954 54.6303877086727 0.00000000000178465444357306 0.0000000000132971384361304
"zapA" 1.58072666649346 9.46945973484539 54.0957707078352 0.00000000000223907334944226 0.0000000000165472981678294
"tyrS" -1.45890089954 8.99526529554035 53.0571692966846 0.00000000000348305748568915 0.0000000000255330585039632
"malP" -1.41954538457956 8.60428089234586 52.5142342075869 0.00000000000439078935216248 0.0000000000319298201689256
"mtlR" 1.17100837514322 6.99697019757026 52.1433869446847 0.00000000000514459435432846 0.0000000000371145735562268
"pstB" -1.29580348086935 6.61532395864709 52.0453488815407 0.00000000000536483128940715 0.0000000000383986743470166
"dcrB" 1.08912630985319 7.18090175644671 50.5300691820856 0.0000000000102733170460088 0.0000000000729566030845465
"narK" -1.56627907956446 5.76456271379032 50.3695963840907 0.0000000000112454723705115 0.0000000000784365681328925
"tyrA" -4.89821901726367 10.5294626050128 50.3140712995275 0.0000000000112732900078144 0.0000000000784365681328925
"yceD" -1.69818855535711 10.5054470146054 50.3077805557085 0.000000000011303839851935 0.0000000000784365681328925
"yraJ" 1.17820355647301 5.86892241667069 50.0892435143487 0.0000000000124185736089811 0.0000000000855188137163926
"mtn" -1.17490948273769 7.93128141764759 49.7261657516937 0.0000000000145211547355446 0.0000000000992460876286472
"bioA" 1.05925010511384 7.74190587803378 49.6438840047287 0.0000000000150455268593354 0.000000000102062566530865
"smg" -1.08001927234978 8.46068137632362 49.5823290900834 0.000000000015450255921203 0.000000000104031723202767
"rplB" -2.25247597068778 11.7406027371823 49.5241775881021 0.0000000000158426858535207 0.000000000105889716476841
"pepP" -1.25287682719817 8.88821938934747 49.4885336147042 0.0000000000160881773613275 0.000000000106745643952166
"gstB" -1.41897002962751 7.6549672008484 49.1774825878856 0.0000000000184000310621537 0.000000000121200204605056
"atpF" -1.8174277382194 9.6949273389662 48.7789705169282 0.0000000000218584118230372 0.000000000142944578036984
"atoS" 1.46351187976412 4.83199985148729 48.6887905101118 0.000000000022727918641977 0.000000000147569128896837
"ubiG" -1.12848084312437 6.64899286419114 48.4516858699196 0.0000000000251841446706272 0.000000000162357358195746
"gyrA" -1.55922256758261 10.3629231221552 48.417465929917 0.0000000000255600930983446 0.00000000016362059596053
"rpsR" -1.75148028746203 9.40134743763321 48.1528241504821 0.0000000000286652438746249 0.000000000182214732042196
"aldB" 2.60609834583892 9.84366155051868 47.6257254921982 0.0000000000360303731974668 0.000000000227441730809009
"cyoC" -1.69285308974059 8.75102101628225 47.6002587883243 0.0000000000364310527417614 0.000000000228385013394904
"atpC" -1.54526993184232 9.24023991293335 47.3432486133349 0.0000000000407349652119891 0.000000000253617009436289
"dadX" 1.47132612831226 9.31897309886879 47.1523540060629 0.0000000000442604658723096 0.000000000273692268557343
"rbsC" 1.48551429741441 6.69563892016845 46.6264816716505 0.0000000000556477769037687 0.000000000341782629767066
"ydiU" -0.989471311357326 8.07069477882204 46.6077792442216 0.000000000056103180251774 0.00000000034226705267693
"flc" 1.21481560421374 5.75749212135239 46.3448973736644 0.000000000062916697198591 0.000000000381275185023461
"wbbK" -2.08661408247389 5.40033909853925 46.2724674807746 0.0000000000649365431566723 0.000000000390909388936524
"wzxB" -2.04613438402266 5.33332672735164 46.176116182512 0.0000000000677251953037022 0.000000000405014490335956
"atpH" -1.67849687513274 9.22522283367244 45.5755824859939 0.0000000000880457735939045 0.000000000523095478410844
"csiE" 2.13199313503191 9.89036068828762 45.5315558712459 0.0000000000897579007179189 0.000000000529804751640184
"argD" 1.92059273225453 7.13356098253251 45.4638697435904 0.0000000000924558211204779 0.000000000542208654183964
"mukB" -1.19035125122332 9.20835611177324 45.4476955623233 0.0000000000931125250760042 0.000000000542559521115947
"srlD" 2.30883647195259 4.71825504924278 45.3590831044549 0.0000000000967947351866637 0.000000000560423020921511
"hicB" 1.23840142094838 4.42003570254754 45.2958977184243 0.00000000009950969672288 0.000000000572495660260114
"murA" -1.32879057915678 8.07071305708071 44.907759747002 0.000000000117956860075263 0.000000000674357143449145
"allR" 1.45728175353916 9.29815262796539 44.3627391433463 0.000000000149833134029624 0.000000000851239492705801
"rpsP" -1.58906905676546 9.36986108355416 44.0102980945283 0.000000000174942099963487 0.00000000098771657681248
"lrp" -1.17537875226565 8.53728199866453 43.9310421954522 0.000000000181149579996141 0.00000000101645042108946
"amiD" 1.05304484036131 7.19144174249168 43.5912796816997 0.000000000210379406252822 0.00000000117322012444059
"rpoC" -1.87913008868533 12.7367142176821 43.5489321747283 0.000000000214341415517895 0.00000000118802650430346
"ftsA" -0.959054936249139 8.54596963990127 43.4175027966437 0.00000000022712348070976 0.00000000125124390281922
"rpsF" -1.81119741968592 10.8009611660072 43.3696213163895 0.000000000231968849625847 0.0000000012702390621078
"hflC" -1.0740681049755 9.03060224329019 43.3530615836494 0.000000000233668758806151 0.00000000127188563925025
"aroF" -4.75833171961812 11.2087188583646 42.8123062652196 0.000000000296656448572361 0.00000000160512328423974
"pgaA" 1.89653988418667 4.38970361358328 42.7105541213308 0.000000000310299267236727 0.00000000166746448260748
"yifL" -1.0570870730194 6.44135317826716 42.69929641431 0.000000000311847042951893 0.00000000166746448260748
"priB" -1.65998823365609 9.83343034621875 42.1791286327821 0.00000000039253956104806 0.00000000206788182634261
"atpD" -1.77603139416683 11.021416895727 42.1763749426834 0.000000000393018521278239 0.00000000206788182634261
"glgB" -1.24545572579743 9.79041644948741 42.1732815664642 0.000000000393557267279727 0.00000000206788182634261
"asd" -1.53048534547454 10.1136715781029 41.9923101403953 0.000000000426406875801042 0.00000000222760833392613
"metG" -1.51386705302252 8.9712744039325 41.7213260353817 0.000000000480840455553528 0.00000000249762270913233
"yfeR" 1.28066423401887 4.00716381452985 41.3585495873225 0.000000000564850855752827 0.00000000290300249637914
"rplD" -2.27782437596627 11.1575418856862 41.3568751462605 0.000000000565271113156335 0.00000000290300249637914
"atpE" -1.54489770965198 9.11777347872717 41.3396413931568 0.00000000056961486888708 0.00000000290887593156380
"hflK" -1.17169135750542 9.89892983761824 40.9148111046208 0.000000000688020851499322 0.00000000349391594420605
"yegP" 1.60784015841457 8.18549720759486 40.891064348078 0.000000000695328630419778 0.00000000351140958361988
"cstA" 1.83634951725369 9.13168415829905 40.6888069561123 0.000000000760830855278144 0.00000000382096821794383
"yfcH" 1.04198724191419 8.08832163006276 40.2144684375791 0.000000000939934111193667 0.00000000469450608282991
"yicC" -0.953745050658451 7.76351733215291 40.1625141364534 0.000000000961973658732197 0.00000000477832817370255
"potA" -1.37397097290885 7.34913022818409 40.1230146581797 0.000000000979077856737812 0.00000000483685745529713
"yciK" -0.907121216273764 6.38693599903662 40.0885177850415 0.000000000994266527961803 0.00000000488534202117448
"gph" -1.09301516240633 7.31178598762567 39.9312173040706 0.00000000106659380710681 0.00000000521254715408649
"secA" -1.13287794842357 9.40328305986131 39.7530612930343 0.00000000115494251033176 0.00000000561413230958061
"ptsN" -0.935480492750492 8.37935157216121 39.6357768556907 0.00000000121709802550046 0.00000000584335209002010
"fhuB" -1.48721995647439 6.17748812904202 39.6354488585223 0.00000000121727649754736 0.00000000584335209002010
"ilvE" -1.38449410227323 7.01914539623606 39.6279157684268 0.00000000122138272508671 0.00000000584335209002010
"uxaC" 1.25255866942345 8.64515376156096 39.1434930956099 0.00000000151701152071273 0.00000000721970404360141
"ybgL" -0.831457127073966 6.35263510050248 38.8265787572404 0.00000000174850840971563 0.00000000827809450224745
"atpA" -1.78524505180056 11.2693191362229 38.8007029977633 0.00000000176891522333048 0.00000000833131574097103
"panC" -1.18140261047377 8.24545044217081 38.7552613656547 0.00000000180533564865042 0.00000000845902115785173
"rplQ" -1.63176357667518 10.5835171183349 37.7478718839508 0.00000000283901329882367 0.0000000132341696852857
"rimM" -1.57363817499702 10.8672535916861 37.5778030014729 0.00000000306502607006684 0.0000000142148402943406
"rseA" -1.29212839186265 10.2894062210499 37.3211442058766 0.00000000344096128108413 0.0000000158773289568806
"degP" -1.3814949443559 9.65190758658162 36.9578087748066 0.00000000405409967525089 0.0000000186120030545609
"ybbN" -1.05920462253182 9.76680090750173 36.7955774013494 0.00000000436239031411052 0.0000000199266974649571
"rnk" -0.855741478062457 6.44704764496579 36.4954233046545 0.00000000499652647489939 0.0000000227092128284177
"ycgG" 1.43785073763148 3.27647171245649 36.4819713780041 0.00000000502702988548793 0.0000000227341799298932
"rpsJ" -1.94248938609355 10.8440596373467 36.1150613601033 0.00000000593556371227237 0.0000000267100367052257
"kdsD" -0.694801138352063 7.06609354631168 36.0984562284664 0.00000000598039279454477 0.0000000267791972918286
"osmY" 1.58213546974558 11.2094624583338 35.9404993976322 0.00000000642428490688342 0.0000000286258577468482
"nudE" 1.28085282211054 6.30999953593753 35.8263112382666 0.00000000676574530389773 0.0000000300003047865514
"lhgO" 2.00982485244974 9.48865934865021 35.7656738945793 0.00000000695445432220178 0.0000000306873736838904
"rpsK" -1.52668527925282 11.1988314440272 35.6897722584744 0.00000000719816862087117 0.0000000316093491612169
"kdpA" 1.79610992327238 2.49070421899772 35.5568385609843 0.00000000764595618921203 0.0000000334142989230468
"ppc" -1.51791169678168 10.4851163479107 35.325136631519 0.00000000849469876006499 0.0000000369458429325314
"yegE" 0.76041361330206 6.80739931927901 34.8754486278798 0.0000000104230215964051 0.0000000451167934815822
"rplC" -1.98299737066687 11.6763362815991 34.5625475274688 0.0000000120200878519874 0.0000000517832220732536
"queG" 0.840188535794458 7.07968023291129 34.4616514715305 0.0000000125860218377293 0.0000000539655370306413
"rpoS" -1.56707004496067 12.4366036008486 34.2333146247626 0.0000000139680777962594 0.0000000596102474967125
"yceI" -1.82126402792628 5.57547396664441 34.1805926824766 0.0000000143083684012302 0.0000000607771349379357
"yafK" -1.12057068312859 7.15813281338438 34.103597160419 0.0000000148204163206254 0.0000000626593415602255
"fruA" 1.78067747549341 10.7626310024466 33.9142500491424 0.000000016159693109741 0.0000000680053751701601
"ytfK" 1.91000990986056 9.14747817892494 33.8541915158235 0.0000000166095042680543 0.0000000695762183394531
"yfaY" -0.750435548740974 7.07667493565556 33.6978159360001 0.0000000178408607176232 0.0000000743914788638508
"ddpA" 1.88321996226344 4.93849211089144 33.5008067370419 0.0000000195242075186289 0.0000000810388339471856
"gcvA" 0.739336453552449 6.03374816370313 33.3212724190196 0.0000000211975109954524 0.0000000875842613403012
"yrbL" -1.16883272529397 10.5651225782348 33.0738204957797 0.0000000237437066578967 0.0000000976607662987697
"mukE" -1.08514516382529 6.48516231301705 33.0274251694086 0.0000000242544026944112 0.0000000993119461676567
"cysS" -1.266860102455 7.20217988926955 32.8857306858294 0.000000025883755217532 0.000000105248091801993
"rpoE" -1.18036464917307 9.85332693962287 32.8812275850795 0.0000000259373094509131 0.000000105248091801993
"lysS" -1.28211038789454 9.74317477427642 32.8716564722 0.0000000260515078717804 0.000000105248091801993
"exbD" -1.16903915073718 8.25677828261538 32.5618186646822 0.0000000300356743207699 0.000000120807203352123
"ygiF" -0.77274790415621 7.01218546289854 32.4000993330789 0.0000000323539477967919 0.000000129558319591559
"yhcO" 1.34673287981504 6.23755407581902 32.2494460094272 0.0000000346758365288764 0.000000138247085108547
"rhlE" -1.14736011267001 6.78852438737242 32.1905961611267 0.0000000356278709599579 0.000000141422422282104
"acrA" -0.871260040207968 8.71370108261833 31.6286731198538 0.0000000461584415733085 0.000000182426188652772
"ybgS" -1.40947218923236 9.43468905008545 31.4980794071795 0.0000000490258565622638 0.000000192919929069687
"yigB" -1.17452427318045 5.92992333835781 31.4222918745996 0.0000000507716539462748 0.000000198928592401568
"gnd" -1.44745101112425 10.9682742833322 31.2900074572897 0.0000000539705802413562 0.000000210554752958767
"rpsD" -1.47403409062771 11.8303711209546 31.2361847156212 0.0000000553296501247999 0.000000214934410100184
"accC" -1.31101896468621 9.67546323206951 30.9778395108612 0.0000000623497869102453 0.000000241174282133672
"bamA" -1.12620278949267 10.5669244901849 30.5974357573204 0.000000074357433650233 0.000000286402149101957
"yohK" 0.930768778314579 5.21173558137154 30.5009666378096 0.0000000777573286379292 0.000000298233804775855
"shiA" -1.36494654146724 7.72431478641445 30.4850483620932 0.0000000783332349892838 0.000000299180296660752
"gadA" -1.96176088917578 10.9025083255523 29.934611222779 0.000000101133557647865 0.000000384646041430583
"gadC" -2.01306759000336 10.4857876356208 29.8137230212633 0.000000106978620046847 0.000000405181523427434
"yqjK" 1.17239334395464 7.82794207092763 29.793165025746 0.000000108006016245793 0.000000407375389076456
"gdhA" -1.37350261495139 8.80961291279814 29.7748864534749 0.000000108927857467213 0.000000409154638172302
"cbdA" 1.09521572500528 6.06070837462786 29.7635874084834 0.000000109501668143252 0.000000409617351202535
"serB" -1.01731193769294 6.61870502600479 29.5282305942507 0.000000122172852734804 0.000000455143947278428
"rplF" -1.49294779276647 11.2316611520721 29.374418223948 0.000000131243723057559 0.00000048694099697682
"rpoB" -1.55589566120721 12.8563707006958 29.2441392759643 0.00000013945675683139 0.000000513393730182943
"ileS" -1.18260831932737 10.7559178701904 29.2434274704771 0.000000139503026793385 0.000000513393730182943
"rpsE" -1.53799886132441 11.1197210768348 29.1871145282333 0.000000143213108887368 0.000000524922241849263
"uxaA" 0.967796552968636 8.02656065882945 28.9127244604055 0.0000001627668165985 0.000000594196932883681
"tufA" -1.49748726526188 12.9672795045776 28.8516997645768 0.000000167469839531891 0.000000608920336537957
"etk" 0.721043396684979 5.90832122420301 28.6757513613472 0.000000181812057383581 0.000000658434901042529
"glnA" -1.69859563043783 10.5889362996665 28.5624818869647 0.000000191694922510567 0.000000691470970484544
"emrB" 0.85725400480377 6.32767738075878 28.2814614913536 0.000000218621352887419 0.000000785481461559938
"rplO" -1.52671983200841 11.2729203215302 28.2245094146599 0.000000224527466269032 0.000000803525459994293
"nlpD" -1.36677002316236 11.6369957552577 28.1812468414425 0.00000022912136277022 0.000000816750269639724
"macB" 0.931225645020077 8.58570528583544 28.0967704978674 0.000000238366963309513 0.000000846388943938856
"fumC" 0.931572330966021 6.7957663481788 28.0791583882746 0.000000240341492036319 0.000000850079440704336
"aspA" 1.71003728753849 9.85195152991374 28.0357663241999 0.000000245277005861008 0.000000864173636928899
"mraZ" 0.806287903573633 7.52603347976745 27.9439610551872 0.000000256059042819148 0.000000898678262249441
"rbfA" -0.766826138053707 6.45552618437103 27.8250146134213 0.000000270743578699648 0.000000946025520785699
"yegH" 0.640268204571342 6.48906742669797 27.8180358150211 0.000000271631090126587 0.000000946025520785699
"pepQ" -0.762894357038166 8.19804792142608 27.6946002576057 0.000000287823195268429 0.000000998592688927489
"rpsM" -1.3795009329056 11.230389325509 27.651877962852 0.000000293651612930199 0.00000101494036560285
"rpsH" -1.4120822618158 10.5329473379816 27.6019778061118 0.000000300610327529149 0.00000103505601410605
"glmM" -0.907827264073663 8.46874656912394 27.5690830198666 0.000000305288405278235 0.00000104719683169025
"rpmJ" -1.18282100687335 9.65447221326167 27.0884334701027 0.000000382661614509725 0.00000130766694582459
"lolA" -0.711362721214041 7.22264368055117 27.06515524331 0.000000386875779533764 0.00000131711641796327
"ykfB" 0.745671100841504 7.13180261505665 26.9963569208927 0.000000399606559008227 0.0000013553819482779
"yejK" -0.909373217104506 7.09333703394877 26.7862633626028 0.000000441162614343309 0.00000149076883434226
"fhuE" -1.73666998694701 8.31408736630233 26.765347467359 0.000000445531512639486 0.00000149995609255294
"ispU" -0.95811612982573 7.61448395632138 26.4262992123187 0.00000052276884556982 0.00000175349402443899
"ada" 0.806289680596646 6.94736599305344 26.3553274029128 0.000000540576361728076 0.00000180655850298096
"pykF" -1.23272463507343 10.8898444752779 26.3072402419411 0.000000552988791151954 0.00000184127037053892
"hemC" 0.740010062058795 7.9712525916501 26.2776667834337 0.000000560764908654313 0.00000186034781739697
"rseB" -0.714039630295843 8.41078696094135 26.2479143815096 0.000000568699505488731 0.00000187981036541548
"dnaB" -0.988798697672605 7.6379960428203 26.2250570818525 0.000000574872184943024 0.00000189332904388844
"rpsN" -1.42064372080869 10.9406727207049 26.1674189996149 0.000000590739599975742 0.00000193654752547528
"bamE" -1.0356850017652 7.38277058860402 26.161994697667 0.000000592255458836225 0.00000193654752547528
"nfsB" -0.862864272388443 7.30425953900633 26.0112525591637 0.000000635989922107191 0.00000207209619783311
"trmD" -1.4503323768425 11.1045402483474 25.8553889393279 0.000000684644558100394 0.00000222264965469021
"yedZ" 1.07488544439548 4.52713416718189 25.7993293366245 0.000000703049036172448 0.00000227236591725371
"pspG" 1.06482726836323 8.57252167092901 25.8072876808122 0.000000704958403372438 0.00000227236591725371
"galE" 0.958728945334405 6.70690420863798 25.4332089276977 0.00000083617701408698 0.00000268581238800376
"glgP" -1.06408346179445 9.65347953248071 25.4146346667703 0.000000843572561237085 0.00000270002626114264
"yejM" -0.779836454225575 7.44552122307256 25.4057501994594 0.000000847133328621714 0.00000270190945865662
"mdtF" -1.29912522359598 7.85986349891345 25.3646397048415 0.000000863808470147572 0.00000274546118658791
"adeD" 1.36581772889617 4.94205277104263 25.1755027930269 0.000000944901315432222 0.0000029927362220484
"tufB" -1.38407061900084 12.4543499735607 25.1189652114858 0.000000970603643951049 0.0000030634677512205
"ftsK" -0.721476646034882 9.15646925825459 24.9911597338836 0.00000103133784130529 0.00000324389653199484
"rpmA" -1.14106772666186 9.51754208040925 24.9800919837509 0.00000103677459738986 0.00000324975210009442
"serS" -1.05150833525706 10.1859912615659 24.9686600028354 0.00000104242066441671 0.00000325622125070373
"rplU" -1.24804619671422 10.2001182567025 24.8874462552408 0.0000010834348799845 0.00000337274762296544
"pdxB" -0.736239469275005 7.97935227768964 24.8785379142504 0.00000108803179543445 0.00000337549795921473
"ybiT" -0.842757404903311 8.08439990690687 24.794215370915 0.0000011325319413111 0.00000350160385935982
"rpoN" -0.766202626200465 9.31319649228942 24.7253931277652 0.00000117021145433862 0.00000360450144229499
"cyoB" -1.35848213470836 10.6849115369813 24.7190577205019 0.00000117374304391564 0.00000360450144229499
"purB" -1.46024743481909 8.8703530913807 24.5998223283943 0.00000124225417473801 0.00000380205065601635
"aceB" 1.31300679486686 10.5837081155088 24.5271001774125 0.00000128600831910941 0.00000392275691969949
"metQ" -1.12888776923077 8.10449712743172 24.4745342697044 0.00000131860153059728 0.0000040087250545583
"asnB" -1.27710962535689 8.45422397302569 24.3726751315417 0.00000138415325357149 0.00000419398435832161
"prlC" -1.02650281489844 9.98508313401039 24.2888239587753 0.00000144057984539972 0.00000434885517895088
"rplX" -1.34478380698256 10.7984516064651 24.2826370354086 0.00000144483417386487 0.00000434885517895088
"rho" -0.992087013611992 9.78684755538913 24.2709986898975 0.00000145287149594685 0.00000435861448784055
"yqhA" 0.930510741231585 6.08265822495057 24.0903784569375 0.00000158355720037425 0.00000473504439190853
"gcd" 1.03971660539192 9.89037646445341 24.0037989158295 0.00000165034952570523 0.00000491858268480674
"bamC" -0.914942212174074 9.07660685681338 23.9355105342599 0.00000170503322974154 0.00000506495165305576
"ibpB" -1.33386393631202 8.18905623838933 23.8913887311841 0.00000174133468659171 0.00000515593886029922
"ybeL" 1.23074448982567 8.48117330297302 23.8534891677428 0.00000177313958144762 0.00000523306454394768
"serC" -1.01799638961965 9.81617623519566 23.8403553680501 0.0000017842977013906 0.00000524895343224614
"rpsA" -1.49195625921287 12.8754864767956 23.8270744510695 0.00000179565293813453 0.00000526531780891707
"ybaY" 1.10932353398538 9.76123885903145 23.7403837826925 0.00000187158889380831 0.00000547033538415354
"lpxC" 1.31286927664176 12.0376821819658 23.6534771415108 0.00000195097149066768 0.00000568408040069525
"trpD" -3.77290095682999 10.8890196675423 23.5031987223502 0.00000209635281000427 0.00000608813004566735
"bamB" 0.795165773622553 9.33824807727692 23.2904234954532 0.00000232112140547479 0.00000671942470565792
"topA" -1.04518835489309 10.4825660544269 23.180759310246 0.00000244632291918526 0.00000705938899536318
"rplL" -1.19546203573528 11.064009655691 23.10698018338 0.00000253437372729207 0.00000729033455097625
"sspA" -0.752560241828491 9.13319966565159 22.9535447751996 0.00000272788229493494 0.00000782222399399325
"rplN" -1.24485578254904 11.0840363445584 22.7368660139292 0.00000302686653517779 0.00000865226943546103
"yidC" -1.18497911273011 9.31850670171667 22.6377918719649 0.00000317440218139823 0.0000090455535513824
"clpP" -0.899597576366165 10.0878262957127 22.4578084065693 0.00000346127415298276 0.00000983218189081666
"rplR" -1.23248556420265 10.3531611672621 22.4428247192715 0.00000348630662993069 0.00000987243840064485
"rplE" -1.37187177168418 11.6005284544227 22.0868370184642 0.00000413798468608097 0.0000116814536635019
"selB" -0.91151889447628 6.79204819228655 22.0231388663944 0.00000426697266981953 0.0000120082915073249
"yfeY" -0.836299247334956 5.9211918803884 21.9744183386724 0.00000436836770079517 0.0000122556982716753
"wzzE" -0.689961508873645 7.0014870310468 21.9245305639504 0.00000447471616738256 0.0000124850428470097
"rpoA" -1.38455473882644 12.6232098803448 21.9232018642625 0.00000447758412335 0.0000124850428470097
"gadB" -1.72509541245937 11.1342184293256 21.7610900981861 0.00000484181226612344 0.0000134593496939028
"insC1" 0.643394899741181 7.24812322516709 21.6966459601015 0.00000499479350138453 0.0000138422783315809
"ushA" -0.733434388377438 7.70985313912151 21.6796573820712 0.0000050359295102556 0.0000139092985410397
"hisS" -0.812080065802239 8.84736110945179 21.6740507695154 0.00000504958032843024 0.0000139092985410397
"recF" -0.854571850409567 6.38703719563585 21.548098185135 0.00000536630132845765 0.000014737063164858
"relE" 0.872928939257876 9.25850628032449 21.3317417557807 0.0000059579665997886 0.0000163126254193007
"znuA" -1.74521136926133 11.2997522396788 21.3161595474088 0.00000600304285230249 0.0000163866845427717
"rpoH" 0.983822779664096 10.316739117255 21.2507124288148 0.00000619616426638634 0.0000168632135273808
"hmp" 0.94800282346164 5.00109747152253 21.1074284284177 0.00000664118475368516 0.0000180204087794024
"ychN" 0.79388186996817 6.01526701262511 21.0404126279325 0.00000686028356014404 0.0000185595171314611
"hupA" -1.0342321854045 9.0502487739231 20.9865815914451 0.00000704155863549059 0.000018993402966353
"trpA" -2.65092709320672 10.275077121057 20.9301427952768 0.00000723681851281918 0.0000194623314442386
"mscK" -0.71518844953284 7.28831520341662 20.8808295086593 0.00000741190289938819 0.0000198743945001294
"mpl" -0.722668688590789 8.06957243908941 20.8316824565465 0.00000759065845833235 0.0000202938486430121
"usg" -0.776352429775545 7.21312625068432 20.6803589265831 0.00000816889135719625 0.0000217757250548135
"eutH" 1.01502031176764 3.29752939236585 20.4948023046241 0.00000893911786703994 0.0000237592343308167
"ydhS" 0.861432496711194 7.22869821336262 20.3237153680242 0.00000971424682196715 0.0000257441701491783
"osmE" 1.22960845931632 9.99773314871051 19.9206033102325 0.0000118204295107344 0.0000312347977478418
"aroB" -0.655652732184377 8.74281663758306 19.8508884795723 0.0000122290013296601 0.0000322207600251044
"rseP" -0.658829062336197 8.75504141637619 19.8432076204768 0.0000122748805721369 0.0000322412070928127
"acrF" 0.745950847035433 4.51968091944269 19.8377310368145 0.0000123076995172783 0.0000322412070928127
"ppa" -0.902102854500907 9.7641072488956 19.7299849168706 0.0000129717352805385 0.0000338830671551996
"ygiW" 1.31365922420646 10.2796244022636 19.7091815009553 0.0000131040609394552 0.0000341306343666614
"frwA" 1.38569303282346 3.16656248322293 19.6514918433364 0.00001347819778107 0.0000350048050942648
"ompT" 1.34152142694145 10.0944897586612 19.5249108762994 0.0000143374269353902 0.0000371302594993438
"acpP" -1.00136743752856 10.706545215464 19.5138743361897 0.0000144149195540649 0.0000372248916893323
"moaA" 0.569841637351233 7.72960628223798 19.3386018100959 0.00001570396131463 0.0000404388125637357
"fabH" -0.646587878796363 9.06996661279989 19.0547937040909 0.0000180433545690144 0.0000463316646984015
"clpA" -1.15039656903321 11.3821354507519 19.0341141545295 0.0000182270071228606 0.0000466714069709304
"ycaC" -1.15495822211198 8.49346441991793 18.9580007120889 0.000018919402736518 0.0000483082502457722
"ynbC" 1.04803970620539 3.25204193723687 18.9091202957819 0.0000193780341428763 0.0000493407087839622
"yqeB" 1.40261664670995 4.98021627598135 18.8887973850826 0.0000195720134646648 0.0000496954196630735
"pnp" -1.00487805527091 10.9724132285922 18.771574367747 0.0000207298667407057 0.0000524887155078035
"alaS" -1.04730754865832 10.2074315801249 18.6315842215191 0.0000222038012622647 0.0000560645981872185
"ydgA" -0.835365357287489 9.97745436424247 18.5742690544655 0.0000228374524184614 0.0000575048317129679
"yafE" -0.532648723678445 6.08489896617119 18.5428519925803 0.000023192516884732 0.0000582375631166337
"ytfP" -0.718622963387026 6.69475255064725 18.5093292767433 0.000023577541092893 0.0000590412805879884
"argG" 1.11998551840397 8.28501389570837 18.3834248671451 0.0000250822884443222 0.0000625448196062955
"btuD" -0.66758174949436 7.03615075266974 18.3808337295776 0.0000251142564975774 0.0000625448196062955
"hdeD" -1.30828781124594 8.38062343291163 18.3572028122521 0.0000254077110922091 0.0000631027578765522
"tsf" -0.972484217076207 10.4939247281424 18.1871868248872 0.0000276238692524027 0.0000684198832436895
"avtA" 0.881172837606955 7.83320358021385 18.0925182076234 0.0000289416530225789 0.0000714890287976202
"mqsR" 1.02410709838141 8.34943595527663 18.0255134329222 0.0000299126443112423 0.0000736872457423285
"yncE" -1.3877168769114 10.0364346324349 17.8334829825975 0.0000328820639192474 0.0000807832327097185
"fnr" -0.728221963725323 9.42639442234072 17.8070830700645 0.000033312992356553 0.0000816213208951662
"sad" -0.680193176200795 5.16149873502409 17.7809248212672 0.0000337456139830806 0.0000824590406199469
"menF" 0.703425204674669 7.72469785336708 17.7380885034389 0.0000345794934450562 0.0000842701328191853
"trpB" -2.36284024131216 10.8039910196264 17.5924042301353 0.0000370363837659795 0.0000900162375488646
"pncB" -0.914129008188935 9.07761253396715 17.5253859131869 0.0000382829686064902 0.0000927979159021321
"opgG" -0.608026535315844 8.9312386946438 17.4362220538943 0.0000400075892713914 0.0000967204751268477
"yfhM" -0.659557437679503 9.06296823431722 17.2663394802033 0.0000435142985587758 0.000104919091219966
"ppsA" 0.804722645400872 9.03531203922668 17.2350523210742 0.0000441932929464121 0.000106274347323515
"speE" -0.963957333790242 8.10622282630027 17.1773089713489 0.0000454747368026011 0.000109067376658481
"gstA" 0.66473433629957 7.75520533889933 17.0321005243494 0.0000488660165927446 0.000116892655481065
"dgoR" 0.76586042935152 4.65089005722293 16.9990713192392 0.0000496724936242218 0.000118509965103458
"katE" -1.02399623881931 10.0551932273521 16.9040056038395 0.0000520697487471963 0.00012390419269948
"trpC" -2.51734029888774 10.3770662190128 16.8851409947339 0.0000525592109437712 0.000124742357044094
"astD" 1.0380744874176 6.82361696407694 16.7836822068232 0.0000552727139569185 0.0001308170793364
"aceF" -1.14766316306562 11.318734492004 16.7788085463021 0.0000554065737563412 0.0001308170793364
"udp" 0.980687149447316 8.86269631743702 16.7351479043953 0.0000566204953476658 0.00013333686598712
"miaB" -0.730278589076228 8.15785391710568 16.7161040273313 0.0000571583852985475 0.000134255742212867
"degQ" -0.649523379102827 7.33656438965527 16.653038844901 0.0000589768695495137 0.000138170037166258
"lolB" -0.506558866455294 7.37485950355565 16.6464042742065 0.0000591715519053718 0.000138269770390702
"insB1" 0.743288483312161 6.96109870031626 16.5469507413176 0.0000621691223542916 0.000144901877487311
"hemN" -0.547251594291367 7.59397460715601 16.4107646158977 0.0000665250448982567 0.000154657968829962
"insL1" 0.662700705073988 8.57363131213102 16.3801286502012 0.0000675467955622574 0.000156632747872684
"znuC" -0.763803399156511 7.84427574338824 16.348823237729 0.0000686072967913691 0.000158687106318968
"hdeB" -1.27692145568194 9.4292591095304 16.3272492670521 0.0000693479367467867 0.00015999308249449
"pstS" -0.821980833837193 7.33029841638991 16.3016630820763 0.0000702368228151497 0.000161633599845496
"crp" -0.647377645597641 9.20720144608454 16.29218891205 0.0000705688836962038 0.000161987664848104
"recR" -0.623319041767846 7.67402625118499 16.1847513731974 0.0000744476144379935 0.000170460658750973
"tldD" -0.551426150219377 8.85985967344813 16.0968342030886 0.0000777818439763806 0.000177647477825452
"bepA" -0.56850369604136 7.63225229671265 16.0802921427509 0.0000784259074747201 0.000178669548607821
"infB" -0.96401606343037 10.7311697375705 16.0690390847026 0.000078867129235768 0.000179225551188283
"atpB" -0.912301912326244 9.35759577826015 16.0628053489654 0.0000791126295586146 0.000179335112889727
"pntA" -0.693044863052918 9.16052046229433 16.0029615166329 0.0000815091838681586 0.000184308079940687
"ysgA" -0.837130788687081 8.32480039706148 15.75260049244 0.0000923599173214473 0.00020832547107989
"accD" -0.712826043989876 9.03841031278787 15.7328510370656 0.0000932757844334628 0.000209870514975291
"fliY" 1.6464153926332 9.31442354296306 15.7039603256498 0.0000946321753899936 0.000212396660319763
"treA" 1.05931050970068 8.11890483694962 15.6964060435594 0.0000949901262053916 0.000212674937735717
"rlmI" 0.640770601611223 7.28361992099804 15.6722914907293 0.0000961419718733523 0.000214724944552524
"yggS" -0.712893459446037 5.61864686302586 15.6543116221355 0.0000970099922057608 0.000216132556164305
"rsxC" -0.894291576587457 6.79979451976044 15.5972482028513 0.0000998178167847279 0.000221844487670703
"gltA" 0.872822618725597 10.3499538318162 15.5296425994603 0.000103251182197811 0.000228915425897097
"cspE" 1.75230513851699 11.0021321722407 15.3683245244545 0.000111935376070665 0.000247565101820522
"cmk" -0.639486270537436 8.52629605134145 15.2283717784054 0.000120067507564798 0.000264906224214565
"ydiH" -0.998391708619694 8.09183219132715 15.2088179642043 0.000121250439393514 0.000266646793163089
"msyB" 0.92738926819506 7.94972716364782 15.2056517121332 0.000121443093915862 0.000266646793163089
"nagE" 0.9175121872957 7.3654913105163 15.1942478522013 0.000122139550662358 0.000267529762776105
"rem" 0.871833357297603 3.04961227561819 14.8741541628853 0.000143431455518944 0.000313411521795
"dapA" -0.719802172070573 9.30820924349447 14.7964975503587 0.000149141551419595 0.000325107122878686
"pflB" -1.06292743585435 12.4102835953641 14.7869144536415 0.000149861993461208 0.000325896057550808
"sixA" 0.696694089881199 8.61498807187876 14.5676207455429 0.000167348328445417 0.00036254638797807
"purL" -1.18154557742295 10.0938917456383 14.565665817741 0.000167513182564125 0.00036254638797807
"eno" -1.05607059121611 12.1277302296774 14.4826412338207 0.000174668598341034 0.000377134812095013
"ybaT" -0.816918556602978 8.39444269814116 14.4663306558697 0.000176110342275631 0.000379346685138741
"fabG" -0.774240952721826 10.3901012717726 14.4455314168273 0.000177966376195328 0.000382438382887834
"yodD" 1.01401807949857 9.18967356450444 14.3793259192189 0.000184007401800427 0.000394487566595727
"cfa" -0.92284987854914 11.0141525745555 14.3501264894997 0.000186737445683802 0.000399398442650767
"putA" 1.09696053353284 9.37688010943045 14.3360451729428 0.000188068646053984 0.000401301406720824
"rssB" 0.650606527962988 8.52531479811079 14.3245114782553 0.000189166170663041 0.000402698007336544
"helD" 0.448912147416212 7.42156510820574 14.1404904067615 0.000207582909954119 0.000440871180253024
"pfkA" -0.731314166124402 9.97778014265876 14.0733425020471 0.000214747312194278 0.000455024025138924
"ydbC" 0.859499007661431 6.83235998716905 14.0089149650587 0.000221857271361052 0.000468995952714411
"damX" -0.500763335325767 8.98185543690138 13.8913830426363 0.000235448880647122 0.000496573161272004
"pal" -0.727407022313541 9.68044614267152 13.7583489524308 0.000251856221799266 0.000529947466702622
"ycfH" 0.6881951171684 8.92732150364503 13.7039487856261 0.000258895437659368 0.000543501045802229
"ftsH" -0.929066111753771 11.650155129174 13.6575737923037 0.000265053707585308 0.000555147051140656
"fhuC" -0.691200967960116 6.04560109973257 13.6452433478676 0.000266715980719038 0.000557344428674956
"hyaB" 0.750065645564048 4.06076773535902 13.6401170834189 0.000267410164738454 0.000557513393915721
"glyA" -1.1554966410324 11.0266670621329 13.5853497223896 0.000274942043949448 0.000571904617734663
"hycI" 0.656139079739423 4.80730412448811 13.5344917385153 0.000282129033674771 0.000585514364407231
"yahB" 0.995795330028606 3.47818275571776 13.508518994675 0.000285872629876531 0.000591932165279651
"yfdK" 0.886177522345171 3.24739358436873 13.4601198699129 0.000292983735390535 0.000605277762431809
"hupB" -0.878707121287916 8.6764088198694 13.2191586720658 0.000331153277370827 0.000682581245192929
"fruK" 1.14384883167106 10.1505130088675 13.1492429905271 0.000343146499169854 0.000705701736980537
"hsdR" 0.683260856527524 7.56330977701697 13.1382643424562 0.000346397035307941 0.000710778566805685
"fusA" -1.08906131011013 13.4761097360195 13.1222801893121 0.000347888661467746 0.000712231516383291
"rplJ" -0.935226662450221 12.0306238382432 13.0829977200335 0.000354916959197173 0.000724987676202764
"iscS" 0.738302067247488 9.80595821364842 13.0716523626987 0.00035697354567605 0.000727553706321816
"hldD" -0.50017807191403 8.82851624157368 13.0639914894937 0.000358369081649842 0.000728763971408739
"nlpI" -0.717529331684166 10.1479345102903 13.0497047479334 0.000360986429853965 0.000732447912359942
"tpx" -0.810803877765173 9.8635039790793 13.0262458074752 0.000365326312881558 0.00073960271360654
"soxR" 0.553824317735316 4.67470860081539 12.8637852778661 0.000396871856859847 0.000801681150856892
"maeB" 0.661063103794546 9.08020036876869 12.850941331352 0.000399480864556431 0.000805162097298881
"astE" 0.866881046077151 5.16121625207922 12.8279664882584 0.000404191306036421 0.000812045671650217
"epd" -0.708778633444739 9.47200053382267 12.8255848185024 0.00040468282646595 0.000812045671650217
"fdhD" 0.477382758361713 6.05625311328862 12.7828433736896 0.000413607597713087 0.000827935781728844
"pgi" -0.786352566954541 10.4672336397967 12.7789837316586 0.000414423301085395 0.000827935781728844
"rpsT" -1.31264408927436 8.87078643973989 12.6966670296307 0.000432214748532076 0.000861585978981704
"gltX" -0.667203098113977 9.02148332545404 12.6804689269955 0.000435806067328707 0.00086684401575885
"adhP" -0.920839400747222 9.47477572372732 12.6042646881496 0.000453112644345124 0.000899299986265759
"yodC" -0.949389595732696 7.57093328162578 12.5450195083325 0.000467048971137258 0.00092494011931104
"secE" -0.528372870914392 8.56970533507509 12.5239970260472 0.000472098145589187 0.000932906987696894
"lon" -0.888775605873672 11.3583130655637 12.5067043722825 0.000476293044343739 0.000939154831471712
"bioB" 0.610775534565772 8.16217225365528 12.4564044714968 0.000488711521104008 0.000961555785029315
"hdeA" -1.14310341270833 10.7057410974645 12.3482253190982 0.000516546451602914 0.00101412683478844
"mlaA" 0.500153516195088 7.54887599301749 12.3112856941644 0.000526415831851649 0.00103127584300248
"ycbZ" 0.499509740132379 8.51389784785268 12.14063912117 0.000574557003548276 0.00112316627145244
"pgm" -0.584203548984601 9.3019596889664 11.9406177421155 0.000636721219695606 0.00124201628477104
"yqiC" -0.698273953191395 6.6180001145181 11.7805172705393 0.000691379159412488 0.00134574658652238
"yebV" 1.12146673923863 10.3103178186717 11.5386479295471 0.0007831518261804 0.00152112181623501
"secY" -0.982634414421917 12.6277190936379 11.4637979110265 0.000813993241031087 0.00157765427739287
"galM" 0.514144386023128 8.07980023557106 11.4235768781646 0.00083107363600983 0.00160733177687859
"yeeA" 0.493421922417924 6.09541829722532 11.4076990146793 0.000837916377316556 0.00161712523775106
"fabF" -0.704598914089708 10.048621685238 11.3749092722267 0.000852229496213883 0.00164126400859835
"dkgA" -0.85120397938678 9.05297944845114 11.3116275265132 0.000880560221654799 0.0016922394111717
"fetA" -0.92923700732113 4.10192330462024 11.9618402357057 0.000892046331546184 0.00171069644593983
"rcsD" -0.515394505147125 8.01646886371541 11.2172271547543 0.000924614897802589 0.00176942093074222
"yjdN" 0.738847301288342 8.40447339862072 11.2089991982309 0.00092855944993865 0.00177323642855931
"typA" -0.76660141511424 10.7332781616926 11.1534735997564 0.000955630561482434 0.00182110729640992
"fhuF" -0.697954937919692 10.0896519066703 11.1387305442868 0.000962952488423093 0.00183122136396776
"glgA" -0.721149858214549 9.26590118140211 11.0914969281475 0.000986797250073997 0.00187246670617858
"katG" 0.539733294785045 8.50389915266603 11.0876583166954 0.000988761296991988 0.00187246670617858
"ybgF" -0.57788639282355 8.64088420145446 11.0740806587049 0.000995740371131834 0.00188176298827201
"dbpA" -0.526015898731962 7.29103142660126 10.9896148375711 0.001040297829563 0.00196188947525471
"fimA" 0.776786536819268 9.02254316320308 10.9773485936177 0.00104984573474656 0.00197579663123111
"luxS" -0.583378031391916 9.10807278109511 10.949941507163 0.00106192193233859 0.00199439470350368
"yqjA" 0.420329053935256 7.46686103769937 10.8845472853356 0.00109856932491134 0.00205896807493693
"sfmD" 1.26109616351674 2.36467903308029 10.8584678223574 0.0011135413579979 0.00208273476218127
"hemX" -0.432717410801338 7.49923871296782 10.7785775094989 0.0011607121253111 0.00216650374108375
"nudC" -0.408631609725019 7.07638784293179 10.7531759868378 0.00117613287483053 0.00219078849020687
"ygdH" 0.649708524474209 8.71261076845924 10.7036871865004 0.00120677862614157 0.00224327560564966
"holE" 0.72545225030101 5.16370169607726 10.6849105758138 0.00121861775252022 0.00226066027967527
"folE" -0.66059038542438 8.28603242643976 10.6579071626795 0.00123585187301663 0.0022879620215318
"yiiD" 0.448581686123289 7.20334667430327 10.3927170053092 0.00141888685306164 0.00262147997852241
"pepA" -0.509650733842003 9.053728195411 10.3720359389884 0.00143427396575946 0.00264453353930092
"ecnB" 1.09534297468079 7.64859229891139 10.2792072048577 0.00150546363302071 0.00277017498464742
"dacA" -0.573704009826421 7.83367956101144 10.1221503861141 0.00163421823219049 0.00300101893547708
"nusA" -0.61066245608506 9.44426332951628 10.0860065417328 0.001665405831755 0.00305212480053488
"aceE" -0.947134471726279 12.0665046582907 10.0770708830338 0.00167320933890002 0.0030602561148091
"yaeH" -0.70561334167895 8.04775847737076 10.0708363060414 0.00167867607011088 0.00306408945327467
"malY" -0.519138303085863 5.96863776205765 10.0661411852585 0.0016828049654108 0.00306547036785254
"nrdA" -0.681336252600055 8.66213965342228 9.97871842642808 0.00176160552270967 0.00320259884028618
"yjeI" -0.533738176246045 7.03936728459657 9.91085347553707 0.00182536544962545 0.00331189060620666
"mreB" -0.611487240231582 8.98486805524049 9.80967385175042 0.00192482687733385 0.00348539368823999
"artI" 0.571944828887682 8.38058981323232 9.5218007977932 0.00223917316668163 0.00404653759147834
"yhhA" 0.753388252058516 8.39359464057873 9.50514465480187 0.00225889047479421 0.00406730659288028
"valS" -0.603451281902326 10.0855925592809 9.50453563555448 0.00225961477382238 0.00406730659288028
"otsA" -0.637823935852437 9.7330497350996 9.48424181679932 0.00228388606928756 0.00410287042881896
"fruB" 1.16592166578066 10.7054917223251 9.47957603069018 0.00228950386601841 0.00410485012664839
"glgC" -0.627208667625022 9.31658125160046 9.47520342634382 0.00229478146932352 0.00410621329845488
"hinT" 0.448840252339081 7.07925648216037 9.41346490142848 0.00237063830082409 0.00423361535451688
"opgH" -0.507937235138657 8.88966561464221 9.40869186343143 0.00237660844466544 0.00423595505137429
"serA" -0.824130816466193 10.7733537403114 9.36736568576367 0.0024289459382076 0.00432076684506988
"uvrB" -0.500451862503238 9.2599024455987 9.27202567184056 0.00255422779701878 0.00453475208494155
"hrpB" -0.374068512211466 6.68264602994248 9.20553614554817 0.00264548969631147 0.00468762209346418
"glsA" -0.723197585641923 9.2128951386995 9.19038469894039 0.00266674831784833 0.00471609770607808
"bcsC" 0.437144275660383 7.48369960190632 8.95026551547347 0.00302796722266247 0.00534450913669939
"lldD" 0.623718124807928 6.41370832026994 8.86015324092499 0.00317611201588039 0.00559512756285905
"manX" 0.764549328684463 9.37540787916695 8.84419348416497 0.0032031128662281 0.00563177871450937
"guaB" -0.880873021696678 9.33105690422826 8.82130875172978 0.00324223977414897 0.00568956748011857
"eamB" -0.754516028569621 3.61636973594533 8.74829382887364 0.00337037639232419 0.00590302917268341
"ldtE" 0.808094966310164 10.4342461860584 8.72122867307488 0.0034191802401309 0.00597699007361344
"cbpA" -0.595063213771939 8.68333491610506 8.68751284137102 0.0034809896750626 0.00607335818547389
"pliG" 1.03194518489349 8.05227123123744 8.66124682474632 0.00352993336724005 0.00614695293260768
"mak" 0.50603560629139 6.40394210270942 8.54560867555793 0.00375393238484863 0.00652452110483251
"rpmB" -0.738884937402039 10.4984699881963 8.51219060895386 0.00382133805435094 0.00662900055611642
"gor" -0.433216094845421 7.88728063608382 8.50716887727508 0.00383157368224064 0.00663409614696522
"entA" -0.966162406252601 8.45033721841545 8.4236921100471 0.00400589484661465 0.00692273463036637
"yjbQ" -0.502544096687157 7.84689800433698 8.3515695950388 0.00416303909320078 0.0071806499729023
"menD" 0.394773503576425 6.54025726697609 8.33489923249923 0.00420738488803598 0.00724339557428921
"yedQ" 0.415914452373504 7.4542095815908 8.32580545912687 0.00422069428600604 0.00725257297916728
"pepN" -0.576369639195462 9.9590499321556 8.18219616751999 0.00455739644162465 0.00781636484044681
"dosC" 0.670380388774035 7.76389470370372 8.11891064090841 0.00471439705877877 0.00807040852435009
"thrA" -0.872160488118324 9.67668922006524 8.109002357208 0.00473947523171954 0.00809808831885914
"accB" -0.621910241525034 8.48883983232412 8.09406301376447 0.00477754602907512 0.00814782240230635
"kgtP" 0.658935738737446 10.5947913054288 8.0797854238504 0.00481422348969889 0.00819499841224025
"astB" 0.672694585929318 6.63658267164135 8.06423750078978 0.00485449282141735 0.0082481008872306
"aceA" 0.7862176348157 10.4655908046025 8.04073153174465 0.00491603055837448 0.00833535502738837
"hscC" 0.823359797529064 2.95040592329858 8.03685512939932 0.0049262554128902 0.00833535502738837
"ldrA" 0.56298220147454 4.50938806228963 8.03416787043444 0.00493335644085252 0.00833535502738837
"gpmA" -0.73927757334531 11.5384322331649 8.01957648192993 0.00497209755647108 0.00838522574922488
"acnB" 0.713513086003751 11.1096362810259 7.91070163961904 0.00527119772049111 0.00887318282949337
"potF" 0.571953169575719 7.63671882559731 7.84875284207595 0.00544956185967719 0.00915647269953154
"sra" -1.09319516906542 9.84544722571603 7.81628891967244 0.00554549420612509 0.00930046906525407
"rnr" -0.448519919271861 9.39550338132404 7.76434369077477 0.00570261532611035 0.00952947238091008
"argH" 0.800745468155402 7.84855613555491 7.7642161838857 0.00570300657339393 0.00952947238091008
"rhlB" -0.405742344905179 9.24576778132797 7.7306492887916 0.00580696919602303 0.00968538531960539
"manA" -0.412975328328967 7.36250283311303 7.60233008513586 0.00622267167472738 0.0103597226233099
"ubiE" -0.354316936641006 7.44171852473184 7.50568834314086 0.00655584782237819 0.0108944527797839
"ibpA" -0.650052702309358 9.45654452482448 7.40572568491563 0.00691980151198021 0.0114782838948723
"yeaG" -0.937725898061842 11.9951756340325 7.33894652728801 0.00717445447491646 0.0118790147863371
"entH" -0.873243372299466 7.60137767748116 7.29290387547392 0.00735562797423557 0.0121568469610548
"tyrP" -0.862265027983349 7.40163787595974 7.24364864157629 0.00755465952422588 0.0124631315925977
"arcA" 0.615452493206403 10.023634077168 7.16750279559486 0.00787332057420057 0.0129574075757289
"yddB" 1.15958367592122 4.58776272072059 7.16529132845966 0.00788277930624654 0.0129574075757289
"pphA" 0.40661806025251 5.50481004537205 7.14915651740203 0.00795214488886888 0.0130478334006892
"rof" 0.463650081562061 6.48357690653073 7.06973927872999 0.00830284185997848 0.0135987085598566
"yjgR" -0.452775142969362 7.10519019693353 6.93466786157125 0.00893632632552865 0.0146099291904776
"hslR" -0.442554646973592 7.93085884691605 6.84027817613694 0.00940840436122073 0.0153541105284554
"chrR" -0.445396657845003 7.17911304337355 6.75628169505804 0.00985011050241093 0.0160461477539275
"caiC" 0.718312937380365 3.45169932432929 6.7352780395972 0.00996386698517303 0.0162024241315247
"rpsL" -0.647392953219536 10.9373669899419 6.69423031340201 0.0101901114335415 0.016540734451945
"parC" -0.477234067888818 7.91975706956488 6.61614491803096 0.0106352464895774 0.0172325116916682
"lamB" 0.837062530403328 6.22309675234438 6.56412077788733 0.010942914199773 0.0176692154173197
"sstT" 0.559405293160148 9.40756407548619 6.5639999322651 0.0109436394718933 0.0176692154173197
"lpp" 1.01766296720009 11.894084305313 6.49374192643951 0.011373821855886 0.0183312128847524
"cysP" -1.38939523050812 8.77921910782358 6.47544091302641 0.0114887185353413 0.01848361973208
"gsk" -0.432579184392857 6.50626109041718 6.3901437913932 0.0120402607298757 0.0193367438223623
"rplA" -0.72102317107247 11.4970647259248 6.22179641808902 0.0132106050470973 0.0211789065040767
"otsB" -0.510657277017584 8.98114100114362 6.08372100943618 0.0142581072934504 0.0228179921298353
"rpsG" -0.642881384418484 11.3049525673889 5.97168937990229 0.0151710805460298 0.0242364010832006
"adhE" -0.736533311731891 12.1627876024362 5.89159238968211 0.0158607988175504 0.0252938002195673
"entF" -0.854040416078328 10.5473299516805 5.88108646530016 0.0159536481637997 0.0253724667249339
"hisG" -0.529819248849545 7.56910994290369 5.87675124680964 0.0159921261242644 0.0253724667249339
"htpX" -0.478597700852992 10.6635712321573 5.87655556909894 0.0159938651632422 0.0253724667249339
"yciW" -1.31990429775519 7.8307200324039 5.86870759829391 0.0160637740587781 0.0254389732045807
"sufS" -0.572777699031045 8.80955412722261 5.83668131842987 0.0163523631196456 0.0258509531752311
"ptsH" -0.521896936441849 9.79697552200948 5.74860852662499 0.0171740593026949 0.0271028123370654
"pyrG" -0.515488929019723 10.5066596036796 5.69965074561927 0.017649246655636 0.0278044457711839
"cysE" 0.302167350047466 7.83365110938181 5.68033973312711 0.0178404172252374 0.0280536683570675
"rluA" 0.353447860779766 6.31426006093447 5.677454061447 0.0178691682934456 0.0280536683570675
"deoA" 0.496627087242601 8.84697743607921 5.6723840435053 0.0179197994801803 0.028068161272161
"yibT" 0.55093321251472 8.22445995370425 5.67034982199075 0.0179401558846266 0.028068161272161
"clsC" 0.353324554229485 6.90276330675256 5.61892375068966 0.0184628363632118 0.0288362856600679
"rnb" -0.623327635820803 8.8614530228762 5.59838535703042 0.0186759825007505 0.029119156249026
"metI" -0.770761735292778 5.92083300176074 5.56885184411992 0.0189869730850799 0.0295533536546877
"fecA" -0.793756583128139 5.76636314197367 5.58094577379536 0.0196535487497718 0.0305385911342608
"recA" -0.376244658222799 8.81053860215838 5.46398698916545 0.0201354189146262 0.0312339518658621
"mfd" -0.394795086863277 9.4314859514909 5.45018661971493 0.0202918509937818 0.0314229856104729
"malM" 0.524268004209666 5.43436322636365 5.44644786289917 0.020334448505874 0.0314353974351011
"uspB" 0.588483463908806 8.80929445086824 5.43546689711277 0.0204600990671866 0.031575942363451
"iscA" 0.365770396144988 8.46479701666567 5.42982726806136 0.0205249448238582 0.0316223302455713
"ihfA" -0.512122279100723 10.1629530364478 5.41662496779427 0.0206775859764642 0.031803596704917
"rpoD" 0.526109654480544 10.900796663132 5.40639873572921 0.0207966306901947 0.0319326643536942
"fpr" -0.377765576401257 6.63831136840857 5.32066822866676 0.0218231454841018 0.0334523427403854
"yqeG" 0.434728679484854 4.96075255901829 5.27905847018859 0.0223402662530427 0.0341873771448078
"trkA" 0.283220245420365 7.38116573880981 5.20617533097897 0.0232770640954562 0.0355610945592767
"manY" 0.565920082481473 8.80285194206296 5.19966698748401 0.0233626877598064 0.0356320187477584
"yeiE" -0.601250556483853 6.12764502187466 5.18702337430728 0.0235299675046971 0.035827035949363
"rplK" -0.585675912485352 10.4445986200404 5.1380496065107 0.0241897975836735 0.0367701103738448
"fabI" -0.411388859505077 9.6113716751558 5.11405038613287 0.0245201660553578 0.0372100683544578
"pyrC" -0.753135573415175 8.86955195815063 5.0975172335684 0.0247504962713022 0.0374970018510228
"cysD" -1.3015637241834 9.09388148945583 5.02248752813155 0.0258245242714627 0.0390590558448579
"gspE" 0.75065422567291 2.50120069349346 5.08138074625282 0.0273644024817282 0.041319338631048
"yhbO" 0.464583262997065 8.21430476375017 4.91416017183801 0.0274619166184612 0.0413978146039489
"apt" -0.522515099884781 7.24931585438193 4.90063129920132 0.0276739089944321 0.0416483166820178
"purD" -0.620402277978186 8.4613955267341 4.82816434579749 0.028838975076419 0.0433299642057271
"slyB" -0.428199287697709 9.90118140502088 4.79651477328007 0.0293638234522741 0.0440457351784111
"fbaA" -0.56588287716896 11.3237116410118 4.78965912856241 0.0294788244553277 0.0440951330232369
"infC" -0.540693040418501 11.6097875832611 4.78726404538752 0.029519112293524 0.0440951330232369
"yqcE" 1.00181286507797 2.27849064895571 4.78588806476174 0.0295422838406505 0.0440951330232369
"fepA" -0.837200248566029 10.5622859696644 4.73579337896954 0.0303989956448965 0.0452994869528048
"yqgB" -0.841133017047488 4.55995206425901 4.6998324611696 0.0310300321545254 0.0461641558567325
"mreD" -0.322984918199976 5.79965736125028 4.68398896539899 0.0313123982296566 0.0465081208999311
"deoD" 0.478181084336128 9.82016277267289 4.65520718873924 0.0318322734623107 0.0471784292038474
"sodA" 0.494269326361476 11.1910813715035 4.65327494713478 0.031867497834062 0.0471784292038474
"ispG" 0.259126843049802 8.93293000096542 4.62854873019487 0.0323218816902405 0.0477733178153311
"hslU" -0.514507823452897 10.9910832557791 4.61655811881189 0.0325446730151502 0.0480245256019018
"umuD" 0.606226286847361 2.65601752948443 4.5975195299284 0.0329017388857802 0.0484727401088723
"iscR" 0.387978799168026 9.04424448489564 4.54772438562304 0.0338552387254764 0.0497967831738804
"holA" -0.306480008471688 6.78064231144613 4.53775783077538 0.0340495468339519 0.0500016770146402
"yjiY" -1.30914787039886 6.90682241294498 4.51061657998484 0.0346154339539068 0.0507506926840343
"pheT" -0.509695781171846 10.7977099443066 4.48328274906702 0.0351325194588168 0.0514258618165289
"atoB" -0.406994489899725 3.93219150048961 4.45530253295376 0.0357028005118258 0.0521766007479898
"ispE" -0.336550976831684 8.04255359454717 4.43702415170857 0.0360805979028998 0.0525962771382496
"aidB" -0.557158001223666 8.54996351171134 4.43581705421155 0.0361056951972143 0.0525962771382496
"gltK" -0.670719415027174 4.91466746384801 4.42936864067969 0.0362400787288881 0.0527075705032949
"fic" 0.469754519992617 8.25370807155205 4.42022436149744 0.0364315471873091 0.0529013999892396
"gabD" 0.674387586942231 9.95876020568022 4.34400789293121 0.0380694821293888 0.0551916415560038
"wcaG" -0.785622935940474 4.01223833297555 4.31010853887534 0.038822772412962 0.0561941084767237
"ldtA" 0.398932651752563 7.91054994530387 4.26880885092279 0.0397618124469396 0.0574618243470081
"yobF" 0.678303547963255 8.61797357769712 4.18370374628872 0.0417733115251336 0.0602729209148357
"dtpB" 0.317351807312277 7.14697292769795 4.16499202189165 0.0422298240816038 0.0608350397625639
"surA" -0.323633253498144 9.00553666707695 4.11037135711285 0.0435928448075886 0.0626992024210411
"ypfJ" 0.274268288078384 8.1375924995273 4.0227097280222 0.0458786091281472 0.0658825524446853
"ribA" 0.249774654977092 6.77247990443828 4.01649900168191 0.0460452985711792 0.0660176283930629
"xerD" -0.242883738920693 6.56902185733804 3.95818682183763 0.0476420221600451 0.0681993671550881
"skp" -0.343177644770315 9.39542149816149 3.93630040173681 0.0482563951173663 0.0689702250969905
"prfC" -0.454860363760012 7.96399932059848 3.91994437110975 0.048721013288864 0.0695249624483161
"ssb" -0.338541040416884 8.50810094842492 3.8859242757861 0.0497026920723049 0.0708146506171241
"ackA" 0.472145522057023 9.87981116874892 3.83457612813584 0.051224396221341 0.0728685073007809
"kdgT" 0.494309556676333 4.09462313630775 3.69025238506869 0.0557731130669403 0.0792152496528886
"sufC" -0.469340812616644 8.2293355097286 3.67180066534916 0.0563850069634911 0.079959393650255
"ybaP" 0.282246704183495 5.75373979076888 3.66396350258285 0.0566470661576896 0.0802058927372895
"curA" -0.450919781392778 8.26463389123316 3.65639050779542 0.0569015275026818 0.0804408841367617
"ycdT" 1.12581142909727 2.7228991379401 3.64226298760421 0.0573794961192405 0.0809906241807292
"yciO" 0.250181188989987 6.91177203431818 3.61260895252848 0.0583967686828896 0.0822987019112351
"pheP" 0.480640702650334 5.6447047517264 3.58220027248811 0.0594599720576334 0.0836673600625212
"pcnB" -0.30106176775272 8.41321874464503 3.53513564237436 0.061146555794213 0.0859076031173719
"aspC" -0.449153383925044 9.49234156898996 3.45538888879855 0.0641223753611781 0.089922119595879
"nusG" -0.305888166078922 8.89385223003548 3.45331459819541 0.0642018213616342 0.089922119595879
"raiA" 0.581012969081034 10.3836824398401 3.4027963398387 0.0661696664089775 0.0925357334857855
"hfq" -0.369136816719611 9.44461428296306 3.34703789671491 0.0684171106375319 0.0955317259132357
"ompR" 0.295701865324844 6.74700596310359 3.30836000182508 0.0700242493010104 0.0976258322310098
"yiiM" 0.248798973659773 7.17958420798737 3.30019981434463 0.0703684842713399 0.0979555163899663
"mdh" -0.339935517519808 9.95160423522661 3.26544232936838 0.071855271111697 0.0998722346185513
"murI" -0.281551670334623 6.0712903992021 3.248256153158 0.0726029068215841 0.100757316489801
"ybiO" -0.323974575556946 6.66298344500867 3.23678462259146 0.0731066095956778 0.101301689211084
"manZ" 0.419997340606349 8.96745659856687 3.22106317276469 0.0738030557592759 0.102111077146395
"ybhJ" 0.411576746319887 3.68575454096413 3.15427451487156 0.0769682973709978 0.106328544544433
"mscL" 0.383646493623822 7.36320575909171 3.1210339419271 0.0784056348948718 0.108149805947555
"yidH" 0.308274350783992 4.60212679081411 2.97319142150014 0.0857871472234786 0.118152298221427
"kbl" 0.262210956087268 8.06264624512046 2.93554637988934 0.0877850624018186 0.120721061608552
"srmB" -0.239162843067527 7.39402962411394 2.92847547813328 0.0881659545172118 0.121061710960945
"artQ" 0.270370823493687 6.4763340987732 2.92079622943721 0.0885816575262305 0.12144905986628
"sufB" -0.410505680391413 9.58452505074053 2.91444618431649 0.0889270199822833 0.121738947535987
"fbaB" 0.471012564328218 10.6630504090575 2.87549395004979 0.0910779255874418 0.12449599151727
"entB" -0.581223587319921 8.92722221524876 2.8405994786831 0.093053045930567 0.126887520531606
"grpE" -0.387367224322005 10.2856830755994 2.8396631641088 0.0931066844824876 0.126887520531606
"ilvH" -0.444679146161453 5.70372151882792 2.8068123145785 0.0950628535261262 0.129359481819235
"fmt" 0.260467154010981 8.85907752513581 2.79042199475118 0.095975779785437 0.130406552802634
"ihfB" -0.335433294851427 8.9769894789768 2.77826991327598 0.0966986310568106 0.13119262034424
"trkH" 0.189726200374515 6.87928727857538 2.7683095585661 0.0972955590353487 0.131805757322104
"cvrA" 0.225688249882645 5.8760390076241 2.71525258470482 0.10054415179097 0.136003919610107
"hspQ" 0.403059388961116 10.575856688395 2.7047153371635 0.101203399327274 0.136692258526735
"rraB" -0.26981607255642 8.70076828017278 2.69938825785586 0.101538486657033 0.136941371470687
"gsiB" -0.449704705963674 8.06737566840646 2.63789076371878 0.10549648728803 0.142068602881214
"cyoA" -0.410081388844238 9.98235132835175 2.6070888279128 0.10754254724256 0.144609726987406
"yqjI" -0.247091428995741 6.25278963929482 2.57393287234678 0.109794044008135 0.147419181688914
"cpxP" -0.326076217215828 10.0386933743254 2.55407858086509 0.111167178016366 0.149042720968844
"secF" 0.263035632360732 8.23184434680681 2.51346785592156 0.114035419327256 0.15266302823045
"nfuA" -0.283514212565047 9.34381173715114 2.48719030856019 0.115934999706217 0.154977815783752
"mntH" -0.47317604861729 11.0093445020889 2.47235804927682 0.117022694734423 0.156202099138899
"yjgL" 0.790170397512043 2.35406704781148 2.46282599630289 0.117727688865599 0.156912711405909
"ansP" 0.481349650332133 4.29803459946504 2.42356979688416 0.120681270406304 0.160613872326984
"lptD" -0.2700893992194 10.3280466148395 2.38890766740756 0.123357889480516 0.163936142599107
"icd" -0.470555353743225 11.6270141252863 2.38404027431828 0.123739022319999 0.164202585823181
"qorA" -0.347854032757214 8.6703062722183 2.33325679873763 0.127794936071391 0.169337604794306
"yhjK" 0.173027406173963 6.59003260811781 2.31407789806361 0.129365190146632 0.1711687887093
"clpX" -0.352176516047727 11.1470947830676 2.31092406869442 0.129625469463204 0.171263883346006
"yoaI" 0.70248025323967 1.76736316796342 2.30715871785007 0.129949845270537 0.171443264660259
"fepD" 0.309881646528331 5.51460836205574 2.2965614805327 0.130818229497218 0.172338797989813
"yheO" -0.209580095062315 7.26024361689789 2.29173041321619 0.131222192890655 0.17262080077801
"zapB" -0.347927594969412 8.09271522760447 2.27911217952572 0.132283917862238 0.173766013492448
"dps" 0.549276954780278 13.3139295523876 2.25921214453668 0.133978000356173 0.175737377090565
"cdsA" -0.226556350275197 7.39577098003542 2.22828501843934 0.136659424851492 0.178996278371767
"ugpE" 0.554721328321461 3.76647619007397 2.20780533672535 0.138468270794699 0.181104544104146
"sodC" -0.369865845751532 8.64887510213302 2.1906058821283 0.140008257385259 0.182855612016093
"thiC" -0.36281430201878 6.71864152498273 2.1640543175074 0.142423704812605 0.185743396950729
"pldB" -0.179108806801919 7.19872639506849 2.16088071379325 0.142715550410744 0.1858573571968
"ydcF" -0.228067071510887 6.62158545307148 2.15626408425868 0.143141305001146 0.186145130537971
"pfkB" -0.274349012604166 8.32473485955171 2.13511100732098 0.145110547022274 0.188436410347496
"hslO" -0.250322138870338 8.92990499458916 2.10155349085869 0.148297864331508 0.192300654318603
"nrdE" -0.415910443625798 9.70601245657488 2.09826070103466 0.148614870837495 0.192437204545987
"groS" 0.387443950665362 10.2996921122643 2.04434642587887 0.153916478836324 0.19901860492492
"yegI" 0.305743962325183 4.02691961827102 2.04058753643364 0.15429406028446 0.199223438634338
"ygfZ" -0.222095538914736 8.3355796694055 2.02533624322223 0.155836931077186 0.200930170708032
"pspA" -0.40257074495942 11.2649913781955 1.9954435516198 0.158912346675988 0.204605273553078
"plaP" -0.579931216419641 7.51983831447583 1.96261259553543 0.162370342406005 0.20876186880772
"rluD" 0.185612318463799 7.54190497765974 1.93600428803892 0.165236303240298 0.212146609668688
"yiaU" 0.272267902577278 4.23745149636721 1.90302009996861 0.168870068356985 0.216506194832862
"miaA" -0.32485940138177 11.0498192636368 1.89238472277065 0.170061291276629 0.217726357423177
"ybfA" 0.388829479223929 6.46765625394566 1.85609764595624 0.174199262515609 0.222710449545272
"lptC" 0.192690788772672 7.45599868402158 1.79281254127268 0.181698161695397 0.231971389018421
"gudP" -0.379724805226076 2.41881358445631 1.78996519167897 0.182044271112391 0.232087296551421
"fhuA" -0.24719701619326 9.70675147647544 1.78110427053415 0.183126279965759 0.23313975978834
"gcvT" 0.317746788787781 8.71967686535067 1.74619616135493 0.187462496270259 0.238326446307225
"sbp" -1.22820465809698 8.11717202319952 1.7367914165841 0.188651160226757 0.239502660120282
"mrdB" -0.185204570625617 6.48809605713996 1.65979633658064 0.198722118028115 0.251604701071587
"pqiA" 0.163843304775309 6.63711700418909 1.65968400195955 0.198737266633003 0.251604701071587
"yheT" 0.181662451773044 5.64753541187866 1.64252492302642 0.20106729343188 0.254200514227509
"gabT" 0.410978472671939 9.91562385645389 1.63760125968694 0.201741821788736 0.254699050008279
"tdh" 0.207089182225045 8.20660823735919 1.62006100948654 0.204166630886656 0.257402867511747
"cysH" -0.665940391255059 8.06277104204493 1.61704995683489 0.20458634742057 0.257574778123681
"cohE" 0.237908010864127 5.26535562977467 1.60704004437793 0.206051808051962 0.258973763992434
"fepC" -0.421097333572115 5.4874959614369 1.60506349622279 0.206267332376812 0.258973763992434
"yfiF" 0.193341662165695 7.36185371232115 1.59529013346063 0.207650086344071 0.26026146253794
"entD" -0.618482912273135 6.12505573971598 1.59377390084886 0.207865590541853 0.26026146253794
"dppA" 0.353647562064086 10.4925143611483 1.54728662049183 0.214603923218176 0.268328701795492
"gshA" -0.196278502498603 9.22426490097991 1.54042615105899 0.21562026289452 0.26922914693835
"pntB" -0.229147999925982 8.91051973716271 1.52459798033136 0.217987158653536 0.271706730420945
"metA" -0.697593151841069 5.52066342900135 1.52316930546219 0.218202324760495 0.271706730420945
"ygiQ" -0.276898730664316 7.23873236519135 1.51219216874663 0.219864058932994 0.27292066990735
"parE" 0.182240524901011 7.91088741555704 1.51108844767878 0.220031979942904 0.27292066990735
"sbmC" 0.209872705778735 7.33111738526868 1.50933081124462 0.220299705904018 0.27292066990735
"yhaM" -0.273934063892403 4.10203081302245 1.50700097644952 0.220655192830305 0.27292066990735
"thrC" -0.314139200630836 8.48387620826188 1.50684884218232 0.220678429463039 0.27292066990735
"yghA" 0.299459886178196 8.20075811958006 1.4632795491318 0.227455938605699 0.280920445913832
"hyfF" 0.239717664676435 3.46390436728098 1.42251560959779 0.234025833538077 0.288263894424175
"ubiJ" -0.179661321861772 6.4422728895879 1.42245340703708 0.234036033096855 0.288263894424175
"malI" 0.228590797489114 4.39434980366266 1.4191684833858 0.234575440705489 0.288537314751407
"creA" -0.233691054442538 4.97877100191842 1.41470123016475 0.235311420892212 0.289051461609487
"cca" -0.182915495191221 8.27990734370488 1.40706290565724 0.236576350299426 0.290213093687151
"fre" 0.136159464681688 7.68132189382687 1.39728307507469 0.238208023189158 0.291820880160302
"hda" 0.263629869874633 5.86713719082774 1.39142674976876 0.239191660984013 0.292631520638584
"ompA" 0.383134358802866 14.5755365927225 1.38607639855962 0.240094648199988 0.293341445179824
"yeeN" -0.353544528812719 6.00856917912207 1.3579763639795 0.244906120306114 0.298818340078198
"htpG" -0.329292522997435 11.6881249554574 1.35364795463092 0.245657713746939 0.299026715161044
"ydhQ" -0.17516447452669 8.84322831724848 1.35320478961555 0.245734825330363 0.299026715161044
"ppiB" -0.204634991030319 8.54884621592086 1.3456022145781 0.247062326098917 0.300240179711117
"gcvP" -0.264194986571399 9.68739769624606 1.33205611540556 0.249449545520588 0.302736497834732
"nuoG" -0.238800996103923 9.37593297319823 1.3145662752627 0.252573923164039 0.306119594874815
"pgk" -0.295082289912255 11.1124595516182 1.30963445526785 0.253463653837677 0.306788896589146
"yiaG" -0.329548743034264 9.3179029986681 1.29953492494758 0.255297790110187 0.308597993630532
"ahpF" -0.165085782704332 8.4322861284858 1.23482431299227 0.267448992462794 0.322784275531458
"yeeJ" -0.127629134526433 6.69821025143844 1.23329880191641 0.267744052531045 0.322784275531458
"wrbA" 0.278081759559155 9.87081086206792 1.21157126206409 0.27199116332791 0.327470155582874
"tktA" -0.315502972207649 10.6059226443762 1.20299371324923 0.27369110521482 0.329080971746391
"hcp" -0.410683618652588 2.44935190060206 1.19528139703153 0.275231005860403 0.330495355782174
"cysA" -0.527887157326199 8.354583807602 1.18200786255416 0.277906982962924 0.33302267360815
"tabA" -0.192631746317931 5.42381607939181 1.18121217681262 0.278068437039148 0.33302267360815
"ahpC" -0.259354143100032 11.111920992071 1.16051491333099 0.282310194757037 0.337657851360719
"baeS" -0.178616639176323 4.59792506338575 1.12924786199947 0.288875338691685 0.345056087872197
"blc" 0.219143051684975 7.27528227365139 1.10466267416209 0.294174978111174 0.350925269164117
"ydcP" -0.229537685999629 6.48137346113149 1.09874898505061 0.29546831902096 0.352006162503345
"metE" -0.489209130428154 10.5584053779369 1.09086130184402 0.297204787828272 0.353611455675261
"msrC" 0.178516976121867 7.23654828794378 1.08020396206114 0.299571946771032 0.355961960280874
"tpiA" -0.188483212426974 9.86198110610816 1.07591406060156 0.30053167036366 0.356636146684813
"fes" 0.263076111358125 8.30230382389495 1.06587589048055 0.302792972067444 0.358851123349814
"gsiD" 0.362316918042348 5.07791247845773 1.03340585121035 0.310260527867989 0.367222421656252
"csrA" 0.221792545828783 9.91824865674409 1.00830969252988 0.316197702226564 0.373762953607213
"flk" -0.21718458878889 5.45163906266109 1.00307444169352 0.317454997464185 0.37465407760849
"prs" -0.222504509617127 9.43186609217338 1.00174260179532 0.317775900809841 0.37465407760849
"cysM" -0.451963641711122 7.53459064667628 0.990752872813921 0.320440236599822 0.37730592625549
"rpsB" -0.262062304363641 11.8882845212982 0.976404612507614 0.323963408962367 0.380960852195073
"yjbJ" 0.344830208197539 9.90703260294185 0.92501507916029 0.337013070881939 0.39563422898596
"rcsA" -0.337791217123651 4.39271135590353 0.923869559902384 0.337311911401671 0.39563422898596
"ycaQ" -0.184974617214672 4.6101458831895 0.922005767108751 0.33779889611617 0.395694840940204
"gadX" 0.219355453715255 7.8512747951743 0.906373755272447 0.341920897462232 0.400007845293654
"entE" -0.311588331436157 9.66611672123199 0.904166087768535 0.342508503510361 0.400180243818661
"exuR" 0.143146465848943 8.66288231789039 0.89567772043383 0.344780602356515 0.402317801722814
"yccJ" 0.236942529482132 8.72973445158801 0.884133945451308 0.347903509537035 0.405441397652775
"nrdB" -0.173885587849929 7.53227514695008 0.869114985163655 0.352024528973111 0.409718689931573
"dnaJ" 0.217960334665929 10.5227847510035 0.862624858094392 0.353826006843059 0.41087478963262
"ompX" -0.266604783211275 12.6162730853071 0.862280841865919 0.353921848495425 0.41087478963262
"rlpA" -0.134161951056939 8.15297648740889 0.845845474385359 0.358542565036604 0.415708152574328
"mdaB" 0.14239263016477 6.25140959960754 0.820599105715937 0.365804204420281 0.423587288940172
"crr" 0.219207078282699 10.7046666094042 0.810364063334158 0.36880637293401 0.426457986798133
"insH1" -0.178834788676781 9.84047329508656 0.808957611070993 0.369221601331277 0.426457986798133
"syd" -0.157038891952483 5.33000635192223 0.799740759739383 0.37195895658871 0.429074481648652
"lipA" -0.17606507270899 8.41528048436979 0.797709144272094 0.372566158289909 0.429230212782671
"nfsA" 0.1413687942344 5.875406162206 0.794683563016433 0.373473014636523 0.429730342157721
"cysK" 0.337113157171038 11.620664997525 0.739363065755871 0.390619766497292 0.448891741777546
"ptsI" -0.227400309185628 11.6549658458711 0.72790502212542 0.394311349130398 0.452561889342843
"maeA" -0.130067946547807 8.47366571638129 0.692659438102802 0.405989025721638 0.465377079925559
"nupC" 0.147868898433261 7.24039859394557 0.67963280237248 0.410433199230709 0.46987881372886
"ldcC" -0.14958648624742 8.10433392978227 0.652100225026641 0.420066126400518 0.479863206970211
"yggE" 0.126023273275725 8.50580502482736 0.651695458223828 0.420210245047621 0.479863206970211
"ftsX" -0.100201952407347 7.30462943971552 0.630906755722627 0.427713121770945 0.487818353437628
"cyaA" 0.160698141416419 10.1319909336387 0.597736056182723 0.440112310290241 0.501330939917079
"yegQ" -0.147300081354454 7.70724447288511 0.580745887760612 0.446678266074916 0.50787464575988
"ydfG" -0.122567699882699 8.17296596133966 0.579988777487259 0.446974385707265 0.50787464575988
"yidD" -0.342462500561492 5.63074002594356 0.575319762960257 0.448807299787936 0.509090212860853
"proV" -0.242051631021318 7.49402807302016 0.574413823968861 0.449164302216066 0.509090212860853
"gsiA" 0.19881152682413 8.15008374703268 0.567635446565397 0.451849600724931 0.511459519769664
"elaB" 0.22431667371819 10.2537401773984 0.566303950267324 0.45238003728802 0.511459519769664
"groL" 0.252440551132292 12.7564403948827 0.549736704243936 0.45906290294868 0.518370408422795
"btuB" -0.144509111576682 7.10190638966079 0.541815285136174 0.46231364783228 0.521393431612336
"can" 0.133827036298789 9.3006690161998 0.514959105958363 0.473613794226518 0.53347576078303
"kdsB" -0.103170714451074 7.51922803620048 0.506512099134817 0.477260620371569 0.536918197918016
"ahr" -0.161022733994515 7.88771240569557 0.504893198236448 0.47796478252932 0.537045719801177
"sseB" 0.164524815138087 6.31276514680022 0.497624398199262 0.481147531049977 0.539954451511641
"yghQ" -0.213569959299379 3.14520285888742 0.493513010939891 0.482963223056769 0.541323760491496
"rplT" -0.155513169747301 10.6949840096748 0.481936897467351 0.488136870901744 0.546448787745918
"wcaN" -0.100065098839971 8.98286291251154 0.479747842265467 0.489125569512431 0.546882094325707
"ygaZ" 0.129794291991774 6.25471790741784 0.468115153943404 0.494436191837939 0.552140661401335
"lpxD" -0.10795957655693 9.59608034621381 0.465025643029941 0.495862933142924 0.553054486167997
"tktB" -0.204251020469511 11.3153941543414 0.434608389793893 0.51029223947649 0.568450546181531
"proA" 0.0887759165693259 8.0084788997608 0.429563916037248 0.512755156073173 0.570495026769295
"panE" 0.0779763216275835 6.97830292718801 0.414898043852545 0.520034895739638 0.57788718854197
"roxA" 0.0852473918681512 8.64905435180625 0.404106902158191 0.525508615468535 0.583256814970572
"poxB" -0.160208423147478 10.1079117727525 0.389906835261992 0.532870084236182 0.590705983622792
"rsmH" 0.0906747503300558 7.67383139108685 0.385105444863511 0.535401411515262 0.592256518644213
"ybdK" 0.141909286015431 8.38955909975501 0.384783543971416 0.535571901348232 0.592256518644213
"cspC" 0.172334586189396 9.69848871538369 0.38346433077143 0.536271636099979 0.592309741451861
"hns" -0.131892791687045 10.6019529055655 0.370655637573347 0.543153582527858 0.599182774900271
"fecI" -0.138928197932405 7.61116609082846 0.357952101163366 0.550142045479032 0.606156508291443
"ycjF" 0.0972823973851875 7.61917684210867 0.322778757147955 0.570409668636292 0.62772686294236
"dnaK" -0.191856684566811 14.202865620267 0.318558161554932 0.572939050078066 0.629748000629943
"ycfT" 0.228943935264821 2.16976806548596 0.313703881686962 0.575875676899956 0.632211340944516
"nrdD" 0.10236418310808 9.33604328204754 0.309872613270569 0.578214590424008 0.634013344626566
"chbF" -0.179662840481047 3.09795313261374 0.318410945865066 0.581475376645265 0.636820623338007
"cybB" -0.138084203168415 5.8527969571607 0.299655046880875 0.584546179283574 0.639413329685643
"csrD" 0.0695851358559004 6.98862591121157 0.28934718012164 0.591077605950701 0.645780701693734
"lysP" -0.0885918506740352 8.37997507816235 0.254802293402776 0.614121136906148 0.670151396695905
"sufA" -0.110382072583974 7.79281242982403 0.246195435519978 0.620166237803745 0.675936582929981
"ycjX" -0.0913724833781379 8.97823896470949 0.238677401656245 0.625555373250175 0.680993813514262
"proW" -0.124413197130592 6.92115228490397 0.230783486490971 0.631328380598815 0.686154084479546
"tonB" 0.0868638948564287 7.76789800298781 0.230138740554705 0.631805246104928 0.686154084479546
"clpB" 0.147941578884804 13.0731149011168 0.226281168650059 0.634675679584794 0.688448917353911
"ligB" 0.116575829416071 3.56780563848449 0.243882808215771 0.642606564338587 0.696220938002116
"aas" -0.0558555227654048 7.16226409524849 0.208972603012437 0.647937569181251 0.701161012363996
"ettA" -0.070879666126263 9.20494292255567 0.203368358763966 0.652373769086516 0.70512218323382
"lpd" -0.11043083790142 11.2473116532878 0.197857449713513 0.656808442471552 0.70907229715753
"argS" -0.0792195422871359 8.20913573471159 0.192563602150754 0.661138701332084 0.712900450190824
"lnt" 0.0607585562417405 7.27566553591735 0.190456041671953 0.662882414294876 0.713933785064031
"yfaD" -0.0934099604710153 4.54118467590052 0.181083130200931 0.670779470742725 0.720847281276134
"yajQ" 0.0650789974886479 8.12489269647934 0.180956770812805 0.670887568712441 0.720847281276134
"cirA" -0.191037949460782 11.400220930513 0.167932375837749 0.682277457586945 0.732219845273356
"clpS" -0.0548807741268965 7.3182104894736 0.165955081043412 0.684051351317227 0.733257875409622
"narL" -0.0763349734299889 5.89872574137339 0.156198321794117 0.692989793656824 0.741964337378154
"tomB" 0.0762106526577879 6.81699214733689 0.154928680982622 0.694176507193644 0.74236052357532
"grcA" -0.0839441282952516 8.63082857046429 0.148464423056663 0.700307323933019 0.747931637867592
"phoQ" -0.0482473571639017 7.33111754080398 0.147711175669976 0.701031634172925 0.747931637867592
"aroG" 0.0648482992678169 7.96711011592963 0.135928577378854 0.712648456636501 0.759434287318381
"ybiB" -0.0610121153838898 7.54892324289626 0.13329201560468 0.715325692089967 0.761394676943537
"deoB" -0.0915495640662258 11.3922238165505 0.121755531269168 0.727407304894624 0.773348818887969
"purF" -0.079875449420389 9.09935816289482 0.120282942596411 0.728995117229421 0.774131497151336
"pgpC" 0.0505608849181649 6.81646271072648 0.113059388980715 0.736946001519265 0.781661511529769
"yphH" 0.0553056418316493 4.82024924878788 0.111168786056369 0.74062388448089 0.784646982509474
"glpK" 0.131533453513084 9.10074261638326 0.0976075215467687 0.754958422157423 0.79811955346592
"yebF" -0.0612613362220019 7.45232720967235 0.0974938057620323 0.755096607239484 0.79811955346592
"rna" 0.0362760310663564 6.89182877337308 0.0952324501756261 0.757863138736757 0.800113348561802
"lepB" -0.0469973522712262 7.96605107919056 0.0928518743241535 0.76081468692819 0.802297622294345
"zinT" 0.159538017283608 10.2372739888953 0.0918694792114901 0.762044758849616 0.802663598834647
"dinJ" 0.0486148847557976 7.25283263506101 0.0891528677001361 0.765484126655082 0.805353091585035
"grxB" -0.0630559881030347 9.23535809602134 0.0834196300290693 0.772934917620694 0.812251838285793
"pqiB" -0.0352095253204818 7.00636297947926 0.0816173808526144 0.775334173573174 0.813140372154272
"fliG" -0.12096313956858 2.76943543433259 0.0814417352559879 0.775569529876517 0.813140372154272
"nhaA" -0.0503713725442905 9.26051062970234 0.0748581416422152 0.784597346032371 0.82165781975049
"entC" 0.0793368479453684 9.33509806992215 0.0677845163406373 0.794786609613861 0.831370573232451
"fiu" -0.107926791728512 10.7754130895157 0.0645590803237434 0.799621403294112 0.835466500683158
"pyrD" 0.186492054846059 7.00569344061732 0.0633812514089262 0.801418908882382 0.836383224080465
"dxr" -0.029864784916984 7.24172899059189 0.0590110356989408 0.808248417023039 0.842543361323329
"orn" 0.0416414191369687 6.10909716591801 0.0576128120934236 0.810489773483132 0.843503683459108
"secB" 0.0381758539456153 8.87592804121695 0.0572812089872292 0.81102554383197 0.843503683459108
"yciM" 0.0287229799999682 7.56480610488731 0.0527354421328047 0.818542013490899 0.850348217443688
"cpxA" 0.0328458350475493 7.80758329576779 0.0510547289239411 0.821407169888913 0.8523505906724
"pgl" 0.0508465617669745 9.30241097011655 0.050248942230275 0.822798403464548 0.85282069412688
"hrpA" -0.0276637323625765 8.29888840067672 0.0467983684824509 0.831751780661624 0.861118870867217
"yohF" -0.0425993338975441 6.9184977449541 0.0422974239550916 0.837207212481884 0.865780837481266
"yohC" -0.049283870179587 9.80935875915998 0.0314587166433884 0.859352451754284 0.887672021187096
"rapA" -0.0265133811674228 8.45794860706341 0.0287493231001148 0.865484756095605 0.8929916495924
"ybhL" 0.0306390710136967 8.66254378555916 0.0265757947804523 0.870622685919749 0.897274400794844
"secG" 0.0405393876298759 8.72981511056966 0.0241777844899857 0.876548360931843 0.902358391944559
"ulaE" 0.0552411408238543 2.69611548534984 0.0272100536128445 0.883938628096575 0.908936892465822
"speA" 0.028671949374938 10.2018216818792 0.02056748543987 0.886069319552391 0.910098318048728
"ybjT" -0.0185185760020809 6.77536644401514 0.0175917956582029 0.894580538304541 0.917803283655562
"yoaD" -0.0216135837467848 6.06034811680953 0.0149641235042845 0.902729349042646 0.925119479458585
"osmF" 0.0234561322878516 7.63823845898993 0.0133483543543122 0.908105990724898 0.929041906382486
"yfeO" -0.0147831102998796 6.9797754483858 0.0130990610935492 0.908964349846493 0.929041906382486
"yahK" -0.0247525993370737 8.97269024638524 0.0129096531066898 0.909622988647319 0.929041906382486
"kefC" -0.0193087492061184 5.581239221457 0.0117079775041142 0.913913858499634 0.93237676473195
"kdsC" -0.011875750257175 6.92266812870882 0.00904487822542535 0.924301572126694 0.941917185048391
"uvrA" -0.0162117826314009 9.78216659554227 0.00825518064725995 0.92767206085405 0.944293284788725
"glmS" -0.0156367276079658 9.57077660289109 0.00796321671489714 0.928959132714717 0.944545695344159
"patA" -0.0230010173682655 10.8517936766739 0.00653667126249358 0.93562076045087 0.950256168994235
"phoB" -0.0114430150518523 5.90097168256858 0.00600217577129901 0.938303479504152 0.9519172576666
"pspB" 0.01335395133632 7.74906761843699 0.00424807753842094 0.948080574652652 0.960763926821918
"pgpA" 0.00873824377381369 7.21401484464022 0.0042409022474464 0.955550815112051 0.96725578055329
"dppD" 0.0224049739431583 6.77283476752455 0.00199704508457966 0.964388435231957 0.975115781563792
"phoR" -0.00648116854317544 5.38592030329576 0.00170237972064595 0.967118869395497 0.976790058089452
"flu" 0.0189707045263644 7.70666162140198 0.00150765271686606 0.969055510366277 0.97718411410538
"talA" -0.0105741663163909 10.3152611053241 0.00144938821539071 0.96965904391975 0.97718411410538
"gloB" 0.00680017662922286 5.82472771376442 0.00103979730529759 0.974299534269179 0.980773285327446
"yheU" 0.024746472058696 4.00876982399986 0.0126271968618788 0.977470091995422 0.982876453123716
"yfcC" 0.0292140002949896 3.10533655821242 0.0118392659960218 0.981804301373654 0.986143767899063
"pspC" -0.0039810397457144 8.46922572833008 0.000316317306349905 0.985823119428732 0.989087434393727
"mdlA" 0.00194140401326742 5.37689704693887 0.00016484479673014 0.98976547174331 0.991947975539878
"erpA" 0.00184071895705637 8.23315696732575 0.000127722655602897 0.990991201474176 0.9920826014758
"gapA" -0.00276019310569792 13.2300870649993 0.0000884267138236751 0.992504035828296 0.992504035828296
