"logFC" "logCPM" "F" "PValue" "FDR"
"lacZ" -9.17731705448266 10.9326027338309 211.110268836796 0.00000000000000000000000000000000000779115107616501 0.00000000000000000000000000000000430071539404309
"ilvC" -1.94102257705099 7.72266267601115 47.8234561033398 0.0000000000329609253015236 0.00000000909721538322052
"add" -0.90030855385627 6.3139979591104 27.5833318343145 0.000000302890001193074 0.0000557317602195255
"cdd" -1.33298835017364 8.36099701220192 26.5353881974081 0.000000495990624471097 0.0000684467061770114
"iscR" 0.815862198448883 9.04363875985585 19.9765435266228 0.0000114949211610557 0.00126903929618054
"yigI" 0.904018229516101 5.18390532312849 19.0071314925737 0.0000184582412761951 0.00169815819740995
"xseA" 0.649820913540344 7.51107054549228 18.6335367922591 0.0000221695076175443 0.00174822402926921
"tyrA" -2.25302766562157 10.5281040694044 17.0762423202246 0.0000477849108355188 0.0032971588476508
"ymdB" -0.720049206417372 6.79405390044551 15.0589762251244 0.000130664301440016 0.00733504517053907
"ybjG" 0.592628202395342 5.48484494963662 15.0254639365358 0.000132881253089476 0.00733504517053907
"rluC" 0.728816372330671 6.13094326789937 14.8165741090704 0.000147586459207051 0.00740615686202656
"aroF" -2.15504163806459 11.2075170198454 13.5597721084831 0.000278441246260571 0.012149383270015
"tomB" -0.669824250736245 6.8166481477536 13.5061237068024 0.000286126779909773 0.012149383270015
"rob" -0.527378513904559 8.80142724160756 13.2922820091663 0.00031896323343007 0.0125762646323856
"greA" 0.559927772004602 6.57163210305688 12.9473084374307 0.000380207405794773 0.0139916325332476
"yafK" 0.623179606760736 7.15700483705998 12.4186614416082 0.000498105511033634 0.0171846401306604
"coaA" 0.604505178658344 5.7659723386518 12.1565195813705 0.000569739975720064 0.0174935733892809
"mcrC" 1.15453790837645 1.73418174772378 12.1049753395535 0.000594493617469214 0.0174935733892809
"accC" 0.752093134134935 9.67487283486693 12.0488018625125 0.00060213386666003 0.0174935733892809
"udk" 0.595514069122513 5.95115730749519 11.8960313030102 0.000651316619650711 0.0179763387023596
"ybjP" -0.658255476621233 7.77257073522474 11.5773058547228 0.000767501280663356 0.0201743193774368
"sodC" -0.860070808031326 8.64852735870114 11.3524768545226 0.000861958595013247 0.0216273247476051
"iscS" 0.696472673937884 9.80542664711979 11.1319474550796 0.000966117469904226 0.0231868192777014
"yeaV" -1.08749123273133 2.01560661153548 10.9632599895704 0.00105437540967037 0.0242506344224184
"nrdD" -0.635272361606621 9.33590520375719 10.5448483872465 0.00131047338445201 0.0289352523287004
"ysgA" -0.626391717181568 8.32424510835573 9.95499888654178 0.00178329132544293 0.0376362048786333
"suhB" 0.800885026666726 7.02651522068553 9.89432769122497 0.00184090132558533 0.0376362048786333
"sdhC" 1.01798350984624 7.80458451223034 9.76331188137431 0.00197187313119429 0.0388740703006874
"ycgB" -0.933222707448331 10.4072299704501 9.65444281736443 0.00208792051714387 0.0397424870849454
"ycfQ" -0.44130378532091 5.70512982143896 9.50454588286389 0.00225921009110028 0.0407280884318564
"mgsA" -0.413397025928735 6.87031544130456 9.48110493236162 0.00228726583584701 0.0407280884318564
"mltA" 0.470221636534991 6.63770810067217 9.21806085204259 0.002627615170323 0.0453263616880717
"fimA" -0.599316676840996 9.0220459447866 9.15262786139385 0.00272548273494861 0.0455898930209586
"aspA" -0.96888168296686 9.85172460383952 8.81352543460904 0.00325516408786733 0.0528485463677284
"gadE" -0.83498403419711 6.87745108571042 8.58655211930767 0.00367247167590581 0.057920124717143
"osmC" -0.863030560517268 10.3356957036879 8.41281566652019 0.00402863515905276 0.0614234107460225
"nfo" -0.435190098472027 6.7547346097353 8.37207928918815 0.00411714890870078 0.0614234107460225
"rimJ" -0.387936313113021 6.4574013158126 8.07447536236747 0.00482731055296715 0.0701230375062597
"nepI" 0.461023228389508 5.06954702086999 7.98697178345616 0.00505915186760023 0.0716064572029572
"hpf" -0.445802355674068 8.36265261710219 7.87846014530931 0.00536260050767019 0.0737298910081232
"dkgA" -0.697611787558086 9.05234002066719 7.81819047551792 0.00553914751921097 0.0737298910081232
"pliG" -0.955716646705459 8.05165464506563 7.79459409366427 0.00560988301148763 0.0737298910081232
"ybaT" -0.577199484259629 8.39362465283778 7.7496144105318 0.00574729934739971 0.0737792846456893
"hdeB" -0.7985892210981 9.42816363127409 7.37374634896725 0.00703979035723568 0.0883173699362295
"ompC" -0.820666794817711 11.8014817898342 7.31141104667722 0.00728145068809763 0.0893191284406643
"rho" 0.512884509978399 9.78615861758493 7.24287489567905 0.0075570190922136 0.0906842291065632
"sseA" -0.473882889931773 7.65649491877435 7.07617334869014 0.00827299395744743 0.0971636737129996
"mltF" 0.509656984687613 4.3527784674697 7.02811402278925 0.00849211186453082 0.0976592864421044
"yddH" -0.651752302960444 4.77369401929191 6.79056825390634 0.00966635647890599 0.106897333025537
"iraP" -0.472251928272152 5.09373398828288 6.78747045170853 0.00968272944071896 0.106897333025537
"wrbA" -0.657776479280154 9.87009077888648 6.45733357167747 0.0116025612419334 0.125580662853867
"agaI" 0.779555370194413 1.45300178936561 6.3177309005417 0.0125288893094069 0.132998978822935
"ybjD" -0.270364614158579 6.71725882097285 6.11979532665444 0.0139752778764559 0.145553837505729
"yhjG" -0.513943643078395 8.47743839354996 6.05253673532972 0.0145052315344894 0.148275700130336
"rplU" 0.555616593706975 10.1993193126387 5.5983523415577 0.0186750467272162 0.183518576082252
"sbmC" -0.433438621659642 7.33248322663311 5.54106995011774 0.0192831361195049 0.183518576082252
"mioC" 0.377279662511798 7.32023975130739 5.52393109667302 0.0194690504019777 0.183518576082252
"wecA" 0.371097480270438 6.96259481692793 5.51209051858779 0.0195985796111846 0.183518576082252
"ytjA" -0.569525288313175 8.66905549686152 5.51057618243035 0.0196152101247334 0.183518576082252
"phoP" -0.308543923714883 7.88713992696132 5.41678364101455 0.0206744048668859 0.185400043639314
"yfhM" -0.358090236824044 9.06219744407476 5.3956799651368 0.0209208288320894 0.185400043639314
"ygaU" -0.623993704477611 9.85610225585326 5.37570174295831 0.0211569299647024 0.185400043639314
"rnr" -0.363264094934893 9.39478862946516 5.37546136322176 0.0211597875892695 0.185400043639314
"malS" -0.351084293587636 4.85932819376148 5.30456391000954 0.0220204155417119 0.189926084047265
"yciA" 0.495661157596609 4.73093240008455 5.22726427741695 0.0230004578274938 0.190913685498774
"ychF" 0.376712188413609 7.49441255138465 5.21773414174717 0.023124397157714 0.190913685498774
"yceM" -0.345512632768232 6.67431745495994 5.21405011245816 0.0231724944355396 0.190913685498774
"osmE" -0.624056023152129 9.99690869167495 4.93904646513922 0.0270748849000198 0.219784359776632
"accD" 0.376045403691864 9.03770876036228 4.81720794236522 0.0290180053592259 0.229972202591055
"emrA" 0.36645966901176 6.40764547098305 4.76923265540338 0.0298227222519431 0.229972202591055
"fkpA" 0.320092657640104 8.88606849976695 4.75952639944267 0.0299883565276351 0.229972202591055
"ykgM" -1.06708419223936 8.98841045565336 4.76017882031303 0.0299963742510072 0.229972202591055
"arnA" -0.346241288620693 5.78069414266091 4.72571888693775 0.0306335470156809 0.23163997195419
"yibN" 0.275570230656524 7.60599305395346 4.66041036065571 0.0317360312788311 0.233399761880906
"yqjK" -0.446709553061779 7.82759824841381 4.63849209627357 0.0321367442109484 0.233399761880906
"rhlE" 0.397073115044613 6.78726636071139 4.63001520644981 0.0322931413172284 0.233399761880906
"rlmB" 0.276738088554377 6.50100302438196 4.59532666036864 0.0329415150532421 0.233399761880906
"yhiJ" -0.672050386735106 2.61670498904851 4.57293889936821 0.0333672207576591 0.233399761880906
"mrcA" 0.354835061123186 6.61301193581521 4.54668390175845 0.0338738388910908 0.233399761880906
"hchA" -0.50079468127496 8.32570091410303 4.54010078097273 0.0340021307587201 0.233399761880906
"fepB" 0.399418549440374 7.09675528648459 4.52751237554937 0.0342488781020895 0.233399761880906
"cyoA" 0.50539122497775 9.98165089308375 4.49758495249514 0.034843080548614 0.234553420278475
"patA" -0.620989597104238 10.8508997206392 4.37010268154467 0.0374984345270669 0.249144408747851
"luxS" -0.354476720586887 9.1073532628295 4.3198216311123 0.0386036351568924 0.249144408747851
"cysQ" -0.390090597529345 8.33018358578399 4.31684887202293 0.0386700439691636 0.249144408747851
"fpr" -0.300058220327241 6.63686221616254 4.3103351350968 0.0388159767252087 0.249144408747851
"accA" 0.344782608959001 8.5585094350192 4.26033425380905 0.039955723457398 0.252176628747839
"gstB" -0.366293064922536 7.65362263230782 4.2488854965769 0.040221629095992 0.252176628747839
"acuI" -0.329975127696734 7.15964074710573 4.23023059950276 0.0406589129684015 0.252176628747839
"cpxR" -0.251259876506833 7.96033529648995 4.17890691445743 0.0418880900278994 0.256913618837783
"eptC" 0.350554562730296 7.2685867599941 4.15282852611549 0.0425276457767834 0.257969895261367
"yidC" 0.458214213357005 9.31784077031341 4.06594711297342 0.0447339510796408 0.268403706477845
"hisG" 0.396049763460675 7.56829144363759 3.98318705336701 0.0469485692739435 0.278662475690503
"frr" 0.337722678741841 9.89332160462753 3.7443667383801 0.0540171863612522 0.306012193651293
"ydgA" -0.377739954016134 9.97652808299385 3.72795269105549 0.054542922080395 0.306012193651293
"exbB" 0.376466963219179 9.20039497255772 3.69624710151423 0.0555739477636154 0.306012193651293
"katG" -0.288410542357241 8.50338594821941 3.66700176395531 0.0565434135316967 0.306012193651293
"sspB" 0.280092153810251 7.80524984281703 3.65684060543376 0.0568844616174238 0.306012193651293
"poxB" -0.507455625104718 10.1069864168858 3.65092689560756 0.0570839591619866 0.306012193651293
"ydcH" -0.59959059909888 6.47129308816523 3.64546367867689 0.0572689233654883 0.306012193651293
"artI" -0.344838466611565 8.38025708080932 3.63929581899907 0.0574785135732758 0.306012193651293
"rsmF" 0.318606434598593 5.40895761309653 3.61216413109325 0.0584102537893535 0.306012193651293
"ggt" -0.364539660843189 8.10402608703346 3.61006051736187 0.0584831658877227 0.306012193651293
"fiu" 0.690160705173776 10.7745849466605 3.60789005174203 0.0585584970620728 0.306012193651293
"folD" 0.327288580043739 7.4448531519145 3.60510684624415 0.058655246617528 0.306012193651293
"dps" -0.710561893432951 13.3133827933236 3.57770815881566 0.0596168503975353 0.306012193651293
"osmF" -0.374279271844269 7.63876367945802 3.57556194997928 0.0596928839523555 0.306012193651293
"nudK" -0.301065473897827 5.50699271340649 3.57051893368462 0.0598719509317747 0.306012193651293
"ycdT" 0.536692326815866 2.72147570835224 3.49361200099506 0.0626751795341658 0.317400909200546
"elaB" -0.567500422752809 10.2528431717106 3.34877485762225 0.0683438871935309 0.342962052098446
"slt" -0.254889576942966 7.99102566337159 3.31933121615049 0.0695622929838592 0.345931402946759
"msbA" 0.275169592471987 7.82091408681461 3.28781706594103 0.0708923317783468 0.349397920907567
"hdeA" -0.563624696896621 10.7047343106294 3.27006416650502 0.0716536256735051 0.349683217327272
"recQ" 0.308500315553009 6.51205471294749 3.25705274082759 0.072217186187154 0.349683217327272
"aroH" 0.576086127354766 8.38478152904097 3.21539943101031 0.0740536895714726 0.354597384479536
"rpsL" 0.438173091617682 10.9365251481415 3.19363345468669 0.0750333558748196 0.354597384479536
"ushA" -0.255218364839332 7.70933174867446 3.19085912511808 0.0751592282320756 0.354597384479536
"rplN" 0.442404004614451 11.0832089274944 3.14216380096461 0.0774061189533094 0.360669681069159
"gcvT" 0.321294705430532 8.71898910719512 3.12195472588466 0.078359842985862 0.360669681069159
"cirA" 0.709066536276526 11.3995565402166 3.12097392192611 0.0784064524063389 0.360669681069159
"gpmM" -0.274298219148263 9.35202896515837 3.04846829287677 0.0819366485763542 0.373793636480558
"dgt" -0.231922254749456 6.09801328102081 2.98245386316502 0.0853011275785966 0.385774621708321
"ihfB" -0.332610824872372 8.97621177025751 2.95590829180077 0.0866961269152471 0.385774621708321
"purM" 0.439188138600365 8.8582180161474 2.94404478982714 0.0873275775871884 0.385774621708321
"thyA" 0.242793275506175 7.20745613119745 2.93454644063515 0.0878367499889006 0.385774621708321
"efeO" 0.35062888748332 7.41650789916083 2.93045170794466 0.0880572506073342 0.385774621708321
"rpmB" 0.412393066097689 10.4977602742186 2.87846476754015 0.0909098205523365 0.395135597991258
"putP" 0.299908455098867 6.63367526069648 2.83257692466849 0.0935116488543094 0.403268985684209
"manA" -0.22667540126479 7.36141120884908 2.80850107067915 0.0949092099836528 0.404891931503844
"pepQ" -0.217171816380054 8.19722615031417 2.79254495871582 0.0958480196481487 0.404891931503844
"gmr" -0.283602823017936 7.14506234103771 2.77021081019992 0.0971792160384521 0.404891931503844
"yehE" -0.402646528117667 5.51024948120758 2.74564582638234 0.0986668227541262 0.404891931503844
"fepA" 0.577293493230139 10.5614462539592 2.74012605870241 0.0990045143849126 0.404891931503844
"yniB" -0.301963977897795 7.24513812253002 2.7369955294865 0.0991965991920079 0.404891931503844
"rplC" 0.500345673399069 11.6755792489874 2.72981459655663 0.0996387579546129 0.404891931503844
"insD1" -0.205687568627502 7.65423316804417 2.71661296454146 0.100457291453285 0.404891931503844
"ihfA" -0.372445297935162 10.1620036240729 2.71609618314973 0.100489483000048 0.404891931503844
"rpsJ" 0.478224713959888 10.8432117911084 2.65805905665137 0.104177942248889 0.414488106463525
"trmA" 0.257721038807097 7.91402143449466 2.63814897470493 0.105477416683206 0.414488106463525
"glpD" -0.650463005236271 9.6989680871593 2.63389270383057 0.105757522128152 0.414488106463525
"cysB" -0.445489459976939 6.96977664411141 2.62278817014732 0.10649218008312 0.414488106463525
"pka" -0.379875882066719 8.80262269220412 2.61808076579356 0.106805311163786 0.414488106463525
"serC" 0.318674661643807 9.81526789987998 2.60953375259351 0.10737644787008 0.414488106463525
"rpsC" 0.448819133656092 11.4795625453295 2.55364428210426 0.111195319961845 0.426248726520407
"fusA" 0.471934527001536 13.4755941168776 2.53860323457108 0.112248531266447 0.426778602925415
"ndh" -0.371673214312473 8.02290501282724 2.52966201265971 0.1128798478752 0.426778602925415
"uspA" -0.373594780536615 10.3190640616994 2.50287223492257 0.114795074959399 0.431067220255703
"yhfK" 0.244234963490076 6.54005642448183 2.47733613836568 0.116654269892367 0.432194081185285
"rplF" 0.403949023022043 11.2308969634067 2.47724338579513 0.116661083508347 0.432194081185285
"ydgI" 0.336772539642918 5.4213467425274 2.46531355689424 0.117541145589702 0.432551415770102
"Actuator_YFP" 0.807073768803352 15.8090320972034 2.41049007440373 0.12209477896691 0.446333231720097
"cfa" -0.378804755011686 11.0131461162254 2.31614517930768 0.129192792389955 0.467812974621489
"fur" 0.254956669171279 8.18781053059856 2.31041351938505 0.129665552748348 0.467812974621489
"atpH" 0.309183174488098 9.22457272542863 2.29365197424314 0.131059243100718 0.469589307226285
"adhE" -0.461402616706331 12.1618913328799 2.27063323476749 0.133000664276398 0.469589307226285
"mqo" 0.29979143334543 9.27664758253443 2.26881583528222 0.133155314901379 0.469589307226285
"ybgI" -0.229328579584158 7.54754286064394 2.25450653021265 0.134380037599488 0.469589307226285
"tig" 0.34232697487349 10.7449419758127 2.2451656885224 0.135186340726463 0.469589307226285
"gadC" -0.521394679682719 10.4847198781407 2.2442908233376 0.135262137407571 0.469589307226285
"rpsA" 0.43843825021349 12.8748499652605 2.20857856979349 0.138397387639377 0.477470987355849
"tdh" -0.22534879263505 8.20636708905747 2.18599657083218 0.140422138858271 0.478756155056488
"groL" 0.513137720845439 12.7557935786574 2.18508552435701 0.140504523766578 0.478756155056488
"katE" -0.364801237550551 10.0541601841443 2.16435018262807 0.14239443523766 0.48221919172508
"gadA" -0.490790665076907 10.9015298606514 2.14535637187983 0.14415085986176 0.484602439339779
"atpF" 0.321573459412621 9.69420604838596 2.13774725544466 0.144861367943767 0.484602439339779
"rsmA" 0.188710961338983 8.00209318221859 2.12608580912992 0.145957974822051 0.484602439339779
"osmY" -0.385658591844619 11.2087256542594 2.10652974644691 0.14781815127526 0.484602439339779
"rseP" 0.200782509417042 8.75420809011172 2.08882459842655 0.149525494811201 0.484602439339779
"tufB" 0.369155435125122 12.4536842083594 2.07329215744307 0.151041783427737 0.484602439339779
"kbl" -0.207258947726005 8.06245782254693 2.06542580374741 0.15181636698703 0.484602439339779
"tsf" 0.312975649044463 10.4931135323009 2.06225378219862 0.152129987219763 0.484602439339779
"pfkB" -0.253532643437123 8.32405366355158 2.05574144229011 0.152776181157681 0.484602439339779
"yliE" 0.396109529716116 3.76296266614881 2.05117490429423 0.153231164908428 0.484602439339779
"ygfI" 0.352184091102975 3.44570530758539 2.04286644741967 0.154062936605179 0.484602439339779
"narX" -0.173445970953257 6.07888624144222 2.03750489383198 0.154602420863938 0.484602439339779
"dnaK" 0.497912193790329 14.2024825207873 2.02674649218701 0.15569145157441 0.484602439339779
"ppk" -0.202305900528925 8.74387343412584 2.01778231157871 0.156605548445909 0.484602439339779
"sspA" 0.214273706944463 9.13248655502846 2.01026642945925 0.157376683749805 0.484602439339779
"cspA" 0.498779724734112 7.81143523151009 1.99956647852532 0.158482003332424 0.484602439339779
"fadJ" -0.355698099582608 6.97468472065213 1.9854103342271 0.1599580201493 0.484602439339779
"hyfF" -0.298983140998748 3.46640683422401 1.98415889125182 0.160089259167163 0.484602439339779
"gpp" 0.200615440521301 8.13737471537952 1.98409625892364 0.160095830667017 0.484602439339779
"rplV" 0.399038388808297 10.4423562038262 1.97530420178935 0.161021381881479 0.484602439339779
"tufA" 0.377996763509051 12.9666547483493 1.96409584014459 0.162210202162042 0.484602439339779
"nagA" -0.215819298215183 7.7172105238117 1.96220214809622 0.162412049416412 0.484602439339779
"rpsB" 0.366158470687981 11.8875265993155 1.91759093092046 0.167251566832585 0.496359488664445
"lptC" 0.197135027002985 7.45651801213202 1.90854748197609 0.168252713069628 0.496660415050453
"ompX" -0.40170109327174 12.6155261432822 1.87584193517325 0.171931445363429 0.504062944048674
"secY" 0.392559879560112 12.6270203398122 1.87010058207908 0.172586768886231 0.504062944048674
"yjeI" -0.199981163511508 7.03786610719688 1.85856017013443 0.173912754110836 0.504547729378587
"rplB" 0.390652556199853 11.7398522880889 1.85251738684272 0.174611762904389 0.504547729378587
"cyoB" 0.336892758324342 10.6841656134176 1.83453797825914 0.176710872833037 0.504547729378587
"ybaY" -0.317659376026791 9.76051314955801 1.8305335030612 0.177182370421278 0.504547729378587
"sufA" -0.288815012643571 7.79268718991991 1.82934207382375 0.177322933875808 0.504547729378587
"argC" -0.482388947013497 6.62442344234753 1.8123632952609 0.179340195159934 0.507670706298889
"gadB" -0.470763408281088 11.1331926612011 1.7916464418157 0.181837787676438 0.510666886252576
"rpsN" 0.351616250563637 10.939814387132 1.78041288986553 0.183208995729805 0.510666886252576
"yhcG" 0.2811798089661 3.4527422570163 1.76494601218745 0.185116697474952 0.510666886252576
"btuE" -0.224775521083348 7.75995331455607 1.75823798762482 0.185951268118252 0.510666886252576
"rplE" 0.369693492917222 11.5997001407477 1.75675493093309 0.186136373023609 0.510666886252576
"metE" -0.534858633047815 10.5575147741177 1.75226958977839 0.186697512941422 0.510666886252576
"leuA" 0.304190452466342 7.22618005121919 1.74520253780813 0.187585652715233 0.510666886252576
"dld" -0.2401169323701 8.62731471626931 1.73367907695466 0.189044458350612 0.510666886252576
"potI" -0.240547913828199 5.40385838156581 1.71971891371028 0.190829555624326 0.510666886252576
"atpE" 0.259196916278937 9.11707190885356 1.71581279781666 0.191332563742307 0.510666886252576
"ygjV" 0.263607943565304 3.39725537436777 1.70920723586334 0.192186732724467 0.510666886252576
"rpoA" 0.368115198588624 12.6225780428162 1.7042653708395 0.192828693493641 0.510666886252576
"hldD" -0.172815959668787 8.82780543520642 1.700635160733 0.193301870380067 0.510666886252576
"acrA" 0.183509279776402 8.71277841322453 1.70026400844994 0.193350324686211 0.510666886252576
"rplD" 0.402405087195546 11.1567008144804 1.67825645229952 0.196249111968812 0.511458354774996
"pdhR" 0.313011233132854 7.52563624256553 1.67772557348355 0.196319666888645 0.511458354774996
"typA" 0.292164510051676 10.7325033419186 1.67434664919345 0.19676943340263 0.511458354774996
"trxB" 0.216437310366944 8.01584170631064 1.65949098477634 0.19876131383949 0.511458354774996
"yidB" -0.239269345493629 5.89563392582706 1.65661399422551 0.199149808647713 0.511458354774996
"ybiC" -0.185376310423048 7.41795202634086 1.64935053195994 0.20013462338007 0.511458354774996
"ubiD" -0.154074370607098 8.21665852656356 1.64609620879855 0.20057772373564 0.511458354774996
"rplM" 0.312683064710927 10.8610622503019 1.63968832810635 0.201453595456592 0.511458354774996
"lpd" 0.307000360752929 11.246614334088 1.63578758281504 0.201988987936502 0.511458354774996
"htpG" 0.372810462697735 11.6872402240424 1.5972249022292 0.207373518451362 0.521178924410363
"ybiX" 0.341223357350926 7.32957342934195 1.5904257402193 0.208340451831847 0.521178924410363
"yigE" -0.357559321437586 2.57030616440857 2.19496373350597 0.208660402707772 0.521178924410363
"rplO" 0.342061707948153 11.2720633988486 1.58063686319941 0.209741989992726 0.521520623765697
"fabB" 0.26262456380994 10.2907765447026 1.55948068630315 0.212809577971793 0.525925700639813
"rpsE" 0.331830852759456 11.1188740343418 1.54573936306442 0.214830698981166 0.525925700639813
"ptsN" -0.171761952594964 8.37855267864487 1.54242073369794 0.215322245387554 0.525925700639813
"yfgF" -0.287435549237734 3.25115820939199 1.53958483452449 0.215743356407727 0.525925700639813
"rpsD" 0.306439655168578 11.8296401365672 1.51926979307916 0.218788979011933 0.525925700639813
"rplJ" 0.315126220745256 12.0298748218062 1.51874909692746 0.218867715877783 0.525925700639813
"diaA" 0.167125178273588 5.87112715472575 1.51316881603105 0.219713672308877 0.525925700639813
"rplX" 0.317038423982998 10.7976213114779 1.50481976839199 0.220986703293975 0.525925700639813
"nuoI" -0.236013500646252 6.8484690230616 1.50423859120058 0.221075648131041 0.525925700639813
"pyrH" 0.232334586312102 8.3977313866754 1.49760554906653 0.222093837924199 0.525925700639813
"yqhD" -0.176950290910606 6.36116310813821 1.49039346005976 0.223207315663349 0.525925700639813
"tktB" -0.390286668411759 11.3144155254367 1.48802175109871 0.223574951105657 0.525925700639813
"fecI" 0.272511051924711 7.61029431889522 1.48593171873826 0.223899528352094 0.525925700639813
"rpoB" 0.341112026289395 12.8556609042545 1.46094986118897 0.227823448649008 0.52942017910225
"rplP" 0.311992249903897 10.7561348466101 1.45773418037064 0.228334544216216 0.52942017910225
"metK" -0.344910286120041 9.47008965751224 1.45118040652113 0.229380487630182 0.52942017910225
"yeaQ" -0.384693472484175 6.14649426440344 1.44647427176887 0.230135133903922 0.52942017910225
"atpA" 0.301818622808968 11.2685896061032 1.44331184835336 0.230643928247079 0.52942017910225
"rpsK" 0.291649547315655 11.1980359242022 1.44022559662804 0.231141781093555 0.52942017910225
"rplL" 0.287175270489288 11.063146886368 1.43307507305209 0.232300265372669 0.529874985478154
"aroA" 0.222627127679907 8.23435458865401 1.41621891085069 0.235059187361993 0.533961610797614
"amn" -0.176215228904941 8.00924365461969 1.3801055654076 0.241105410715192 0.534755296085803
"rimM" 0.282784021682611 10.8664892814315 1.37606052132034 0.241794398760432 0.534755296085803
"murD" -0.153329254218311 7.74970652849201 1.3704797442321 0.242748922564608 0.534755296085803
"manX" -0.291730156339427 9.37482795446936 1.36725905517552 0.243301880126312 0.534755296085803
"ypdA" -0.149236226753286 5.60816116899654 1.35342491286546 0.245694671315038 0.534755296085803
"putA" -0.279242824373039 9.37638317133642 1.34751650994454 0.246725394359889 0.534755296085803
"bamE" 0.212333175796813 7.38155838705115 1.34684245952534 0.246843319730401 0.534755296085803
"metI" -0.258617248780958 5.91883477505754 1.33966068172277 0.248104083462788 0.534755296085803
"kgtP" 0.277857226388485 10.5939515107146 1.33798678942825 0.248399072320409 0.534755296085803
"rpsS" 0.321318888464179 10.1889293927721 1.33747993920627 0.248488479232703 0.534755296085803
"rpmC" 0.262624699218835 9.1961330829392 1.33664440279663 0.248635951850981 0.534755296085803
"hisH" 0.195353723613692 6.47181093007857 1.32245657585987 0.251156634980807 0.534755296085803
"ygiC" 0.145226584023711 8.21854706332328 1.3216335006308 0.251303830718739 0.534755296085803
"mtn" -0.171919689121635 7.93024975619612 1.3166457696699 0.252198097486884 0.534755296085803
"rpsF" 0.289095279529856 10.8001749991414 1.31431325657078 0.25261764871712 0.534755296085803
"rpsQ" 0.26262466802361 9.79163836576153 1.31411517293611 0.252653317870826 0.534755296085803
"polA" -0.144135420048855 8.72538512617278 1.31029673217662 0.253342125925193 0.534755296085803
"ydhI" -0.239886152081299 3.70474585751578 1.31027783702443 0.253345540181906 0.534755296085803
"serA" 0.290266962481514 10.7725651370475 1.30768267188872 0.253815013721885 0.534755296085803
"hslO" 0.197015940262443 8.92963564088154 1.29970465897024 0.255265011789731 0.535765347938902
"araC" -0.308831558045739 9.52234241782178 1.28465215200028 0.258051088058137 0.53913253070139
"livJ" 0.216786279239139 7.55955571203113 1.28036551832385 0.258822682311356 0.53913253070139
"fabH" 0.159965537546402 9.06939798952107 1.27299332798397 0.260195066773811 0.539953672402796
"rpoC" 0.309753966412557 12.735974023967 1.25437480812311 0.263701544842766 0.543530111293363
"ygcR" -0.350902558553216 1.94022589181214 1.25339443638306 0.263887807656923 0.543530111293363
"mtlA" -0.27693540835041 8.62538801067192 1.24768027719672 0.264976725200221 0.54374406063391
"gatY" -0.384614291216428 12.3953867088334 1.22899845034803 0.268576235805037 0.548744616928391
"clpA" -0.291329482405038 11.3811536098989 1.22475786800412 0.269401795629699 0.548744616928391
"sbcD" 0.141702722463873 5.70388368551553 1.21187902580568 0.271928651760661 0.551855205043694
"atpD" 0.262827728793234 11.0206475284444 1.20423465095101 0.273442584878937 0.552894896898071
"rpe" -0.162646414517108 7.17690217529846 1.19263973501372 0.275759218454421 0.555544118930075
"tktA" 0.301233370178721 10.6053862886122 1.18361308077967 0.277579879600903 0.555930656916377
"yhdP" -0.129469390894547 7.55577493303191 1.17692962495213 0.278937716343014 0.555930656916377
"carA" 0.432083901612281 9.65786881924517 1.16720407209256 0.280928651295545 0.555930656916377
"trpC" 0.550256298507618 10.3760956125644 1.16469167967756 0.281445892144078 0.555930656916377
"trpB" 0.508563863979842 10.8031633505957 1.16315697737794 0.28176244463569 0.555930656916377
"rpsH" 0.27229753326397 10.5321152499548 1.15988455096446 0.282438935866068 0.555930656916377
"sdaC" 0.274956836776725 7.80256782763336 1.15511408768189 0.283428807698628 0.555930656916377
"fabF" 0.216357562698205 10.0479488486686 1.15233235507843 0.284008052989888 0.555930656916377
"folE" 0.197667362154877 8.28525606431892 1.14382711494584 0.285788482424253 0.557439018721511
"yhcO" -0.288488087442771 6.24178252385054 1.13650174502018 0.28733333662777 0.558123275557847
"insI1" -0.140303118924492 6.60523010553425 1.1325955475792 0.288161473793453 0.558123275557847
"trpE" 0.635557721972196 11.0354792428549 1.12216980281514 0.290386773751454 0.560324610448898
"yfjK" -0.136058515553562 6.10660472504471 1.11778987576305 0.291328194200786 0.560324610448898
"cdh" 0.286299899658418 4.13287254846274 1.10924320735422 0.293176503025156 0.561921630798215
"fnr" -0.174459212471689 9.42565053996308 1.09860946485234 0.295497233729652 0.562993825620092
"rplQ" 0.25354658598645 10.5827559132064 1.09734053956387 0.2957757417207 0.562993825620092
"sra" -0.405012592954235 9.84423240959931 1.0907181819387 0.297234735640713 0.563004592162481
"entE" 0.310729072295875 9.66517417339231 1.0837745762346 0.298774481131577 0.563004592162481
"purL" 0.287866010936561 10.0931477814854 1.08347472088608 0.298841205622476 0.563004592162481
"araE" 0.249005255077145 8.93693788004928 1.07790698397027 0.300083654444582 0.563053769894261
"rplR" 0.251377254178373 10.3524459948781 1.07242037664361 0.301314538027205 0.563053769894261
"kdsD" 0.110911995239802 7.06514829202605 1.06969944645212 0.301927383856343 0.563053769894261
"dppA" 0.273993648876239 10.491678879448 1.05567682077104 0.305111503347548 0.565311680852324
"hisS" 0.168041249748925 8.84650577651343 1.05060523426076 0.306273839950076 0.565311680852324
"ycbZ" -0.142481577880183 8.51376325341917 1.04894488339652 0.306655620044251 0.565311680852324
"entH" 0.271091349215426 7.59982223376176 1.03947086020973 0.308845969559363 0.565311680852324
"gcvP" 0.206616387992218 9.68660042358474 1.0377256931498 0.309251666158085 0.565311680852324
"KanR" -0.644017595131172 13.0662210696111 1.03833800557382 0.30943094897701 0.565311680852324
"rppH" -0.139676721314163 7.57701388413705 1.03138451799106 0.310731659993015 0.565311680852324
"uhpB" 0.211061941132847 4.61467580420554 1.02882750283091 0.311331070614323 0.565311680852324
"nadE" -0.153865587042673 8.46816604366755 1.02430898196626 0.312393996475682 0.565381921490415
"sgcX" -0.368990768116847 6.55897604339586 1.01852917308667 0.313760562016646 0.565999445206499
"zinT" -0.514681574758561 10.2363450237165 1.01188916849132 0.315340202479501 0.566409575126415
"prs" 0.211575256847063 9.4312224696751 1.00719243330469 0.316463854935325 0.566409575126415
"dadX" -0.215139195157052 9.31877304148759 1.00264342249853 0.31755719012087 0.566409575126415
"aceE" 0.285112958349276 12.0657618779828 1.00042437182156 0.318092333857226 0.566409575126415
"csrA" -0.224897049110375 9.91741534368254 0.973917251402342 0.324577792797751 0.576063755099387
"mlaF" 0.12451459357271 7.51572150809081 0.969798254568755 0.325601252882262 0.576063755099387
"rpsM" 0.245991485138517 11.2295777778573 0.960887151557373 0.327830140538493 0.57815411366533
"evgS" 0.208017758187547 5.91700473050488 0.946032820400966 0.33159097443423 0.582924260788837
"valS" 0.185625038506095 10.0848040904568 0.938278815089155 0.333577058038853 0.584554082658561
"rpsI" 0.245935224008288 10.5840629675264 0.933305246837393 0.334859366065252 0.58494420907601
"rplA" 0.26902353386785 11.4962836664877 0.923185501172949 0.337488989949492 0.587677988807948
"pgk" 0.24294875002253 11.1115342306142 0.913409892662194 0.340055648162401 0.589450063696739
"yhhX" -0.110394293760028 7.59196325601171 0.911189341030051 0.340642337534891 0.589450063696739
"rlpA" 0.127017299488224 8.15224525928868 0.902320560813672 0.34299924055435 0.591673689956254
"trpA" 0.436609896712301 10.2742019538988 0.894286274949921 0.345153480177547 0.593534956566997
"sufS" -0.217446270917852 8.80878349305102 0.884632172394725 0.347766419468746 0.59556796433143
"rpsP" 0.205021359797895 9.36904229067348 0.881963079870236 0.348493573331616 0.59556796433143
"glyA" 0.262846707271529 11.0259399142403 0.855030096620722 0.355948712806692 0.604600902502388
"gpr" -0.288525990776964 7.77920960673677 0.851979037637999 0.356807007776429 0.604600902502388
"trpD" 0.545123652846785 10.8880217344278 0.846194619536246 0.358442065756375 0.604600902502388
"glgX" -0.159280897391076 9.02136094234791 0.844395356488034 0.35895276223716 0.604600902502388
"glnA" 0.2751514711948 10.5881263851616 0.838965371751165 0.360500094644516 0.604600902502388
"mscS" -0.184077977331419 9.28126674747643 0.838935622550153 0.360508597364179 0.604600902502388
"nuoN" -0.168091876222521 7.99912427166344 0.835661122178901 0.361446191713384 0.604600902502388
"dsbD" 0.146290774828132 6.62638866547161 0.813333209440986 0.367930481189666 0.613587992799685
"ytfP" 0.136534885457846 6.6938026532508 0.771637310692087 0.380482408788083 0.632609306177777
"cstA" 0.244217600750557 9.13158162479212 0.758841810428704 0.384455544912715 0.63729567805351
"rpoS" -0.229593294840006 12.435767314314 0.75262122740142 0.386408461679817 0.638615182177422
"ptsI" 0.230603797004768 11.6541448144115 0.737418999160376 0.391241226780162 0.643769618696469
"atpG" 0.191298182591756 10.1911673356286 0.735492728094169 0.391859767902199 0.643769618696469
"gltB" 0.221541645873462 11.2472029197714 0.710045561838264 0.400165288708881 0.6554636183006
"ftsH" 0.21373982705266 11.6492066849225 0.70096166637565 0.403192053080848 0.658467494972273
"yceD" 0.188018631570004 10.5045616937949 0.694711729230953 0.405293989640754 0.659947735344236
"solA" 0.138925905117596 6.74208855064663 0.689752661684606 0.406973229352691 0.660225719976865
"bdcR" -0.131019708307425 4.19016427146896 0.687155286508965 0.407856830637882 0.660225719976865
"lon" 0.210567476680511 11.3573942899343 0.677788736521727 0.411066797934552 0.663476235262786
"speA" 0.167789209578814 10.2010085671598 0.666487056218728 0.414989866418315 0.667855411845218
"ompT" 0.20295592079004 10.0937571834933 0.662087837280952 0.416531961631248 0.668070114026781
"ubiB" -0.103567700277905 7.02908990786617 0.659214393725865 0.417543821266738 0.668070114026781
"acnA" -0.203499689524183 10.4609098331596 0.655358363263887 0.418907458065443 0.668314788589956
"aspS" 0.143280762817556 9.61810533223782 0.647938607163633 0.421550148787523 0.670592743892544
"sucA" 0.207684305292102 10.6315614525512 0.64305804513139 0.423302097255912 0.671107172525164
"aceB" 0.206626203836288 10.5829036977637 0.637191479504401 0.425422506120875 0.671107172525164
"mepM" 0.21257518556479 9.35623622937405 0.636920452772581 0.425520852144578 0.671107172525164
"fdhE" 0.144749097219804 7.36161895141101 0.631683464281383 0.427427925167533 0.671986628331222
"nuoG" -0.156662942827888 9.37532640513968 0.623289740027397 0.430511613329778 0.671986628331222
"rcsD" 0.110918025904526 8.01558108060632 0.622748079735195 0.430711766324188 0.671986628331222
"nlpI" -0.159760432769285 10.1469560716609 0.619166593692283 0.432038754496711 0.671986628331222
"glnL" -0.156344342840192 6.98068373943533 0.617393363924364 0.432698063118129 0.671986628331222
"recC" -0.0947532641825416 7.63899175913791 0.615556416144066 0.433382680590426 0.671986628331222
"fldA" 0.117239578649178 7.93190137990357 0.612258919758075 0.434615786353795 0.672010963773936
"selA" 0.102081571769428 6.3471158114067 0.606574116020208 0.436754259120175 0.673431148140605
"glgB" -0.143126433120427 9.78948960909641 0.600481846244569 0.439063964558693 0.675106708736486
"yhcB" -0.116058398609376 8.13365707067999 0.589645723246241 0.443218894659474 0.676652045430344
"rpoN" -0.114235792587851 9.31235256203869 0.580261787878599 0.446866374343067 0.676652045430344
"hisI" 0.115358977423649 6.96126379645018 0.579669527596734 0.447098145652738 0.676652045430344
"trpS" 0.125923764715202 8.26493992132115 0.575517692178285 0.448728169841575 0.676652045430344
"rplI" 0.176572333502742 10.2649784946511 0.57490445729652 0.448969713407669 0.676652045430344
"infC" 0.187859552221163 11.6089357233146 0.570040859318016 0.450892625991094 0.676652045430344
"acnB" 0.190886955141511 11.1089702547641 0.569478754314548 0.451115695063509 0.676652045430344
"cyoE" 0.157903829120427 9.74650678303361 0.567417196146041 0.45193529817942 0.676652045430344
"pheT" -0.18349529784262 10.7967573609475 0.56665896253022 0.452237332781653 0.676652045430344
"menF" -0.122874909784983 7.72476874045417 0.56645156494637 0.45232718254311 0.676652045430344
"rne" 0.134527264947567 9.72739107584573 0.555346330085725 0.456781578413237 0.681468733200289
"potD" -0.132741832754939 8.59700828430607 0.530927090205693 0.466841068488536 0.692888899402496
"trmD" 0.194091172193586 11.1037208780709 0.530674739898371 0.466946866988638 0.692888899402496
"miaA" -0.176689126837919 11.0488388127112 0.526465178239759 0.468717439266232 0.693651545509276
"rpmJ" 0.155716734141241 9.65367485705498 0.519873977534584 0.471511577487748 0.694015327559121
"hflC" -0.109941025871951 9.02972592688789 0.517479546923089 0.472533300253771 0.694015327559121
"ileS" 0.154933294601514 10.7549738960077 0.514683480348454 0.473730956727337 0.694015327559121
"argG" -0.186958493249174 8.28447656915577 0.514074748169409 0.473992352336573 0.694015327559121
"secF" 0.110093693120883 8.2314493991892 0.494304655070315 0.482611645359063 0.703446424755781
"proP" 0.152861057537283 10.3954009415315 0.493467631652854 0.48298223728703 0.703446424755781
"thiH" -0.103510502412559 5.40999848933507 0.484260435298915 0.487089991134386 0.70637717970936
"rhlB" 0.0990873858057549 9.24506804421838 0.483076794462618 0.487622271765505 0.70637717970936
"sucB" 0.155733259368357 9.96614948645775 0.479400810558497 0.489281543737819 0.70637717970936
"arcA" -0.16158399794947 10.0229312276952 0.477566261527467 0.490113151863559 0.70637717970936
"rpsR" 0.151974133012444 9.40063732920189 0.456557797393872 0.499808259114158 0.717558869281134
"Sensor_TetR" 0.453213878957177 9.23148295992299 0.45540432706168 0.500471312813834 0.717558869281134
"lpoA" 0.0804469607841002 7.72205837946355 0.447088846680319 0.50428486462068 0.721153485157035
"bamA" 0.130974158771857 10.5660528483707 0.437964937104645 0.508663763181983 0.725535910275077
"fdoG" -0.209615930941176 10.6943193341313 0.427355462732763 0.513838928712987 0.73037219666052
"nlpA" -0.234798594282595 6.99005308308871 0.424974382892432 0.515012992963908 0.73037219666052
"glyQ" 0.103630689688004 8.86640730507337 0.422931920087036 0.516023834597107 0.73037219666052
"glpK" -0.266671130742317 9.10047401272742 0.419579716571798 0.517690440832245 0.730857092939641
"entB" 0.195889609581465 8.92606127482858 0.407704459140118 0.523671482701669 0.737414945028881
"yjdC" -0.099508310786436 8.22583915138882 0.403751001046568 0.525689918949113 0.738373626615548
"nusA" 0.116009420072311 9.44358814702821 0.400033006651993 0.527600844859176 0.739176818178337
"fbaA" 0.156692351116147 11.3228189973222 0.385512234167804 0.535185160089738 0.747904324986165
"rpmE" 0.202026364814364 8.82901757375154 0.361534568229344 0.548153451004757 0.764092689279359
"dcuA" -0.0791161285392743 8.0592973892791 0.355906277215495 0.551282316221462 0.766232650441001
"chaA" 0.10917578951168 7.02726921512691 0.353794696433065 0.552464845788983 0.766232650441001
"clpB" 0.1920887382693 13.0724849451783 0.338871160013858 0.56096129100435 0.776066748457146
"pflB" -0.159495720111478 12.4094375045154 0.328567217753825 0.566975176137878 0.779300969746706
"malT" -0.12745791577457 8.52912912309742 0.325639279974582 0.568706933000161 0.779300969746706
"yggE" -0.0846961007600844 8.5053164092291 0.324130146592 0.56960356127027 0.779300969746706
"pgi" -0.125349838520511 10.4662180173332 0.322017463475726 0.570863436370836 0.779300969746706
"acpP" 0.124458117609416 10.7056831046841 0.32076187984389 0.571614782122876 0.779300969746706
"yncE" 0.161034140562914 10.0355688339953 0.318937862986575 0.572709750030771 0.779300969746706
"mukB" -0.0925056013634582 9.20752155890614 0.31815411135023 0.573181510357178 0.779300969746706
"hemE" -0.0771296409748492 7.59307224968419 0.302248031018342 0.582925376566342 0.788993267931453
"glnH" -0.0921399509366483 8.61974185132841 0.300971760864373 0.583721601799887 0.788993267931453
"pepD" 0.101192815351647 9.92195060157566 0.299570606946093 0.584598272797036 0.788993267931453
"atpC" 0.102630582788861 9.23947959918499 0.292401259704632 0.589126143616982 0.793164954333108
"cysA" -0.238608276014048 8.35368998624209 0.290036680808575 0.590635261105725 0.793261956521557
"ptsH" 0.111895636349033 9.79617181814458 0.280035757732116 0.597107200659728 0.799534432349107
"fhuE" 0.148165067915936 8.31263249476627 0.275766796020873 0.599914949842267 0.799534432349107
"acrR" 0.0741682883637597 5.83217933702211 0.274396650311245 0.600821992289251 0.799534432349107
"tatB" 0.0755574666762574 7.23551099836398 0.273978693600031 0.601099256204492 0.799534432349107
"kdsB" -0.0689333268894305 7.51855694423822 0.26856188764156 0.604717266904194 0.802148875729884
"gapA" 0.152116398037852 13.2295258679217 0.26426719686853 0.607618853671843 0.802148875729884
"entF" 0.169235009420963 10.5464137388665 0.26398466132231 0.607810784298787 0.802148875729884
"leuS" 0.1044551056748 10.3758523837736 0.262417862309832 0.608877498063082 0.802148875729884
"lptD" 0.12487914951707 10.3272372382589 0.48787841211215 0.610427900695427 0.802276669485418
"lysU" -0.0705139285216068 7.87210614652386 0.244191994398913 0.621591518992293 0.814376091418716
"nlpD" -0.127127972698401 11.6360033471241 0.24280277134185 0.622584620613584 0.814376091418716
"tpiA" 0.274869723647346 9.86120388971341 2.27354166961264 0.625740560715338 0.816277923404787
"infB" 0.112877995968445 10.7303130456592 0.236691043735267 0.626996086093532 0.816277923404787
"dtpA" 0.118596081809015 7.78503501141907 0.232708177130327 0.629909003900741 0.818140635654609
"yfeR" -0.0824145056636574 4.00836883687242 0.230038221982658 0.631878966423038 0.818772745224218
"yeiW" -0.0896532534475076 3.32837320815462 0.224313638053008 0.636150612327536 0.820613009801422
"fhuA" -0.0861688977217609 9.70586448642791 0.222899156281823 0.637216362920005 0.820613009801422
"nirC" 0.135105430624774 2.36636361675742 0.22070599777089 0.638877023157736 0.820613009801422
"yfiF" 0.0635832280709634 7.36108004903539 0.220220975916815 0.639245641693137 0.820613009801422
"topB" 0.065976214299003 7.66957530342125 0.215920499345602 0.642535894021147 0.821732126750222
"yjjY" -0.0915189673968965 7.61651228844275 0.213567127105622 0.64435334150162 0.821732126750222
"cyoC" 0.0949560774367432 8.75040688358258 0.213270406524731 0.644583353048634 0.821732126750222
"ettA" 0.0699191291036298 9.20429857119117 0.209854817139142 0.647245136660491 0.823224229116569
"ompA" -0.148347034064915 14.5752457731566 0.205294703027769 0.650840037420295 0.825893564726443
"clpP" -0.0861978168794469 10.0868934948739 0.20030585513065 0.654828505498668 0.827776774639108
"ycjF" 0.0805289504623938 7.62009061790428 0.19969212105654 0.655323279922627 0.827776774639108
"ftsA" -0.0577595888048976 8.54512148665878 0.190527230269761 0.662822700462565 0.835338197843233
"gyrA" 0.0922448204131621 10.3621374271913 0.187176373656167 0.66561825911743 0.836950521714855
"sufD" -0.0970701088682826 9.01876762022822 0.176399807077586 0.674815522932593 0.846586746951799
"ppa" 0.0787820332785176 9.76326460979231 0.171563464911401 0.679050823869688 0.847424884247703
"aceA" 0.112772646860262 10.4648094094859 0.171284193638477 0.679297515806307 0.847424884247703
"gatZ" 0.14685526697615 12.0814846052399 0.16676911428454 0.683318987605389 0.847424884247703
"pykA" -0.0689634226777701 9.28646916371536 0.166739798014815 0.683345305506567 0.847424884247703
"ghrB" -0.0758405221141916 8.121790192145 0.165553985959284 0.684412108252098 0.847424884247703
"pnp" 0.0923197505124409 10.9715088728576 0.165036222524688 0.684879305910481 0.847424884247703
"asd" -0.0894723206075528 10.1126686487687 0.163493109325326 0.686276802047507 0.847424884247703
"serS" 0.0835796826518671 10.185026022243 0.161858976296274 0.687765123447411 0.847424884247703
"hupA" 0.0773084950980809 9.04915126145753 0.152899713416926 0.696084115122644 0.852960022474536
"crp" -0.0584711842476322 9.20639275786726 0.152244206266885 0.696703714205996 0.852960022474536
"yafJ" 0.0533152738132469 6.94227322727573 0.152044209037797 0.696893061840608 0.852960022474536
"proA" 0.048108872766098 8.00802706299474 0.146677455610287 0.702028559740663 0.857344612780633
"glmS" 0.0615623999482187 9.57006002660762 0.130216309786089 0.718486551167752 0.875506790826929
"ybcI" -0.148234033122162 2.67877971564129 0.313516995198062 0.728007781839735 0.885106737426439
"purA" 0.0823382484281332 11.0409929106539 0.11975025981823 0.729571676683025 0.885106737426439
"wbbI" 0.0672694700562841 6.53992895225944 0.112480009502848 0.73759537370782 0.889479853574553
"ugpB" 0.0917146284699439 7.74902712812755 0.11127862348274 0.738948829604788 0.889479853574553
"leuC" -0.0694186397238283 7.57569322211174 0.111222518289392 0.739015069749138 0.889479853574553
"Circuit_PhlF" -0.101192833410449 11.0226979118385 0.111043062265125 0.739621834765797 0.889479853574553
"maeA" -0.0454681409928633 8.47296818603092 0.100794305522012 0.751120857144969 0.900513965678518
"alaC" -0.0518850658468976 7.77487038287739 0.100009405936345 0.75205967061195 0.900513965678518
"nrdE" 0.0890014282809562 9.70497851331282 0.0982103130216714 0.754226958562433 0.900830171454879
"betI" -0.0553342342054771 5.51533594957533 0.0950140515679346 0.758131796704259 0.900830171454879
"oppA" 0.0804177960346333 12.5834977040399 0.0948762304685873 0.758301778879072 0.900830171454879
"ispG" 0.0366695869019546 8.93264806389763 0.0940075072135266 0.759376347228386 0.900830171454879
"gnd" 0.0728393849162922 10.9674804633399 0.091890200757644 0.762018318802258 0.900830171454879
"nuoM" -0.0607144436489293 7.97094202015975 0.0918129160789359 0.762115380560559 0.900830171454879
"yicL" -0.0654173048396471 4.95042116192077 0.0880903207501595 0.766844475015306 0.90448322694113
"fabI" 0.0512851416847711 9.61070442337132 0.0852808289947311 0.770486081245159 0.904667892505131
"ppiB" 0.0469285046905711 8.54812665500255 0.083024710279763 0.773457839091953 0.904667892505131
"rpmD" 0.0579936916893059 8.91105097506982 0.0827742965460892 0.773790369001711 0.904667892505131
"ftsZ" -0.0562630475306755 9.86153416943199 0.0825915847462097 0.774033339921095 0.904667892505131
"ptsP" -0.04297154288441 8.8541899300874 0.0817206772341032 0.775195494845882 0.904667892505131
"glyS" 0.054054843699745 9.81722722801675 0.0749358684288238 0.784487943293834 0.913580895987756
"hemL" -0.0390879960279998 8.53746772649137 0.0725170610705571 0.787909722251068 0.915356791147006
"yoaB" -0.047554326846156 6.36274978520819 0.0715259967342727 0.78932940685865 0.915356791147006
"Sensor_AraC" -0.119671900436375 12.1835638796167 0.0699032300946113 0.791722602790627 0.916207288763996
"opgH" 0.0404691983943674 8.88895998449487 0.0654351051819274 0.798295428915551 0.919973358587043
"uvrY" 0.0386614566421757 7.35256101863384 0.0654252991775812 0.798310215150713 0.919973358587043
"fhuF" 0.1164623420203 10.0886156633467 0.313652480641398 0.808614423263892 0.929906586753475
"sodA" 0.053084500070461 11.1902849890162 0.053362368881313 0.817485289161797 0.938153595877988
"rpmI" 0.0518330581352724 10.6457575590329 0.0513083268611373 0.820971401539878 0.938285301674251
"yedR" 0.0450527947811902 5.5337225222084 0.0512918622819719 0.82099963896497 0.938285301674251
"aspC" 0.0493847720516829 9.49158721000517 0.0479161514663157 0.826893162115139 0.941756461696259
"cycA" 0.0473931594039948 8.37067235581949 0.0462068416618571 0.829960513563615 0.941756461696259
"mutS" 0.0346364069695819 6.63765077497813 0.0460230856789019 0.830293774314075 0.941756461696259
"ppc" 0.0506919239573451 10.4841832808728 0.0449984634026571 0.83216492525618 0.941756461696259
"mntH" -0.0652528616467274 11.008319739217 0.0447796985900948 0.832567306716983 0.941756461696259
"yigZ" -0.0242772773416728 5.91551131737006 0.0434373275516664 0.835059174095902 0.942643484868993
"dppF" 0.0450284019743292 6.7056165539797 0.0410987008529477 0.839498319871621 0.945720556263541
"maeB" -0.033804096998667 9.07983939060881 0.0353567709684182 0.850989523297783 0.95570679107448
"tolA" 0.0239496018360341 7.41586331512779 0.0349564522242933 0.851825618131602 0.95570679107448
"sdhA" 0.0503586955050966 9.28932833421346 0.031863778278772 0.858459169285873 0.96119566216187
"icd" 0.0503433502983022 11.6262657057852 0.0298915915024706 0.862864372903918 0.962241014929779
"yhbJ" -0.0239573941486934 8.29649185941388 0.0298850758600522 0.862879170996812 0.962241014929779
"eno" 0.0454880314439488 12.1268798950585 0.0270602346516628 0.869459145482637 0.966143036758876
"yagU" 0.0266598185289804 6.02456617451578 0.0260741617172493 0.871838604852055 0.966143036758876
"mfd" 0.0263638230160701 9.43084701255444 0.0245887276157111 0.875511963125805 0.966143036758876
"pykF" 0.0372548107644269 10.8887818868593 0.0241689728492483 0.876570468582284 0.966143036758876
"hns" -0.0331600400866793 10.6010459634733 0.0238370033384573 0.877414289087869 0.966143036758876
"modC" -0.0208089309832445 5.25078874759681 0.0235815730186227 0.878067661340491 0.966143036758876
"pntB" -0.0264946197072527 8.90958918645075 0.0232456984306114 0.878932342271815 0.966143036758876
"ydgH" -0.0249185492508577 7.75187816627124 0.0224510018242366 0.881004029196156 0.966143036758876
"fabG" -0.0294611772675627 10.3894363132265 0.0220247824157879 0.882130598779843 0.966143036758876
"ahpC" 0.034061685260336 11.1110463151515 0.0210160219490977 0.884842138866315 0.967193783473675
"hemB" -0.0182620756782763 7.2862860023796 0.0201848009321905 0.887126813558895 0.967774705700613
"potF" 0.0275175294793328 7.63669362502894 0.0190047450633457 0.890454365866515 0.968463193335368
"livK" 0.0266612013809327 6.31989704444926 0.0178417315994247 0.893838553179373 0.968463193335368
"dauA" -0.0331100767553697 6.07904336386853 0.0488270165656172 0.894551685203724 0.968463193335368
"hsdR" -0.0214459506513245 7.56279907885287 0.0167572090933026 0.897099197092567 0.968463193335368
"sucD" -0.0262561721849848 9.38884362820975 0.016166919429397 0.898915782399073 0.968463193335368
"selB" -0.0197635508716872 6.79075719473207 0.0149438478264801 0.902794777183657 0.968463193335368
"waaZ" -0.0333713023184997 3.52587117993988 0.0141787078164066 0.905303880287503 0.968463193335368
"lpp" 0.0467864761385459 11.8933077681773 0.0139428259841375 0.906091184199644 0.968463193335368
"rfbD" -0.0192795823165499 7.54398282301407 0.0137077800500458 0.906882444275129 0.968463193335368
"pgm" -0.0190091413482551 9.30122388630217 0.0135916378879294 0.907275964764698 0.968463193335368
"minC" 0.0146947580546351 7.59731080997055 0.0135567437146618 0.907394528161767 0.968463193335368
"dapD" 0.019741699772755 8.88828108727067 0.0131432418811721 0.908811474905291 0.968463193335368
"clpX" 0.0265186135375846 11.1461921366764 0.0124559371118953 0.911217578004057 0.969156267934951
"lrp" -0.0168679036941593 8.53634166560164 0.0107999376363398 0.917306852525055 0.973178501090449
"fes" 0.02385148365237 8.30129166474411 0.0102982853554483 0.919243451205593 0.973178501090449
"mlaD" 0.0127819847859919 6.76592111359498 0.00985713400213645 0.920986258956632 0.973178501090449
"rbbA" -0.0144599812527653 6.95945097304988 0.00922488822204546 0.923554183788332 0.973178501090449
"hupB" -0.0203680458352389 8.67541176466159 0.00916200705682657 0.923814374223542 0.973178501090449
"murE" 0.0129656110518527 8.1080618946869 0.00829250835187985 0.927509052106851 0.975209517643775
"gltD" -0.0170720978599554 9.74164904664181 0.00563566617963406 0.940213066423273 0.985543656603759
"ddpC" -0.022239786297609 2.85295293689918 0.00657271840115326 0.940908527228588 0.985543656603759
"cysK" -0.027073270517338 11.6196840490315 0.00489500544146006 0.944273212607439 0.987194722271413
"gpmA" -0.0167059137864717 11.5374991719695 0.00410951370041381 0.94893308027225 0.989163593214214
"yeaD" -0.00982104666119887 7.23267948165943 0.00365268923658762 0.951851365130499 0.989163593214214
"leuD" -0.0101174882415768 6.44470891388863 0.003495876407996 0.952895965689203 0.989163593214214
"tldD" -0.0077696667613058 8.85926338574848 0.00343236800787215 0.953324332590511 0.989163593214214
"dsbC" 0.00604025070308632 6.68821213734811 0.00289606456931884 0.957121786904416 0.99088330251694
"evgA" 0.00917718689769487 5.80630133947333 0.00230841811591675 0.961714663307367 0.99088330251694
"mlaB" -0.00570649046197319 6.613857151406 0.00202053872607378 0.964179657786959 0.99088330251694
"hemA" -0.00660470241545442 6.62437823640592 0.00190586871304179 0.965210277880908 0.99088330251694
"plsY" -0.00623394023515701 5.26938544216754 0.00189665196754803 0.965294447559699 0.99088330251694
"Sensor_LacI" 0.0136858146793871 10.8571232712527 0.00183596396756006 0.965860517266736 0.99088330251694
"galM" 0.00505970890932138 8.07927709293305 0.00131115757567922 0.971141409977452 0.99088330251694
"insH1" -0.00703104470756317 9.83966040320961 0.00127747238503046 0.971514367223577 0.99088330251694
"panC" -0.00530030078347181 8.24438826336479 0.000997610239323238 0.974826077669797 0.99088330251694
"hflK" 0.005616117032655 9.89802001622564 0.000979406292002834 0.975056740437381 0.99088330251694
"pyrI" 0.00952792856506518 9.29231835898047 0.000865174697541198 0.97655598645337 0.99088330251694
"zipA" 0.0475018527857536 8.43333713634735 0.104043938250776 0.977303075029458 0.99088330251694
"yaeQ" 0.00365597615170241 5.41234254130929 0.000739997506438537 0.97831775339082 0.99088330251694
"pheS" 0.00559775982227945 8.34421945461034 0.000381320828647444 0.984434593377131 0.991791890240638
"araB" -0.0100980175974511 10.6488047476063 0.000362600131977299 0.984821440924663 0.991791890240638
"malP" 0.00318849969901898 8.60314395554149 0.00033731222012561 0.985360223691557 0.991791890240638
"nuoB" -0.00305133570577511 7.90880281202232 0.00029102119726849 0.986401716924113 0.991791890240638
"dcd" 0.000251148454709223 6.98171452934903 0.0000037103830975054 0.998464492243956 0.999462663903412
"gyrB" -0.000202891741795077 9.53655347531541 0.00000160484215917626 0.998990145155219 0.999462663903412
"znuA" 0.000243561950735803 11.2987107459886 0.000000454366478392196 0.999462663903412 0.999462663903412
