"logFC" "logCPM" "F" "PValue" "FDR"
"ygeA" -5.99171856362901 6.52478212524733 722.515646028463 0.00000000000000000000000000000000000000000000000000000000000000000000000000000107461627970272 0.000000000000000000000000000000000000000000000000000000000000000000000000000870439186559204
"araE" -6.48414584593267 8.93737812851573 501.852389294897 0.000000000000000000000000000000000000000000000000000000000000000828152061729092 0.000000000000000000000000000000000000000000000000000000000000335401585000282
"araD" -7.94590461372595 8.5666935186343 318.421017080187 0.0000000000000000000000000000000000000000000000409491313883451 0.0000000000000000000000000000000000000000000110562654748532
"araG" -4.85165152868112 7.79356114340574 253.164454081746 0.0000000000000000000000000000000000000000863701482461624 0.0000000000000000000000000000000000000174899550198479
"Circuit_PhlF" -6.7258955295791 11.0241556262698 335.988164699024 0.000000000000000000000000000000000158381937210906 0.0000000000000000000000000000000256578738281667
"araA" -7.33135154840005 10.6943765145797 201.856032233845 0.000000000000000000000000000000000202777135859415 0.000000000000000000000000000000027374913341021
"araF" -5.15970483980115 8.27099284551306 190.032967439002 0.00000000000000000000000000000000424742826492133 0.00000000000000000000000000000049148812779804
"araB" -6.89068037240373 10.6495246213165 158.367063826253 0.0000000000000000000000000000594466502190581 0.00000000000000000000000000601897333467964
"yghB" 1.60259293409896 6.71672263289071 115.476066418854 0.000000000000000000000106869643326221 0.00000000000000000000961826789935985
"putA" 2.62899127436955 9.3769662085592 106.719338115192 0.00000000000000000000246930258488302 0.000000000000000000200013509375525
"Actuator_YFP" 6.7337878957321 15.8092396297597 102.227905579923 0.000000000000000000107654218391102 0.00000000000000000792726517243568
"glcG" 2.39461624180552 4.53441878839561 94.3894866983343 0.000000000000000000233776099999927 0.0000000000000000157798867499951
"lysU" -1.43766502105203 7.87204931530928 93.074905061602 0.0000000000000000003833037815548 0.0000000000000000238827740814914
"melA" 1.68173358968044 6.32517777304583 88.4012847138884 0.00000000000000000225709153680645 0.000000000000000130588867486659
"yfcH" 1.46405884599577 8.088161800959 85.4270345697872 0.00000000000000000706316099320361 0.000000000000000381410693632995
"galT" -1.52539814130835 6.01342674805981 73.3008550997656 0.00000000000000082148842670246 0.000000000000041587851601812
"argT" 2.14674265274743 7.50510362625525 71.7444344448965 0.00000000000000153193042365223 0.0000000000000729919790093122
"prpR" 2.38753878780021 7.00431038375841 66.8876726646997 0.0000000000000126064160562881 0.000000000000567288722532966
"ydcJ" 2.64058323438624 8.76915819845845 64.7865637801308 0.0000000000000257766151326524 0.0000000000010988978030236
"ygjR" 1.82542994342934 8.02445750763173 62.0902890444543 0.0000000000000782715118965461 0.00000000000316999623181012
"lldR" 1.60914069494718 5.43007986457752 61.830521736418 0.000000000000087156192990925 0.00000000000336173887250711
"ydbC" 1.73294520993182 6.83168849983062 59.9153619560842 0.000000000000193095451614966 0.00000000000710942344582373
"glpX" 1.7526372497657 6.17697128730338 59.2398903773114 0.000000000000255937398827106 0.00000000000889785098420793
"bax" -1.34665029067497 7.93607201609228 59.1688889523365 0.000000000000263640029161717 0.00000000000889785098420793
"ydcS" 2.46675370234166 8.07666049022651 59.0293591859613 0.000000000000279464547018729 0.00000000000905465132340683
"ydcT" 2.41648333869976 5.9259541859535 58.5165339537353 0.000000000000346313854947725 0.0000000000107890085579868
"glpK" 3.03183536369176 9.10078351502273 56.2968106714654 0.000000000000879936878977066 0.0000000000248980140774112
"lhgO" 2.53505284092236 9.48864976652919 56.2301892822502 0.000000000000905008054868184 0.0000000000248980140774112
"csiD" 2.87535664981719 10.1832998137359 56.1909614917874 0.000000000000920105905006541 0.0000000000248980140774112
"serA" -2.17607777667964 10.7734936522141 56.1857037950388 0.000000000000922148669533748 0.0000000000248980140774112
"ackA" 1.82169133373621 9.8799032792169 54.4385670690965 0.00000000000193101734815608 0.0000000000504556145808525
"manA" -1.13374289401697 7.36269902899818 51.887705578144 0.00000000000572578996211704 0.000000000144934058416088
"glpF" 2.94062559648987 8.40001338401443 50.7928456316307 0.00000000000915598377687564 0.00000000022473778361422
"nhaA" 1.32478016100465 9.26058912371294 49.6662873766691 0.0000000000148689337606426 0.00000000035423048076825
"yjjY" 1.40213605277208 7.61627927495804 48.8748131537007 0.00000000002092729761028 0.000000000484317458980766
"aldB" 2.5983820668733 9.84370582216539 47.8584765080728 0.0000000000325026518588589 0.000000000731309666824325
"gdhA" -1.87133569480668 8.80977160016022 47.2759697969751 0.000000000041861479980625 0.000000000909603651419312
"ivy" -1.37998519096687 7.78454491662791 47.2318321799857 0.0000000000426727638937455 0.000000000909603651419312
"topB" -1.11441698606198 7.67073217658104 46.3727201406848 0.0000000000620395871281155 0.00000000128153915559764
"acs" 2.60178693018808 9.91775228922361 46.4274489752343 0.0000000000641095183667782 0.00000000128153915559764
"csiE" 2.16667255030497 9.89039881358032 46.2705426929676 0.0000000000648680313327202 0.00000000128153915559764
"yibI" 1.38190685896807 5.4985519965924 45.8458867943455 0.0000000000780863334952208 0.00000000150595071740783
"pka" 1.54001692462295 8.8020511348628 44.5476469112052 0.000000000137901978069435 0.00000000259768842409867
"cycA" 1.4786074155392 8.37066973461888 43.7299974353487 0.00000000019757153541992 0.00000000363711235659399
"lpxB" -1.16587177007854 7.30822214341405 43.0361773238626 0.000000000268282732708771 0.00000000482908918875788
"rho" -1.37216629996792 9.7869696818679 42.2724038584382 0.000000000376050809368851 0.00000000662176425192977
"nudK" -1.68722307985922 5.50970710496007 42.1259885410813 0.000000000401242521764812 0.00000000691503069424464
"yjfN" 1.77543982248023 7.98170345518221 41.8977194136374 0.000000000443956854276159 0.00000000749177191591019
"ychH" 2.38333833952364 11.01657597896 41.273367350201 0.000000000585727626379358 0.00000000945090732719318
"yjjG" 0.863876536783694 6.63929068550737 41.2454198597844 0.000000000593047638842475 0.00000000945090732719318
"ydiK" 0.883932832135573 7.29385531125614 41.2378085539723 0.000000000595057128008459 0.00000000945090732719318
"ykfB" 0.911176533635636 7.13133689832169 40.7050666387358 0.000000000754202399804316 0.0000000117481527661826
"marC" 1.09893856142884 6.57082653325566 40.5293481308673 0.000000000815610168084528 0.0000000124649855877069
"gabD" 2.08661197005205 9.95884268558742 39.9965134149799 0.00000000103443201258752 0.0000000155164801888128
"gabT" 2.0786322521904 9.91571636393145 39.8562582909384 0.00000000110130104263104 0.0000000162191608096572
"cdd" 1.58798810041519 8.35999775137201 39.7391889121673 0.00000000116044342987463 0.0000000167849853249724
"manZ" 1.45837522338163 8.96751527137008 39.5040987707275 0.00000000128906451105784 0.0000000183182851571378
"paaJ" 1.10040060059747 5.67559224596644 38.7248118213778 0.00000000182763490255525 0.0000000255238667425819
"yidB" 1.16146789056679 5.89137556265523 38.1622517635101 0.0000000023529770450902 0.0000000323035831614079
"yejG" 1.519895035519 7.2338088807905 37.9156073400408 0.00000000262905933365122 0.0000000354923010042914
"rob" 0.909024864206372 8.80180738766237 36.9272756239184 0.00000000410518012228517 0.0000000545114081811638
"agp" 1.77167616030615 8.61232656118925 36.7996960395146 0.00000000434878818098911 0.0000000568148133322771
"ycfJ" -1.16034499014737 7.68060591527741 36.5618573380616 0.00000000484255396320243 0.000000062261408098317
"nupG" 0.918825633886894 6.27990537177533 36.3682093310073 0.00000000528608952758744 0.0000000669020705835286
"bsmA" 1.87458332619981 8.80762528300741 35.6462866945018 0.0000000073329167752196 0.0000000913794244296596
"dadX" 1.27077297609316 9.31900237622365 35.4003864087708 0.00000000819945523916081 0.000000100629677935155
"manX" 1.51688727546061 9.37550757475707 35.2442100094796 0.00000000880274260385525 0.000000106421216554071
"yeiG" -1.07539565656391 7.24900557432462 35.2038387110882 0.00000000896584788957224 0.000000106799070449316
"dtpB" 0.903916237832083 7.14661206878259 34.0524943994604 0.0000000151537910293035 0.000000177892329474432
"ppc" -1.51191143649777 10.4852816348582 33.885547812157 0.0000000163552992706981 0.000000189254177275221
"minC" -0.832168901892756 7.59843681898722 33.7915668303662 0.0000000170734992595914 0.000000194782174651677
"avtA" -1.26323649314528 7.83336036013736 32.9127846463137 0.0000000255379647709336 0.000000287302103673003
"yniB" 0.952988023610822 7.24275259100405 31.8729510313058 0.0000000412009151463656 0.00000045716083929529
"tsx" 1.45276941115731 8.46959141665522 31.4696127226058 0.0000000496270887226689 0.000000543215430612997
"ymgE" 1.40156710564862 6.53532756556179 31.2607966298294 0.0000000546524847053653 0.000000590246834817945
"focA" 0.985857133686205 9.08714271040515 31.0298618035505 0.000000060810813531265 0.000000648115249477956
"rbbA" -1.00840122650053 6.96085233243812 30.99102632476 0.0000000619131982524052 0.000000651294682914912
"trkA" 0.677598331295279 7.38111271420901 30.3852179126233 0.0000000819711308460915 0.000000851238666478642
"pncB" -1.25142333902614 9.07777094246016 30.2364781855899 0.000000087827860812994 0.000000900513509601584
"yjdN" 1.21346204402574 8.404356432183 30.1531266573816 0.000000091292705362661 0.000000924338641796943
"arcA" 1.27916053939838 10.0237562017204 30.1070049755492 0.0000000932688924763338 0.000000932688924763338
"guaA" -1.53544615865579 9.73915646463876 29.7425383235013 0.000000110483686251657 0.00000109136324224198
"yjjI" 0.865304193095549 6.10645874271782 29.352620142357 0.000000132471786489004 0.00000129279695248305
"yohC" 1.54980388550559 9.80946230515104 29.2480054217252 0.000000139089582109075 0.00000134122097033751
"sapB" 0.75426803503517 5.92360287881423 29.1429182701093 0.00000014607336328018 0.0000013919932265523
"ycfH" 1.01240507723856 8.92733847029369 28.5023981117389 0.000000196998647105626 0.00000185545237390182
"eutB" -0.942361838320824 7.99640555343471 27.9980304648313 0.0000002494598270184 0.00000232255701017131
"dapE" 0.690323108823975 6.96450312660554 27.7000157701092 0.000000286875694348507 0.00000264056036843513
"sgcC" 1.60812949274497 6.38668645157131 27.6499556846848 0.000000293695137590659 0.00000267295574661161
"bioB" -0.931927054726194 8.16225632549794 27.5797314415669 0.000000303538189681389 0.0000027318437071325
"mlaA" 0.736966782155948 7.54893939331585 27.3321637788986 0.000000340973425243183 0.00000303503818073603
"def" 0.820105930134095 8.54947748805921 27.2760692078646 0.000000350084065143531 0.00000308226187789414
"tmk" -0.799590429180151 5.97810789244611 27.2100224116872 0.000000361126701601854 0.00000313552154526073
"oppB" -1.32440623379246 9.0248512993092 27.1938995177102 0.000000363875339820381 0.00000313552154526073
"ypfJ" 0.698979879059058 8.13754132058695 27.1047259658812 0.000000379463654575926 0.00000323542694954211
"mioC" -1.00591126193515 7.3218039294594 27.011169852649 0.000000396543566694286 0.00000334583634398304
"ydcV" 1.75492837329127 4.58908843552581 26.9523215937708 0.000000407682679797826 0.00000339084894823286
"dadA" 1.32848125478083 10.6771384077685 26.9389841702614 0.000000410250860403482 0.00000339084894823286
"rsd_Part2" 1.11446973971319 5.87168296679026 27.9263555984181 0.000000426419150807625 0.00000348888396115329
"mhpR" 1.10395365691845 6.71139199391187 26.7482685689045 0.000000448812563180508 0.00000363538176176211
"yihW" 0.842964287364858 5.42277315742993 26.5867238718939 0.000000484327576557309 0.00000388421125753881
"uxuB" -0.893457524455809 6.90168743720486 26.0879714690119 0.000000634374786863254 0.0000050122878782532
"fadI" 1.36684876842716 6.48648215317984 26.0052575950386 0.000000637365001802567 0.0000050122878782532
"pfo" 1.01278883795354 9.53050347876195 25.2013841575429 0.000000932771290749357 0.00000726485332218249
"fadJ" 1.15826456385051 6.97028221985781 25.1332517816219 0.000000963431821921328 0.00000743218834053596
"cspD" 1.48472660644933 10.5848726224322 25.0577160664497 0.000000998615436083071 0.00000761260123759363
"maeA" -0.786239460838236 8.47378983554485 25.0362711267333 0.00000100883872487273 0.00000761260123759363
"cyaA" -1.1181785559525 10.132169695019 25.02342462956 0.00000101501349834582 0.00000761260123759363
"purL" -1.63795621275108 10.0940228623695 24.8618480359825 0.00000109601558989166 0.00000814470300745181
"aceF" -1.42373856439147 11.3188775023841 24.6871550222285 0.00000119095974952253 0.00000876979451921135
"secE" 0.73588152988515 8.56981751213099 24.4960068133901 0.00000130439825823416 0.00000949471854141356
"ycaC" 1.30880674488391 8.49362167033344 24.4824445087267 0.00000131284997115842 0.00000949471854141356
"sfsA" 1.13583000011381 7.97440135220827 24.3135730108082 0.00000142283794523847 0.0000101991038552492
"csdE" 0.677003589463721 5.48110870131969 24.2874462771234 0.0000014406673108831 0.000010236320366801
"CamR" 0.819492881196485 6.80583706243336 26.085903336499 0.0000014640343816126 0.000010311894340054
"lplT" 0.730986321929583 6.32125385858732 24.0739725790683 0.00000159506483827181 0.0000111379527500014
"deaD" -1.24529652908496 9.91681417105806 24.0476063646566 0.00000161526004105045 0.0000111825695149647
"yidE" 0.779073117238548 6.5002338380594 23.9190870389666 0.00000171745984649693 0.0000117893430140891
"yihI" 0.727813023033113 7.85182377511984 23.4253997017045 0.00000217465409192382 0.000014802267348389
"ispA" -0.849628227631282 7.4065179665307 23.4014710866998 0.00000219970635479504 0.0000148480178948665
"rluF" -0.854913237486015 5.98388114630221 22.7212204287082 0.00000304808640104834 0.0000204045453293319
"yobF" 1.55201956688493 8.61808868270036 22.5994994100222 0.00000323166363424409 0.0000214561274076862
"ycgB" 1.36614331158926 10.4082756724071 22.4637398308089 0.00000344963082665001 0.0000227170810535488
"ybhL" 0.893000030842632 8.66261308727391 22.3458744511603 0.00000365088759453316 0.0000238485399320311
"tas" 0.764961235866627 8.52808682140366 22.0344981489242 0.00000424155795274009 0.0000274852955337558
"kbl" 0.694687405204225 8.06267544408064 21.9374753398859 0.00000444467037278862 0.0000285728809679269
"secB" 0.75142432308912 8.87603989099072 21.8627101603447 0.00000460787164897445 0.0000293509420663187
"glpD" 1.82553121142613 9.69978950987118 21.8491233678945 0.00000463817356109728 0.0000293509420663187
"yajO" 1.02098125385552 9.38045320868784 21.8197868872919 0.000004704289847239 0.0000295385641570821
"yqeF" 1.14836543932943 6.02636920894757 21.7899010414126 0.00000477262387603795 0.0000297371179968518
"nrdD" 0.863152959012671 9.33606063968936 21.7565015149821 0.00000485017979981433 0.0000299896613576306
"plsB" 0.83247580026909 8.69569833045889 21.7286647579666 0.00000491579102184334 0.0000301650812704023
"cstA" 1.28688775525713 9.13169581038391 21.4891448244769 0.00000551873865619766 0.0000336103632445121
"ycaP" 0.95661795366849 5.2376450104039 21.4694791936524 0.0000055714474135436 0.0000336781522758979
"dsbD" -0.944641799575118 6.62828741294422 21.4436609504957 0.00000564142003681428 0.0000338485202208857
"mcbA" 1.06307675650919 8.09159709016095 21.339593661843 0.00000593258753529766 0.0000353337934087581
"obgE" 0.833668954612969 8.79957787192755 21.1934536989336 0.00000636730617208279 0.0000376461167838471
"speB" 0.691002030622789 8.18673286079946 21.1590779199133 0.00000647415756145014 0.0000380004900345986
"yhjG" 0.967076520372411 8.47799058401775 21.0094198710625 0.00000696087957681973 0.0000405633989728344
"yhiI" -0.808361187522039 6.78534657325269 20.8607220032786 0.00000748113521986623 0.0000432837109149403
"ptrA" -0.741313103740434 7.06368832683811 20.8299212799488 0.00000759372101660588 0.0000433414619458315
"dfp" -0.711403744905388 6.96849348712542 20.8287237328742 0.00000759813283494824 0.0000433414619458315
"yggE" 0.7061123710269 8.50588828204692 20.7787431402413 0.00000778459315407068 0.0000440945486349458
"oxyR" -0.846346065701296 7.24229894753523 20.5301172440902 0.00000878321594512484 0.0000494055896913272
"dkgA" 1.13392717366376 9.05308903894213 20.3065448836043 0.0000097914851976706 0.0000546972621387116
"aas" 0.561130663187257 7.16231186893268 20.1716802440963 0.0000104555104818413 0.0000580065992485715
"amyA" 0.988812643678049 8.88198815628204 20.0154586451072 0.0000112818565387481 0.0000621653319482039
"queG" 0.6312928712693 7.07938895669933 19.9752232883294 0.0000115051811190441 0.0000629675453136875
"btuE" 0.788885070860284 7.76032071662086 19.9439962832709 0.000011681582185242 0.0000635039031546711
"uspG" 0.852907375841664 7.33655514833091 19.8382148601318 0.0000122997228763302 0.000066418503532183
"bamB" 0.749261615391255 9.33833700127449 19.8078412066824 0.0000124832521585077 0.000066963140717823
"ribF" -0.596197519776422 8.33133771646336 19.6000047630633 0.0000138156501151655 0.0000736228723242373
"ybjT" -0.647805883356849 6.77551648485844 19.543095036565 0.0000142049635112168 0.0000752027480005597
"can" -0.855008287065241 9.30079580049309 19.5001134003633 0.0000145063355014469 0.0000762995568582597
"umpG" 0.678003206306543 6.71546649261709 19.4584007559773 0.000014804992764561 0.0000773680267051254
"grcA" -0.93935613144614 8.6309693278678 19.4224911330167 0.0000150670785117692 0.0000782329076572632
"mppA" 0.66717988130836 6.60860497210913 19.1322432188263 0.0000173653031814305 0.0000890934382828308
"ibaG" -1.0350961362394 6.14656331229037 19.130665448372 0.0000173787200601077 0.0000890934382828308
"feoA" -1.40766810316974 6.69575782405596 19.1065793024784 0.0000175848480311249 0.000089583188083089
"ptsG" 1.00555184531545 9.75576042247605 19.0510958504061 0.0000180691328760377 0.0000914749851849408
"adeD" 1.03883019540689 4.9415458028497 19.0348401006355 0.0000182135597592332 0.0000916334372980057
"ldtB" -0.772302049157288 8.02775207850893 18.9669670946044 0.0000188293157766696 0.000094146578883348
"aspA" 1.37061728626135 9.85198555188461 18.9381277388834 0.0000190972867960772 0.0000949006276369481
"rbsD" 1.26640335712285 7.77186861511901 18.8060414661619 0.00002037478268974 0.000100631548650545
"pssA" 0.631514239615265 8.61622670386559 18.7265373023811 0.0000211850599075165 0.000103999385000535
"mrcA" -0.974742267032326 6.61487582790089 18.5972666809734 0.0000225727538312598 0.000110144160260967
"tldD" 0.593944897642469 8.85996303295124 18.5712122636831 0.0000228633929852572 0.000110894301305738
"ybdK" 0.986116713736627 8.38952475066706 18.5333080498953 0.0000232929924570379 0.000112305499346433
"nusG" 0.71302894608861 8.89396204660956 18.3532754833947 0.0000254477060702445 0.000121968295366261
"ompT" -1.25935389667328 10.0946201742471 18.2677158947768 0.0000265413614220235 0.000126461780893171
"prmB" -0.947655118854384 7.23937971528965 18.2521477357938 0.0000267454158844489 0.000126688812084232
"prfA" -1.02699297671055 6.13436584495603 18.2291836120127 0.0000270493120441729 0.000127383388115
"yiiM" 0.581844679027263 7.1794805755033 18.076915604368 0.0000291547154050035 0.000136504736867358
"uxaA" 0.739824320209468 8.02641899641108 17.8972353069741 0.0000318536470848546 0.000148284219188116
"yohF" 0.886663535877577 6.91822613983095 17.8671119401145 0.0000323302714245528 0.000149642970593644
"yccU" 0.786644055337881 7.93040324828248 17.8464839172307 0.0000326608139720781 0.000150313973394223
"hemF" -0.801686230367574 5.39289020428985 17.7897864408812 0.0000335870607029375 0.000153703498132087
"dctA" 1.20222717461352 9.23985656508677 17.5623036982215 0.0000375786925629209 0.000171004162786325
"sstT" 0.91748840103073 9.40766119891863 17.5343959701819 0.0000381003824439552 0.000172409551841362
"yahO" 1.03421767254348 8.41762820662451 16.9840208149849 0.0000500288863611035 0.000225129988624966
"pyrG" 0.88735535446153 10.506813040133 16.7062578472334 0.0000574211909564892 0.000256967760634012
"pmbA" 0.563701613066586 8.65658043884841 16.5419019374981 0.000062306871079932 0.000277299810850247
"hspQ" 1.01041385762988 10.5760039361847 16.4540340784346 0.0000650894532230408 0.000288100858528213
"msbA" -0.705182689186177 7.82199735617888 16.42380036386 0.000066075719955955 0.000290876810675671
"yhbE" 0.711356636912541 7.45648293794216 16.3926516774942 0.0000671076690022803 0.000293822766982957
"dppA" 1.11484516466334 10.4926625233078 16.2866321006828 0.000070744006332255 0.000308078737253369
"yecE" 0.757816887781858 4.7991754597859 16.2925272879499 0.0000734770932976033 0.000318269762412079
"ygiM" -0.711418394717251 6.82945100966226 16.1292592133464 0.0000765132261829535 0.000329658048979747
"fabR" -0.559512616671938 6.98661763515583 16.0192846320409 0.0000808257015492551 0.000346395863782522
"ygfB" -0.583465329745612 7.60401672655973 15.9400565454111 0.0000840843921969978 0.00035846504041878
"ushA" 0.603314798711298 7.70994465867475 15.9205003551771 0.0000849090304206852 0.000360085416967304
"hofB" -0.990009059009608 3.83782226605036 15.852863309934 0.0000878248274616416 0.0003705109908538
"aldA" 1.15147870288203 8.9932513556645 15.8093934363221 0.0000897521405388672 0.000376679968064676
"fruA" 1.17508722083477 10.7627941649658 15.5959358723345 0.0000998567664259815 0.000416927736108479
"pepT" 0.67988044554544 8.11437469815183 15.4160357013357 0.000109264047782349 0.000453866044634371
"apaG" 0.479283202110953 6.84636317917277 15.3880983833922 0.000110803492327147 0.000457912391760147
"ibpB" 1.00930604160647 8.18897974586943 15.3563708515818 0.000112578469480713 0.000462886092788718
"pykA" 0.676336458692349 9.28707422566611 15.2920401119696 0.000116266378064211 0.000473949676885085
"yncG" 0.886075783486744 6.79423391580655 15.2890714597162 0.000116439488518681 0.000473949676885085
"bluR" -0.477810280071163 7.38092841925597 14.8614523457511 0.000144314836949334 0.000584475089644803
"nlpI" -0.799580856207136 10.1481073625853 14.751392006209 0.000152526737160228 0.00061465998557107
"ihfA" 0.853451552781779 10.1631197188452 14.5227626882106 0.000171132831405812 0.000686225710092614
"ibsE" 0.691434375873982 5.41685140954308 14.50229656076 0.000172906758532208 0.000689923519266447
"yniA" 0.828678703451304 8.82989627839974 14.4121476215363 0.000180945235741675 0.000718459024268416
"ybiC" -0.594373615003182 7.41891191127163 14.3275210660984 0.000188836067520974 0.000746132754595069
"uidA" -0.67829959497825 5.84309611128657 14.1850517866028 0.000202917222040584 0.000797878397344046
"uvrA" 0.675229891026213 9.78226896725904 14.0296981511217 0.000219489790561138 0.000856870250935909
"uspE" 0.884757619453524 9.77002697915287 14.0196551804993 0.000220607250777192 0.000856870250935909
"purM" -1.44394695641794 8.85872833668552 14.0152995797704 0.000221093682031611 0.000856870250935909
"yrfG" 0.565430757735969 7.33161641879388 13.9190197376482 0.000232128533821259 0.00089223571354694
"yjgA" 0.599185457192371 7.84698625795087 13.9165239521465 0.000232421895751116 0.00089223571354694
"trmI" 0.463526096534808 7.30877625206159 13.8871755876362 0.000235899939780946 0.000901315807653615
"fruK" 1.15037853091726 10.1506402704446 13.5431539282433 0.000280833736917803 0.00106455894063936
"puuD" 0.864055952183678 5.93930527136445 13.5402083490724 0.000281253843576323 0.00106455894063936
"gloB" 0.796752324495136 5.82457336850045 13.4219509224823 0.000298657668595223 0.00112517540261456
"kch" 0.93696660552958 5.07673298231509 13.401060335856 0.000301843891127193 0.00113191459172697
"tisB" 0.800864541324355 5.98792804241135 13.3746884539852 0.000305915445630382 0.00114141275971944
"yicH" 0.480365716263536 7.18679285039014 13.3664739317983 0.000307195039035601 0.00114141275971944
"crr" 0.893111144319075 10.7048203342984 13.3007729645053 0.000317626920442221 0.00117478450026575
"bioA" -0.549022489243551 7.74191968882955 13.1270329627027 0.000346980387704208 0.00127751870018367
"gcd" 0.790927193957389 9.89049416586766 13.1171567838673 0.000348729443028014 0.0012781486373425
"yohJ" 0.872159114079634 3.62851187186505 13.0684912061861 0.00035747968124109 0.00130431775587965
"oppA" -0.988258562897911 12.5843596408834 12.843666444554 0.000400891309649357 0.00145615229065461
"deoA" 0.750198588173373 8.84700512904763 12.8129504107944 0.000407224552239131 0.00147068527971427
"aidB" 0.931980593601857 8.55003635067389 12.8067096352899 0.000408523688809518 0.00147068527971427
"hslO" 0.611447014952077 8.92994736889217 12.7971216099397 0.000410527826403911 0.00147136079374853
"uxaC" 0.704592462154671 8.64511831203244 12.7687831878938 0.000416509840834672 0.0014862245421854
"mtlA" 0.878693606990905 8.62520092276038 12.6655944748685 0.000439050488160614 0.00155978462899166
"rsgA" -0.527359671723405 7.95638122955222 12.5700550626653 0.000461024461534805 0.00163069787704451
"csrA" 0.798589334769196 9.91839402305674 12.5450536844678 0.000466957051644567 0.00164450092100913
"yeaH" 1.05942799040484 9.78262482479367 12.5361386936797 0.000469091204924352 0.00164486526402045
"rfbA" -0.715717155269158 7.31932634517295 12.4159564385354 0.000498848205024504 0.00174146593200666
"allR" 0.779661736695489 9.29822041963901 12.4077833551418 0.000500940200194509 0.00174146593200666
"mlrA" 0.712791727838689 7.14651750711027 12.389591352028 0.000505628718082789 0.00174847740310151
"ygdI" -0.911866033516566 8.63402387340954 12.3832468815113 0.000507274308307227 0.00174847740310151
"mutS" -0.76152411135459 6.6392066406005 12.2607031641469 0.000540149049948017 0.00185390140024531
"yceH" 0.546954314724851 6.69705607117828 12.2081601254528 0.000554900418107367 0.00189649509986062
"serS" -0.745752917627728 10.1861618850749 12.0504830628589 0.000601673956404532 0.00204771388524231
"metE" -1.62134212028532 10.5585636718758 11.9995263840509 0.000617631619546244 0.00209322850139104
"gpsA" 0.583508065229449 8.89822607956966 11.9293659555221 0.000640309978154242 0.00216104617627057
"ydaN" 0.519438326841856 7.12417300359483 11.8199346483438 0.000677385273475136 0.00227668909342266
"yaiE" 0.751753785236853 6.68728186585419 11.6938519681095 0.000722819465582718 0.00241935440959505
"yiaG" 0.999552928623191 9.31804477093386 11.6701143828461 0.00073171411608342 0.0024390470536114
"rplD" -1.16408088221413 11.1576906547093 11.6201500133587 0.000750801709373083 0.00249241551062376
"pspD" -0.658959157942879 7.71111228221087 11.5696294531347 0.000770617039877503 0.00254775429510522
"fetB" -0.807557749944632 4.44804776946434 12.4043458727119 0.000775385897670286 0.00255309990696314
"deoC" 0.74623904921849 8.42414958990084 11.5404778967169 0.000782292194915146 0.00255631291867963
"pitA" 0.549904187505771 8.55984822093177 11.539533089561 0.000782673584978454 0.00255631291867963
"yecA" -0.592172920541891 8.00111266837438 11.5113955890935 0.0007941189669893 0.00258327856731459
"patA" 0.97108228934827 10.8519513851577 11.4267594100001 0.000829583235694838 0.00268784968365127
"lpoB" 0.558529234600182 7.87615075335318 11.3832092901546 0.000848455400504511 0.00273804332433727
"rplB" -1.05549406556328 11.7407362244068 11.3653601339668 0.000856315902374532 0.00275244397191814
"ybiB" 0.561010934159352 7.54893066953693 11.342280844433 0.000866589653725131 0.00277445699413975
"ppiD" -0.591927519788268 8.66866633777544 11.2880804693524 0.000891213009335485 0.00284205723449505
"acnA" 0.801817143799118 10.4617017730446 11.1947462270532 0.000935296443216175 0.00297094164315726
"mqsR" 0.79807890636501 8.34935590514796 11.0378321269569 0.00101447481163757 0.003209861708697
"rplC" -1.10000966859891 11.6764709705443 10.9266692634295 0.00107466876244202 0.00338708831742427
"yncE" -1.07170964667202 10.0365894463067 10.8638439092403 0.00111028446364361 0.00348081068264945
"ispG" 0.407789366924418 8.93297676510391 10.8591383455507 0.00111299995902001 0.00348081068264945
"trxB" -0.667218585630663 8.01684690639019 10.7849120596344 0.00115674078078829 0.00360369243245581
"uvrB" 0.539024417862765 9.26000751077826 10.6508921059163 0.00124020393597395 0.00384490420446197
"uxuR" 0.498949666149249 6.62550273756181 10.6531937355185 0.00124366037230745 0.00384490420446197
"yibT" 0.737144664180149 8.22445419186887 10.6327229965997 0.00125198203079993 0.00385591423934578
"dinJ" 0.523721542787071 7.25269393807316 10.5632111096578 0.00129810502355079 0.00398282223134902
"ydgJ" -0.543826215963077 7.51280583620344 10.5221337743833 0.00132617114295657 0.00405357971998046
"menF" -0.535297801151179 7.72467985716176 10.5146557317379 0.0013330357208096 0.00405924411223975
"aspC" -0.802345689143541 9.49247540673982 10.429190713269 0.00139197954060629 0.00422285928049098
"yeaG" 1.11398728613142 11.9953435437291 10.3989556324884 0.00141409745564644 0.00427395126520007
"icd" -0.983973541027217 11.6271472610233 10.1399926472974 0.0016188449514031 0.00487458888712458
"yhgE" 0.520367575970965 5.00374779528921 10.0668031189016 0.00168201929106896 0.00504605787320687
"lpxA" -0.464595565840991 8.64607927600743 10.0475370898268 0.00169906323123156 0.00507838087563676
"fruB" 1.16235251761578 10.7056586101863 10.0325733072718 0.00171242260115368 0.00509949377549441
"frr" 0.56335352930398 9.89410750504485 10.0245641893962 0.00171961695329733 0.00510216019110196
"yjdC" 0.50506247529612 8.22629191791978 9.93156055597839 0.00180545253043586 0.00533728667756586
"cyoC" -0.776087173169475 8.75113171116438 9.88003215149518 0.00185487877681198 0.00546346112442801
"mscS" -0.699287284292065 9.28235379612332 9.85587078555784 0.00187852776504928 0.00551307061481854
"yfbR" -0.703443979368388 5.01270183527677 9.79922527999691 0.00193518568585104 0.0056588462293839
"ppk" 0.457587462346002 8.74427616823128 9.78913491577519 0.00194545979647646 0.00566842602570479
"ppsA" -0.62271423584591 9.03540497627161 9.77082029038469 0.00196425037091982 0.00570266236718658
"ydhQ" 0.469297700612313 8.84329885186316 9.68525632550227 0.00205452296972028 0.00594344144811937
"yodD" 0.841552138682501 9.18968847203392 9.57546020098173 0.00217659860975105 0.0062741810459016
"fre" -0.353883243288277 7.68141380344598 9.40290363581572 0.00238361447175813 0.00684655220611377
"mdtK" 0.370931971606963 6.85539406885403 9.36136079591004 0.00243639008330511 0.00697341331264007
"accC" -0.71257861834632 9.675567376361 9.20882904295188 0.00264062080299046 0.00753134806486716
"ubiG" -0.550748944160191 6.64927425877669 9.14965204974298 0.00272449200979242 0.00774329308046268
"fadE" 0.796935429215753 8.98883047977104 9.13687947908052 0.00274294891857112 0.00776849169245667
"cca" 0.455325352086231 8.27994460618423 9.04337328831876 0.00288202121723831 0.00813392747722312
"hchA" 0.702519268386248 8.3253696073778 8.97433498099369 0.00298931233833588 0.00835837808941365
"fabZ" -0.474818869632247 7.80275221778055 8.97291587164196 0.0029915600860147 0.00835837808941365
"mreB" -0.599585156182532 8.98502436635797 8.97231916409368 0.002992505735716 0.00835837808941365
"csiR" 0.608778249018499 6.8910532747908 8.96044538365489 0.003011386745408 0.00838221052845525
"pepP" -0.532517401479075 8.88837196247386 8.89481173694799 0.00311797375676229 0.00864917377732004
"topA" 0.623015762929095 10.4827192912161 8.60241212229193 0.00364180534587788 0.0100677895227341
"metQ" -0.69744388853535 8.1046630356639 8.58432987351305 0.00367701648575226 0.0101305556240113
"thrB" 0.702888110128259 8.07870186975249 8.55514639138294 0.00373458160306629 0.0102542749101142
"dgcZ" -0.577987325720385 5.38435336288593 8.47121897766301 0.00390532753080287 0.0106868760133457
"glyQ" -0.508937163887859 8.8673880003926 8.39577863842312 0.00406562581205491 0.0110880703965134
"ftsK" -0.426027000047604 9.15660921536748 8.3762043620855 0.00410830860084911 0.0111668790828449
"yedP" 0.641226439304638 8.57635456866254 8.31904155424821 0.00423560207229265 0.0114743735068797
"tig" -0.727625783742884 10.7457098150073 8.2503534660569 0.00439392149768373 0.0118635880437461
"lsrG" -0.726723807466145 6.67262439273526 8.21118784333098 0.00448689650558681 0.0120743726562303
"msrB" 0.578894339681806 6.48532271226053 8.12133041349036 0.00470790588592759 0.012627164793382
"mukB" -0.505363658631729 9.20850431063091 8.10920098563161 0.00473858231380542 0.0126674972745294
"cheA" -0.658844166090447 3.55006492218611 8.05754959363978 0.0048715254236578 0.0129800512932987
"sufB" 0.687062043380101 9.58465981922343 8.00244058057197 0.00501759097856796 0.0133254055496395
"ydcI" 0.586946445997503 6.61441714952889 7.97197357857764 0.00510026382773241 0.013500698367527
"secD" -0.598335259274499 8.77795405505394 7.83403288946128 0.00549242314683289 0.0144914096056503
"glsA" 0.676968235958093 9.21305769659549 7.77671582866497 0.00566435126543715 0.0148965081980652
"glgA" 0.605652047982971 9.26604536609498 7.76781670106681 0.00569153635981328 0.0149195613315494
"ibpA" 0.654951586431373 9.4566364671908 7.73407635879873 0.0057958289631951 0.0151277580565502
"ybaK" -0.586893410621556 5.19453179627011 7.72567296556605 0.00582210801415673 0.0151277580565502
"sodA" 0.636141141309959 11.1912224731773 7.72411666230346 0.00582698828844895 0.0151277580565502
"moeA" -0.412280161365881 7.39523114583802 7.71026715551041 0.00587060316784086 0.0151922957378629
"smg" 0.40872655651377 8.46078564915506 7.59655910943947 0.00624161381009882 0.0160960903327864
"atpF" -0.742025203793507 9.69505509187233 7.5912272601645 0.00625959068497247 0.0160960903327864
"fepA" -1.06847860182927 10.5624355293792 7.52617797813179 0.0064832434039213 0.0166184403708109
"prs" -0.618451982525114 9.4319795590084 7.36200770713271 0.00708495196262741 0.0181035050149155
"nrdE" -0.783510711543938 9.70619537010337 7.13573213335689 0.0080098121088948 0.0204023515981283
"atpB" -0.628159237876399 9.35774230694697 7.12317539697669 0.00806463764578164 0.0204776065613891
"ftsN" 0.483331904910069 7.18573286638598 7.01951185429955 0.00853228174306337 0.0215287761100872
"atpH" -0.681466285155035 9.22533904463821 7.01690105889738 0.00854441358247932 0.0215287761100872
"glgX" 0.477638920357992 9.0222998943286 7.01390598452955 0.00855835297215814 0.0215287761100872
"cdsA" 0.40477708212319 7.39589722032835 6.96377374818064 0.0087951828385752 0.0220560312670152
"yifL" -0.463396673791593 6.44163831427817 6.92021712229135 0.00900642759310664 0.0225160689827666
"rpmB" -0.670560307191348 10.4985953319685 6.88917674998304 0.00916015487782973 0.0228299244647449
"pheP" -0.827193780078876 5.64505212858237 6.83078195693849 0.00945672676839191 0.0234941346698949
"eno" 0.721817094918476 12.1278824645521 6.82537772833155 0.00948466918155014 0.0234941346698949
"lysS" -0.584036562836555 9.74330724803064 6.81372061633108 0.00954523214957059 0.0235720671986347
"speA" 0.534207167825828 10.2019642906206 6.80309372104163 0.00960079016668284 0.0236372037538392
"yfcO" 0.431330628004199 5.9347424517018 6.77359236342753 0.00975677930996465 0.0239484583062769
"wcaN" 0.383592271913737 8.98295950016691 6.76477901194123 0.00980388534045167 0.0239913810446098
"sucD" 0.550913057409969 9.3893940125287 6.74978872729378 0.0098845455883143 0.0241159094172728
"qorA" 0.589383557002587 8.67040519124385 6.72764468415676 0.0100049534069984 0.0243363731521582
"groS" 0.697047126013647 10.2998006550156 6.71666395592872 0.0100652210090028 0.0243776603196554
"rimM" -0.659669866302036 10.8673884843686 6.71359736283416 0.0100821187741785 0.0243776603196554
"aceA" 0.70380216485999 10.4657282468384 6.66290454231517 0.0103657302807031 0.024988814069552
"glnS" -0.422460241176543 9.45009559146981 6.62540381805889 0.010580824200124 0.0254316546056394
"spoT" -0.464058841949817 8.94987136932729 6.57821663741335 0.0108580386766207 0.0260207435741503
"zinT" -1.41127376699025 10.2374395186564 6.5487576922899 0.0110348950752055 0.0263665634540308
"pepA" 0.409099558033591 9.05387021639566 6.50803058529356 0.0112843116785444 0.0268832131165323
"rplX" -0.687412452599325 10.798598328897 6.44189134463751 0.0117018311833188 0.0277961385879419
"pspA" -0.69963927631928 11.2651527653232 6.36588463302234 0.0122014145566028 0.0288980871077434
"fhuF" -0.541224077785252 10.0898351647417 6.32504741214108 0.0124788868117278 0.0294690913046632
"thrS" -0.564993652001433 10.8240688231659 6.2968021664837 0.0126746117865199 0.0298442893810498
"evgS" -0.850342251175141 5.91942574621015 6.29048470070253 0.0127188213252529 0.0298615805027676
"yraJ" 0.427282111565574 5.86836436043117 6.25630661143697 0.0129607799770042 0.0303417103507902
"rapA" 0.387701715690011 8.45798478691908 6.19770718846389 0.0133867669337998 0.0312486490385529
"ygaU" 0.65980125138922 9.8571158924238 6.1860038528768 0.0134735654448042 0.0313608850870443
"sodC" 0.620179371336189 8.64893125278938 6.13087074415235 0.0138903680845752 0.0322383901103321
"ytfQ" -0.876079739694144 9.11305534391215 6.12301249430273 0.0139508536936192 0.032286261405233
"mqsA" 0.5703591471525 8.39046223092407 6.09046269048503 0.0142043110582294 0.0327011012156511
"roxA" 0.333063816546539 8.64912045440459 6.089631054069 0.0142108489233447 0.0327011012156511
"sufD" 0.585202877692736 9.01970194567146 6.04320836148233 0.0145807857516026 0.0334573270787482
"insA" -0.450008877888688 5.38324585523615 6.01525498199502 0.0148083413712204 0.0338834929680468
"glgC" 0.494359863323458 9.31671460944168 5.96737892617528 0.01520666516175 0.0346289929793453
"ytfK" 0.791949471390456 9.1475105724626 5.96583945153922 0.0152196561736382 0.0346289929793453
"ygcO" 1.23943378608547 0.942128071250121 5.94492655575333 0.0153972756984958 0.0349349952823014
"bssR" 0.741020727701027 10.5507114532421 5.93569966001361 0.0154763243558877 0.0350145792224673
"macB" 0.422207175001704 8.58563065337821 5.93076102888288 0.0155188073344022 0.0350145792224673
"pheT" 0.587181050117004 10.7978781647437 5.90248773589871 0.0157643576820814 0.0354698047846832
"ydcH" 0.545119558312877 6.46323439705489 5.88852422623089 0.0158871119500475 0.0356469824917963
"ahpC" -0.586297720229689 11.1120763610101 5.8523804512778 0.0162094803258661 0.0362385012695877
"mtlD" 0.508726875834448 8.42983972306771 5.84897325365754 0.01624021723563 0.0362385012695877
"yhhA" 0.588024642819247 8.3934854774168 5.81001279651387 0.0165960159139734 0.0369162086498294
"rplE" -0.69941237563084 11.6006756431354 5.80578794087142 0.0166350816755404 0.0369162086498294
"rplV" -0.75272900118603 10.4432990186884 5.78767458423935 0.0168036542480472 0.0371884151391209
"iscU" -0.403202904627769 8.31733756113579 5.75216825172166 0.0171392590906488 0.0378277925433937
"pykF" 0.566791208395195 10.8900327771154 5.72609765830819 0.0173901027461938 0.03827712832722
"acnB" -0.612227749740518 11.1097537189183 5.7130515957077 0.0175170562593981 0.038452074715752
"purA" -0.593603756043418 11.0421097276429 5.70035397021242 0.017641543492326 0.038620676294011
"rplU" -0.597505971452745 10.2002594155669 5.69261600833374 0.017717856531468 0.0386831908099437
"yiaJ" -0.506952966885042 5.46899207347166 5.65602553907443 0.0180833897887909 0.0393751229272061
"dacB" -0.406938294510932 5.96373391868807 5.64695959426737 0.0181751624881508 0.0394688515158234
"glgP" 0.497514572646844 9.65363964852122 5.57991338975019 0.018869062074291 0.0408661504817533
"metH" -0.385289944806245 8.42299838080188 5.53588376060246 0.0193396835237235 0.0417737164112427
"lsrK" -0.556586253432972 7.87488397164205 5.51753153850945 0.0195394348776308 0.0420929315183003
"metG" -0.551604486262904 8.97142954885699 5.49552064894814 0.0197818419997266 0.042502100848219
"rpsC" -0.706841137176621 11.4804898873101 5.42119167476508 0.0206238153083684 0.0441938899465038
"exuT" 0.471002314842823 7.5185287627902 5.4000922956232 0.0208695573701068 0.0446024840891465
"yneE" -0.436734935194503 5.28789555536043 5.37460226474177 0.0211705091711944 0.045126611654388
"adhE" 0.701125336433641 12.1629482039948 5.36126047961924 0.0213298295427315 0.0453468817050198
"yggN" 0.313712260784111 6.71098125552618 5.25841205786078 0.0226007108186356 0.047922973201819
"hlyE" 1.15296925456217 2.20568453725256 5.25237424528092 0.0226777294828021 0.0479607333709392
"iscX" -0.601276553703642 5.52737077836499 5.22369053340184 0.0230473769775928 0.0486155608121099
"fumA" 0.556499259197835 8.30221397442854 5.21623091263649 0.0231445351127059 0.0486936972501086
"ybeD" 0.506062042132094 8.97552867862593 5.17986688821373 0.0236243153596738 0.0495743405215953
"Sensor_LuxR" -1.55457664033431 10.6540637422705 5.17825532547884 0.0238118733095938 0.0498388046014754
"bamC" -0.430198903876798 9.07674645548016 5.13478664122832 0.0242335426021568 0.0505906430612035
"pspC" -0.487241296658462 8.46915217415808 5.12338785125571 0.0243901716278805 0.0507867326955866
"ybcM" 0.586632386788357 3.74660911492003 5.10495602924335 0.0246456807443455 0.0511871830844099
"eptA" 0.608396087752647 3.59959844582268 5.08632042643642 0.0249068578971641 0.0515973271015421
"yehY" 0.452393019429865 5.55864882961998 5.0068107799464 0.0260540949480056 0.0538362676221545
"rplF" -0.601157133510296 11.2317966057545 4.99248836807038 0.0262665548219608 0.0541371740605299
"ycbF" -0.591246541372504 4.02011082465567 4.98129751378479 0.0264338211517715 0.0543436424693779
"gshA" 0.358868983366608 9.22439566873403 4.94164524273938 0.0270355132295753 0.055439913204952
"pfkA" 0.440980165715636 9.97794309976699 4.9230489371015 0.0273226161050467 0.0558871693057773
"gadB" 0.780921541566348 11.1344009753373 4.91621047617473 0.0274289937507295 0.0559634381312114
"atpE" -0.541572947994428 9.11789871645803 4.86506756882443 0.0282384347404036 0.0574701812555952
"rplN" -0.571293850850338 11.0841829480459 4.79232235541206 0.029433123726014 0.0596458335150395
"aceK" 0.435420383481505 7.95810005758751 4.79103523501637 0.0294547326000195 0.0596458335150395
"cpxP" -0.433106050710173 10.0388993606992 4.76351658983485 0.0299207304128271 0.0604383831281546
"ybeZ" 0.436903280330811 10.0914503685051 4.75491887693145 0.0300679025362024 0.0605845797371241
"ptsI" 0.580050793038203 11.6551119254847 4.72384327225341 0.0306062029596529 0.0615161895715109
"rplM" -0.569993498474517 10.8619743066348 4.71144219677466 0.030823830698265 0.0618002546178086
"atpA" -0.613878780448079 11.2694484720326 4.69953298530834 0.0310343550003268 0.0620687100006536
"rpsP" -0.513694642076152 9.37000598464368 4.69063317308944 0.0311926654348557 0.0622316724192935
"wrbA" 0.554364768918781 9.87093594389197 4.66534207392293 0.0316471879438659 0.0629833470135906
"asd" -0.509799202585858 10.1138495618138 4.65448938080052 0.0318443550800385 0.0632204108206647
"yqeG" -0.431214910774386 4.96056633532574 4.60616597547831 0.032738059487194 0.0648357657325847
"glmU" 0.35127647753385 9.00039093660923 4.5971432788164 0.032907825612154 0.0650130213313287
"trpE" -1.80143355077928 11.036672824961 4.58951814986299 0.0330520168823355 0.0651390113739458
"hflK" -0.403003923373267 9.89909033548144 4.57071107423947 0.033410504034246 0.0656096543295565
"osmE" -0.598685554483994 9.99787758621468 4.56850488858568 0.0334528237507492 0.0656096543295565
"gadW" 0.49221613996969 7.66150414935902 4.48325923579602 0.0351319597384401 0.0687364429665132
"rpoE" 0.434413470581774 9.85351123604057 4.37878574631093 0.0373116082016189 0.0726856447252723
"lpp" 0.836212182212466 11.8942230214171 4.37793591527929 0.0373299113650781 0.0726856447252723
"yihD" -0.516088298016142 5.15084700986019 4.36524751806948 0.0376043147677986 0.0730443524266592
"ybeY" 0.321867515471173 8.64625956211649 4.30830930446285 0.038862119667094 0.0753069783022636
"lacI" 0.542133551996547 9.62784380775338 4.29678632185785 0.0391220259632845 0.0756296921963257
"sspA" 0.322712521251255 9.13332497951803 4.26551146602528 0.0398367323181659 0.0768279837564628
"fadR" 0.337461222701622 6.2308245088516 4.24654951312032 0.0402767588211654 0.0774921012948787
"yebC" -0.315444289338156 8.03219724924161 4.2372076771635 0.0404954273723958 0.0777281899801909
"adhP" 0.526742146408895 9.47493274389861 4.12319904040198 0.0432675024373047 0.0828526642416473
"pepD" -0.393716273601662 9.92299165495154 4.1121124941947 0.0435475747296121 0.0831923007806269
"rpsN" -0.557533990555267 10.9408243797022 4.09143825067864 0.0440749922657014 0.0840017499652192
"ynbC" 0.572290268459494 3.25173534581434 4.08553201547405 0.0442269039592405 0.084093408936584
"rpmJ" -0.459946783149318 9.65461287189984 4.05431820781921 0.0450390006518977 0.0854369801593376
"rpsK" -0.506123879380757 11.1989723469019 4.03855600603478 0.0454550773206478 0.0860247958638429
"cysS" -0.488333425229141 7.20239213184794 4.03449369040209 0.0455629694573432 0.0860279842900885
"yeeO" 0.334546704025847 6.18738870674094 4.01463907747125 0.0460942122156234 0.0868286323131511
"glpG" -0.357947610083512 6.14784563660455 3.97471258066657 0.0471824926824969 0.0886724340436717
"rspA" 0.572392061826788 9.59327394545932 3.95667482398159 0.0476830565434051 0.0894057310188846
"nrdA" -0.435240061753034 8.66230855054783 3.91378788115007 0.0488959773159453 0.0914682254640085
"yoaC" 0.5892654170672 4.74416310251275 3.84524851940962 0.0509029280128583 0.0950031605769937
"dusB" -0.525594302327425 9.02955530792022 3.76346508975622 0.0534129628248746 0.0993330361496971
"wecE" 0.253579958112565 6.7368970163536 3.76171313958296 0.0534681527916888 0.0993330361496971
"alkA" 0.380890983771409 5.12624797637439 3.74620022418988 0.053959499750422 0.100016464068288
"pstS" -0.401479573292333 7.33053752353276 3.70355017015671 0.0553353402712657 0.102332478583848
"seqA" 0.234091409388524 7.50581472913591 3.68892098477277 0.0558158367834108 0.102925339285805
"rplR" -0.490829582834193 10.3532872097764 3.6860679992034 0.0559100608466099 0.102925339285805
"hisF" -0.401283642386527 7.03648838271236 3.67701072852828 0.0562103168861815 0.103243439178701
"pflB" 0.524815308070133 12.4104355946799 3.65508178962397 0.0569444295794245 0.104355176378583
"arcB" -0.244027133540854 7.82454240476653 3.6223883739364 0.0580579741048688 0.106155663713191
"ypfH" 0.287309923877334 6.82013650906459 3.56717125928593 0.0599918586324294 0.109421623296641
"rsmB" -0.244437215907414 7.54173096475612 3.56373820354559 0.0601143486012412 0.109421623296641
"hflC" -0.315258065033304 9.03075768602042 3.55723946022186 0.0603469542695304 0.109598728606098
"rpmA" -0.43042543803279 9.51767381585561 3.51610922126604 0.06184162799198 0.112062010455266
"glyA" -0.570231449749815 11.0267956963534 3.4997800679327 0.0624459803055927 0.112787628478847
"amn" -0.303793666879151 8.01021438279827 3.49777700220493 0.0625205496135834 0.112787628478847
"yfdC" 0.331409335187236 6.60013890433044 3.48506178600501 0.0629961374854141 0.113393047473745
"ubiC" 0.27257731875986 5.69019206227451 3.44022866964788 0.064704226148371 0.116209364035877
"nlpD" -0.469511983369726 11.637172865162 3.40831296671089 0.0659504241986355 0.118185494692245
"proS" -0.38148453586431 9.42929043606403 3.38272728126792 0.0669680693604877 0.119744229982329
"ldtE" 0.509105783229637 10.4343782186441 3.36984495138056 0.0674868261545477 0.120406011421109
"glmS" 0.329092954460966 9.57090317535127 3.36583920045359 0.067649012284525 0.120430109781242
"rpmC" -0.466484301002665 9.19697562456368 3.3497152048588 0.0683060968803515 0.121333198405888
"cbpA" 0.364654124484208 8.68342438825126 3.33756529217906 0.0688057639272447 0.12178198032002
"pheS" -0.629482153530295 8.34525055804207 3.33626573558738 0.0688594407241596 0.12178198032002
"recQ" -0.443222040038299 6.51401447367328 3.32897519924119 0.0691614051393897 0.12201411779116
"ddlA" 0.246069266277885 7.62430484826419 3.32583352679586 0.0692919681283132 0.12201411779116
"ygfZ" 0.276856824874017 8.33569105265836 3.32128670266999 0.0694813970105169 0.122082281081385
"rplK" -0.471432456282497 10.4447189085335 3.3079926935117 0.0700384541345032 0.122794692313739
"menA" 0.341569453848973 5.51670851478037 3.29433176330809 0.0706158996546775 0.123539694860235
"fdhF" 0.285677452262405 5.64222925775087 3.25109930656179 0.072477387843931 0.12635616614911
"rne" -0.343522931422605 9.72836985123106 3.24971639749895 0.0725377990856002 0.12635616614911
"rspB" 0.584892905605362 9.52470013005154 3.24559231697101 0.0727305238545723 0.126420009275115
"dld" -0.353995942982984 8.628509638261 3.18438577568705 0.0754545699058392 0.130874093412698
"nuoN" 0.369350814247107 8.00019524486548 3.16468559463617 0.076358781515527 0.13180899446023
"fadM" 0.375281396703957 3.66937424495179 3.16269527178093 0.0764507840335057 0.13180899446023
"prmA" 0.260771634895776 6.67175755122444 3.15896398110919 0.0766235857909419 0.13180899446023
"hslV" 0.381751391295329 9.64060478140324 3.1585132292624 0.076644489371319 0.13180899446023
"rpsD" -0.458120383925929 11.8305013290677 3.14381103081485 0.0773296953990805 0.132705621341642
"yeiI" -0.332597529997232 5.60145547561204 3.1244107071034 0.0782440220909963 0.133990820071262
"malT" 0.40982068125083 8.52968667615633 3.09992239477154 0.0794148890437621 0.135708987606429
"umpH" -0.265356768185349 6.81974424220583 3.05510306748152 0.0816073200423081 0.139161956282673
"relB" 0.319124166518902 7.70575356105488 2.99559778067622 0.084620221520528 0.143996595444596
"lacY" 0.47023079866629 7.34084330138633 2.98830860302269 0.0849975212998639 0.144335413528071
"rhlB" -0.257250160995507 9.24589071537365 2.95179868916243 0.0869150725574613 0.147282863538794
"sdhD" 0.485867967933249 6.18562584307444 2.92437972544767 0.0883861093341982 0.149339664986268
"rraB" 0.283518546739266 8.70089683750688 2.92232230989561 0.0884975792511215 0.149339664986268
"ybaE" 0.390584597308148 6.85995730060089 2.89716564818745 0.0898730195925459 0.151345417609069
"yfeO" -0.221011964363312 6.97978338775778 2.86969771071241 0.091401510676561 0.153600049062271
"gadC" 0.587373705792284 10.4859772835088 2.8560135262792 0.0921735570235536 0.154576772648195
"lon" 0.417235247611987 11.3584759980409 2.84873410967453 0.0925871537209681 0.154949575442116
"ybdR" -0.313420687033545 8.50420907556775 2.8025642644299 0.0952581114761751 0.159090866589076
"insI1" -0.249293434028391 6.60582443128636 2.79758834928053 0.0955509664500299 0.15925161075005
"smrB" -0.354169969882557 5.36614542605762 2.77491467069078 0.0968979538927092 0.161164974647011
"pfkB" 0.306834281332365 8.32485455969066 2.70850428242916 0.100964491336367 0.167584504062412
"ybjP" 0.32720996498455 7.77283195585366 2.65303244992998 0.104505126462011 0.172467527212404
"yehX" 0.342032065798583 5.41470982022352 2.65275850913 0.104522947004469 0.172467527212404
"epd" 0.325016743569167 9.47218165097603 2.65241756907161 0.104545130692951 0.172467527212404
"yfhH" -0.325410280167151 4.4665542795207 2.64791450292106 0.104838615346071 0.172600159411215
"relE" 0.313661952458438 9.25854755688406 2.64416683436389 0.105083559414745 0.172652501269662
"groL" 0.550023802668646 12.7565567392296 2.62268405021779 0.106499879967908 0.174625309259121
"yjiA" -0.332518187593859 5.67079304719509 2.61919624680241 0.106784793181648 0.17473875247906
"ompA" 0.527587479270976 14.5755896169718 2.61196741270138 0.107214266318217 0.175087813947088
"ycaL" 0.488176069215992 3.06893966578786 2.59166714611078 0.108582051109938 0.176964711064486
"znuA" -0.595898811222576 11.2999381576972 2.58588156468423 0.10897538957356 0.177249127619645
"rpsM" -0.415726776788603 11.2305333292606 2.53371366626743 0.112594071899866 0.182767932342468
"polB" 0.210477439492875 7.31661575646229 2.52632522538128 0.113143200624893 0.183291985012326
"pgk" 0.403947502187072 11.1126238838815 2.50627108156759 0.114550891942584 0.185202040865255
"acpP" 0.351218342016821 10.7066977347375 2.46723827177604 0.117399449384075 0.189347241695574
"pntB" 0.296792070427418 8.91068514217402 2.4647687428489 0.117582299472684 0.189347241695574
"ycjG" 0.227418601250305 6.99165898132228 2.42935834046067 0.120239291277633 0.193241718124767
"gatY" 0.520449276335984 12.3961109020017 2.40514200676061 0.122094799587696 0.195835223101057
"rpoS" -0.405475068123226 12.4367538736344 2.40160549796409 0.122368434272671 0.19588622877641
"mtn" -0.254282905940578 7.93146563425765 2.37970990723282 0.124077887647088 0.19823094476162
"rplP" -0.430147381510963 10.7570380457599 2.37622251686971 0.124352610075832 0.198278768034299
"acrB" -0.293876716602803 9.84690851627689 2.35940077616438 0.125687331740657 0.20001323911578
"kdpC" 0.310397616433266 3.71393646697223 2.33785847661785 0.127420037876949 0.202373001333978
"htpG" 0.427574181153523 11.6882824218669 2.32317758845581 0.128616164915445 0.203872981568513
"ydgA" 0.298749397588251 9.97761721784916 2.31174624970516 0.129556240041239 0.204962020377741
"yfaY" 0.198226488497797 7.0768149177998 2.2815141879674 0.132079748223928 0.208173716405925
"zntR" 0.206905743296609 7.3685277298398 2.28126994956996 0.132100358311908 0.208173716405925
"eptB" -0.244748253111609 5.95550610137331 2.25984218248147 0.133922675120152 0.210460697941039
"gltS" 0.269238252360985 6.73253963545802 2.25810950526282 0.134071259429106 0.210460697941039
"ycjX" 0.279807223914311 8.97827299766561 2.24244288482377 0.135423181632638 0.212171715904134
"lsrB" -0.422200503335377 7.89795017402699 2.22236210551362 0.137178492880843 0.214506909717148
"rplY" -0.497142198381143 8.92830829119621 2.21798210629277 0.137564753272139 0.214696435742644
"hokD" 0.281764781835779 9.36602792222017 2.19790279890895 0.139351251612484 0.216483952680342
"rpsQ" -0.374077347822168 9.79256770300205 2.19725343725229 0.139409461722153 0.216483952680342
"raiA" 0.459051802209523 10.3838762056198 2.19611164745707 0.139511880616221 0.216483952680342
"yrbL" 0.298037189095848 10.5653251472231 2.18980048352535 0.140079527416386 0.216949172480445
"ompX" -0.42798323353037 12.6164074588605 2.17561949707632 0.141364545643376 0.218521530479265
"rpsF" -0.392713234463775 10.8010998817615 2.14867585133493 0.14384291875061 0.221929074643799
"thyA" 0.252938281339649 7.20911148413683 2.14136684258995 0.144523674379888 0.222555468151538
"rplA" -0.419043104041669 11.4972032345824 2.13729411239332 0.144904587096342 0.222718625328344
"iscS" -0.30707536076004 9.80605049184606 2.12690448675433 0.145881463863527 0.223795427517911
"ydeI" -0.296038938743971 7.34347255091104 2.12259040234124 0.146289282831185 0.223996822482533
"scpA" -0.29886811309359 3.76361412869099 2.1160374702109 0.146911218998945 0.224524693187067
"yafD" -0.245580835481002 9.37125173508733 2.10637957249231 0.147833319722623 0.22550845381417
"trpB" -0.801376506125521 10.8041376282783 2.09728907605816 0.148707250359223 0.226415174419117
"aceB" 0.374053753760937 10.5838500362613 2.07969477846515 0.150415426265567 0.228586295075252
"livJ" -0.593315001219486 7.56142025820211 2.06926987022433 0.151438064987403 0.229709424419095
"uspA" -0.350542276636754 10.3202953307305 2.03587171282597 0.154767957160066 0.234321579999352
"trpA" -0.820485589235855 10.2752321983407 2.02225520316912 0.156149450216791 0.235972116932091
"cspE" 0.619350482389495 11.0022943839557 2.01153566635427 0.15724693024626 0.237107906066856
"yihA" 0.21105828643141 6.7597145173604 2.00920718953307 0.157486485757985 0.237107906066856
"fhuA" -0.271292158476762 9.70690799181402 2.00207402043619 0.158222951328768 0.237774750605385
"tmcA" 0.178641563750348 7.10011816706867 1.9566239785083 0.163009069596999 0.244513604395498
"sucB" 0.317773659849456 9.96681249785989 1.93827621205103 0.164988048855059 0.247024620282067
"bamA" -0.283227842490542 10.5670786735601 1.93302034672853 0.165560017526198 0.247423642428451
"pyrH" -0.296567868528157 8.39834673249192 1.92826319702258 0.166079679100259 0.247743167718619
"pgpA" 0.185892583511533 7.21399255643815 1.90510065149804 0.168636873276025 0.251095344399964
"mhpC" -0.675806198864342 2.26394241134349 1.89758684639184 0.16947613127158 0.251881956568771
"ribE" -0.215496836573491 7.78383393296147 1.86987029150036 0.172613878850552 0.256075534558511
"mdtB" 0.186675262969768 6.03196635214133 1.85023835559354 0.174876999800819 0.258616088898252
"ychF" 0.290233966116073 7.49556549526831 1.84948127682826 0.174964958908941 0.258616088898252
"hslU" 0.31869413838647 10.9912482500091 1.80583625315443 0.180123516638105 0.265756008154581
"pheA" 0.21342240053854 7.75278064786098 1.78134752143566 0.18309520875831 0.269649307444057
"ybeX" 0.252593671949567 9.69638473185172 1.77303647905131 0.184116692297788 0.269845319618551
"ydjG" 0.48226336671382 2.55269735404875 2.05696410337192 0.184194872485425 0.269845319618551
"clpX" 0.307516240716118 11.1472546065853 1.77213628330132 0.184227730554394 0.269845319618551
"yceD" -0.313807234226192 10.5056032001123 1.76909091442239 0.184603952987828 0.269908306715055
"srkA" -0.222416130840953 7.31451176908031 1.74925953488889 0.187075946651589 0.272675207779978
"fsaA" -0.321258950684294 3.85747785778753 1.74634737250538 0.187442194806444 0.272675207779978
"ybgF" -0.230883763464225 8.64101031651439 1.74326969965131 0.187830169417648 0.272675207779978
"tdcE" -0.442707031974468 3.37932872147959 1.74092924406731 0.188125838074952 0.272675207779978
"mepM" -0.359995246328843 9.35751508542593 1.73977210534199 0.18827221987018 0.272675207779978
"ftsH" 0.332368231369449 11.6503243030597 1.73608548714919 0.188739477993966 0.272675207779978
"srmB" 0.182664852177062 7.39413118180568 1.73519276753205 0.188852829092059 0.272675207779978
"cysM" -0.635509382158377 7.53471958510056 1.70791149853709 0.192355556696507 0.277238435808132
"slyD" 0.239300007346858 9.85020203435078 1.68226619354891 0.195717915467454 0.281583501827065
"galU" 0.199000488540861 8.55612815759054 1.67705718864741 0.196409282506126 0.282077161046031
"sdhC" 0.389086700073049 7.80400030387844 1.66073634875641 0.198594164403453 0.284710217994331
"copA" -0.207878448157657 8.80820644833491 1.64506703493658 0.200718833631717 0.287247800780372
"phoQ" -0.159662214375623 7.33120704610934 1.63741952053212 0.201765531946259 0.288236474208941
"rpoA" -0.372190455172945 12.6233233138747 1.59846948484971 0.207197832081701 0.295475781665807
"rpoH" 0.269949422599518 10.316863561738 1.59315723265952 0.207952086168473 0.295602754729455
"rpsB" 0.335191203908745 11.8884196179211 1.5927028436847 0.208016753328135 0.295602754729455
"hdeA" 0.400071048851106 10.7059202427248 1.57612640553531 0.210392283661085 0.298454903267039
"ileS" -0.271234082436817 10.7560849233682 1.5641354439157 0.212130816848576 0.299875962709582
"lsrF" -0.354700262013873 7.76757883990821 1.56411032063332 0.212134477324186 0.299875962709582
"dnaJ" 0.2929919763452 10.5229182038711 1.55464833681594 0.213518465102259 0.301306544830714
"potB" -0.419685320513735 6.27440229053764 1.54382438063998 0.215114901615208 0.303031426623162
"pck" 0.320259877212514 8.77867777911822 1.52766698485951 0.21752459731638 0.305893964976159
"rluB" -0.280881761994417 7.27894952401603 1.52217026732249 0.218351726556222 0.306524954091057
"fiu" -0.543474643425843 10.7755606299516 1.51700515037543 0.219132393694932 0.307088648603625
"lacZ" 0.520991194365699 10.9335174727439 1.49673506435275 0.222228594280673 0.310889743294206
"sspB" 0.186365764726096 7.80587792982768 1.45370424507126 0.228977722951609 0.319779233777246
"talA" 0.337775592661468 10.3154316280999 1.44082623170271 0.231045495870601 0.32211162074903
"yidC" -0.296910902646517 9.318624350173 1.43278593954199 0.232347962396388 0.323370875500128
"zapA" 0.255627920504975 9.46952638209982 1.40528319315597 0.236871087966632 0.329038789322288
"ybbN" 0.206470338865687 9.7669610300636 1.40311079217755 0.237232904894094 0.329038789322288
"ybhF" -0.209278648875407 7.64392485251224 1.39899309746863 0.237920562249912 0.329428470807571
"gmk" 0.154426571617662 8.05234955947552 1.38797662362569 0.239772298910073 0.331425873920067
"fur" 0.20735752510454 8.1884164006946 1.38290352354683 0.240630936717455 0.332046096662927
"cedA" 0.4219282262234 3.32973152903959 1.33851513239445 0.248306603395689 0.342055014881817
"deoD" 0.260904377264638 9.82027904394366 1.33420182476143 0.249068372238453 0.342154454852941
"mtr" -0.600542935270625 10.9921316706997 1.3333247942307 0.249223615263253 0.342154454852941
"recR" 0.181437990414348 7.67417017693005 1.32786595814795 0.25019256543271 0.342496281869881
"gatZ" 0.39853468504304 12.082281403106 1.32715967519137 0.250318270206135 0.342496281869881
"phoB" 0.170410702189262 5.90088491260378 1.31145254820516 0.253134065391773 0.345764912255204
"ykgM" -0.583108512821752 8.98943432771128 1.30863647194899 0.253665487725095 0.345907483261493
"dapB" 0.191964059397291 6.87970895778342 1.30162335258073 0.254916036298401 0.34702855361631
"rplJ" -0.293207007218543 12.0307574758486 1.28502902393839 0.257959853690359 0.350583022632871
"paaH" -0.332783063606552 3.02092668712445 1.27091326369266 0.260584592473996 0.353556984763714
"rbsK" 0.191996230876496 6.25218835762845 1.22864757449918 0.268645087014237 0.363883813514267
"lgoT" 0.241828745400876 3.81396137431003 1.21688412628918 0.271012182429024 0.366477241681986
"ttdR" 0.659627952722263 2.34523913137034 1.21000123621467 0.272310960202336 0.367619796273154
"mdh" 0.208531547589673 9.95174125943682 1.20434896614352 0.273420524340848 0.368244096738161
"menE" 0.195981745389123 6.0975634693548 1.20325352616218 0.273682649674535 0.368244096738161
"yfhM" 0.173337362748532 9.06310290983067 1.17740074481921 0.278842377384631 0.374564387531594
"pepN" 0.219991679423544 9.95920783666243 1.17095992075641 0.280158306938751 0.3757089877821
"slyB" 0.216061760363802 9.90134183588311 1.16361223328611 0.281669141984863 0.377109160215167
"iscA" -0.169560826381736 8.46483846005921 1.1600686017729 0.28240147939965 0.377109160215167
"grpE" 0.247218382511773 10.2858319533062 1.15911441837113 0.282599086729144 0.377109160215167
"cydB" -0.184718833462957 9.1206116727594 1.15378167723898 0.283706714827499 0.377964537845846
"rpmF" -0.228611679839374 9.80703552326984 1.14638596074261 0.285251982918036 0.379399189102806
"tktB" 0.331914410560218 11.3155679807483 1.14070240176996 0.286446798909662 0.380363782158732
"phoU" 0.193744153067788 6.39539436364762 1.07486859432323 0.300765114937742 0.398722983796352
"hns" 0.222447516810284 10.6021134447319 1.06353610213407 0.303322180885087 0.401455827642027
"rpoB" -0.29070867822253 12.8564986414229 1.06041308938822 0.304031806535113 0.401738602436283
"rpoD" 0.230351629476129 10.9009507173497 1.03360446894218 0.310213097598423 0.409238776962089
"purT" -0.437313707039144 7.98444452393535 1.00589709224579 0.316775283073454 0.417216226486988
"dxr" -0.122891815934537 7.24176211493679 1.0014957683854 0.31783441108736 0.417931611981756
"yejK" -0.17347062892387 7.0935353337902 0.994466812983342 0.319535542061532 0.419487502544312
"erpA" -0.159131842679549 8.23323253843967 0.990271816942709 0.320556530535683 0.420146908954535
"osmY" -0.254883646657933 11.2095930701123 0.944058772244273 0.332095679847151 0.434567852465578
"rpmE" 0.340714430040869 8.83013002936707 0.938470133382839 0.333528445712143 0.435738775849735
"rmf" -0.423114023982903 10.0302285363208 0.930340289531014 0.335627532706097 0.437775042660127
"ybaY" -0.224268443327447 9.76136488897385 0.918721407711763 0.338658395974456 0.441018168391173
"tyrA" -0.562287413221391 10.5297049252326 0.914954166985871 0.339649016215419 0.441598239381203
"ybiT" -0.156655518550898 8.08454150330616 0.887027190403028 0.347116256845108 0.450583602635477
"waaH" -0.355193615158013 3.37190920196475 0.870651194701445 0.351885636735672 0.455772705227757
"nrdB" -0.178319764167065 7.53248502551527 0.868308015051931 0.352246897455171 0.455772705227757
"rpsA" -0.280375895944483 12.8756010144969 0.866305661293599 0.352801834787412 0.455772705227757
"katE" -0.230450799204055 10.0553757622831 0.85302279693044 0.356513621378665 0.459834447956559
"gfcE" 0.314875170769139 2.90712856646133 0.836485321588199 0.361210428005482 0.465151743536471
"gcvP" 0.20978088547434 9.68753934574667 0.828186716230251 0.363599589716375 0.467182131541226
"modA" 0.208532257262146 5.96200456338988 0.892964310465921 0.363940648151252 0.467182131541226
"ydeJ" -0.165388073213092 4.50717617070826 0.81023276551481 0.368844203846417 0.472446860880012
"narK" 0.239425566156421 5.76485366414916 0.809028729936981 0.369208472761787 0.472446860880012
"fbp" -0.143192005769912 8.0777974084301 0.7944225468001 0.373550499122397 0.477249060392968
"ytjA" -0.224650219378044 8.66998693231963 0.778850550221309 0.378268784833393 0.482516087740233
"ddlB" 0.129079550409577 7.62137993717925 0.769760910839958 0.381061914893899 0.48531470293091
"yfcZ" 0.187569263786454 5.82819245941032 0.749251763884588 0.387472720948127 0.492704715805311
"gsiC" -0.298086924861751 6.04332887293447 0.742231207885796 0.389702618912262 0.494763513039078
"yshB" 0.169040147408951 6.24484864330184 0.738358351746298 0.390940614510092 0.495558525435328
"potE" 0.170479877253866 3.88857459752369 0.73489960063642 0.392051020121467 0.496189572341231
"fxsA" 0.160035138264035 7.00437233121702 0.731470751055022 0.393156311701607 0.49637081004064
"yebV" 0.283800962599947 10.3104596625166 0.730655319453214 0.393419827217396 0.49637081004064
"araC" -0.230239482199701 9.52168230837043 0.727381993560898 0.394496968133148 0.496668752669863
"argS" -0.154568733132552 8.20923230781031 0.72614401773067 0.39488231693752 0.496668752669863
"hldE" -0.130686681596118 7.85177485370634 0.716289426977304 0.39810447003212 0.49994514841243
"fbaA" 0.215282613959102 11.3238702886083 0.711401689032246 0.399716768289606 0.500533413578634
"queC" -0.127744393591037 6.30727171948189 0.711123591188794 0.399808788377008 0.500533413578634
"rnr" 0.136322713763279 9.39562888178415 0.707330838347464 0.401066858805101 0.501333573506376
"pgi" -0.186489097467749 10.4674133281937 0.699244567639064 0.40376844172179 0.503708097985456
"gpmA" -0.218833215200837 11.5385986371711 0.697929822536785 0.404210202087095 0.503708097985456
"atpC" -0.188252083433549 9.24037535048429 0.694869937431076 0.405241079716462 0.504217011628778
"trpS" -0.150622287149438 8.26591932009544 0.683308279958645 0.409171226780758 0.508326217319653
"rpoN" 0.128311876145718 9.31334490060542 0.677318858296278 0.411229296114275 0.509734958598242
"gpmM" 0.137444624227024 9.35303461816293 0.676349612971879 0.411563781386729 0.509734958598242
"ygfF" -0.244349727678209 5.16265246607425 0.674174784584811 0.412315776757013 0.509886685760581
"rseA" 0.169069890819788 10.289601422004 0.660316727344784 0.4171556923211 0.515085534725748
"sra" 0.312775603504071 9.84566190800959 0.652112903684895 0.420060811551425 0.517883192323675
"hrpA" -0.10172474602557 8.29898181814322 0.636561762706752 0.425651532050831 0.523978329728226
"clpA" 0.20568531868707 11.3823101045106 0.631262368358111 0.427582298607565 0.524777541680012
"lsrA" -0.266049338781597 8.69137774112062 0.631223481373997 0.427596515442973 0.524777541680012
"htpX" -0.15112987475861 10.6637770587467 0.620024637480819 0.431720736347575 0.529037513527285
"rpsR" -0.193579787957925 9.40147309191794 0.60918581331084 0.435770272468045 0.533109661699802
"nfuA" -0.14302274980976 9.34394048428308 0.606328117630748 0.436847618949835 0.533109661699802
"nagC" 0.0894100560518219 7.48679672024699 0.605876396394335 0.437018290578603 0.533109661699802
"cirA" -0.373187822490975 11.4003394391056 0.590115110225403 0.443038111336662 0.539640406289768
"wzzE" -0.114477237700756 7.00170718260887 0.565744567135495 0.452602434838372 0.550462420749372
"proQ" -0.126420348857619 8.70331433426837 0.551150324092982 0.458485881002955 0.55678195444137
"nuoF" -0.147755740519839 8.5917961986689 0.546620479025816 0.460336646037491 0.558192639656239
"hdeB" 0.225945664721913 9.42945437775739 0.534767595295473 0.465236090789758 0.563290334140065
"deoB" 0.189013775355282 11.3923851387705 0.515961042626992 0.473183537355204 0.572057709339874
"ygiF" -0.0973230671954951 7.01234168492193 0.505284422717199 0.477793766538626 0.576770418623379
"malS" 0.143972931883356 4.86095639291605 0.500443120507538 0.479908506676186 0.578461146440045
"rplI" -0.166528660693126 10.2658875606659 0.452798509019089 0.501577764110164 0.603682004352501
"fdoG" 0.213596937590134 10.6949795053184 0.450939759643476 0.502456437562131 0.60384230626903
"pncC" -0.1301855380364 5.46972238167297 0.438293753715262 0.508505194636398 0.610206233563677
"cysA" 0.315781105169575 8.35474145438844 0.433406493275809 0.510876554449356 0.611954950419163
"gltL" -0.191723276286458 5.63030543651158 0.432182491225405 0.511473458560214 0.611954950419163
"yiiX" -0.186800032451565 4.748762602149 0.424784473924954 0.515107207906012 0.614608966152499
"kgtP" 0.153396869637797 10.5949390315893 0.424578050599406 0.515209244466107 0.614608966152499
"rplO" -0.185245563437678 11.2730723651053 0.421837390130389 0.516567334125711 0.614745107810384
"infB" 0.153054296405819 10.7313211020727 0.421235348008576 0.516866507072005 0.614745107810384
"dnaE" -0.0921729424955609 8.63044437648709 0.419761479935351 0.517600201884792 0.614745107810384
"phr" -0.112628088762989 7.22579905250486 0.416773718087155 0.519093147647736 0.615353147028395
"yjbJ" 0.23510573580248 9.90716882765078 0.415699956131977 0.519631546379533 0.615353147028395
"gapA" 0.188360427107625 13.2301884693321 0.411422249740169 0.521786269589044 0.616348799776102
"murE" -0.0961133234399401 8.10893528123776 0.411011166856742 0.521994168699267 0.616348799776102
"fbaB" 0.176746271635261 10.6631963661218 0.404240598871404 0.525439565264899 0.619513897910579
"miaB" -0.111583234739798 8.15796166862209 0.402004370896206 0.526586445740255 0.619963693386056
"dnaG" -0.102277746319169 8.67679912348989 0.398384357748028 0.528452539223588 0.621257702135132
"yfeX" -0.0905571133054058 7.33534064349523 0.388947923502408 0.533373298499592 0.625818890802069
"ybfA" 0.160034228351967 6.46707982332836 0.387989722644802 0.533877596968184 0.625818890802069
"pflC" 0.241990231716315 2.35309898264674 0.384668752791974 0.542749733024283 0.635299542990851
"cysB" -0.225121651910388 6.97121974137894 0.366810190796566 0.545250964897195 0.637306322607111
"helD" 0.0712938741929 7.42159342547407 0.362495965585336 0.547622653670305 0.639156123159866
"cysJ" 0.314773147163125 9.37323585543422 0.349086104075589 0.555119398524927 0.646973687489483
"exuR" -0.0899383152134033 8.66294653601596 0.34535984534133 0.55723706206521 0.64850864981727
"tolC" 0.107061259099997 9.68226865746221 0.343659988596207 0.558208217199112 0.648706823430818
"leuA" 0.158760814784031 7.22754421503594 0.342181335949418 0.559055624731955 0.64876082526201
"rarD" -0.222094774543575 3.99651456889851 0.34044406449278 0.560054392622721 0.648990068704441
"lpxM" -0.0793543119513692 6.95275301153994 0.323114114240183 0.570209097819115 0.659813384619262
"yiiR" 0.134826453120998 4.16844316681055 0.327952850718488 0.574851565650066 0.664236473860989
"speC" 0.136595462759595 6.40519586149812 0.307622004282238 0.579596875304204 0.668765625351005
"barA" -0.112059353045765 6.03530789706109 0.304215894099427 0.581702276719471 0.670240176590002
"mfd" 0.0923437211233701 9.43159652158456 0.295131614067941 0.587393667675315 0.675836464228701
"murD" 0.0740663164576155 7.75060408012349 0.289331348141396 0.591087252624644 0.679121524292145
"fabB" -0.113966270200318 10.2918332029073 0.281530470110847 0.596130880595712 0.683694140937495
"suhB" 0.178581489875729 7.0281979526345 0.280574270684118 0.596755256349147 0.683694140937495
"gnd" 0.130546751865677 10.9684148016431 0.272991414700828 0.601755556877704 0.688449154055
"grxB" 0.117601859695926 9.23551638056952 0.270986447167882 0.603092450689445 0.689005479631101
"wzxE" 0.0740995733895855 6.2042606721656 0.274493301041288 0.605114792297287 0.690342227832116
"ygaM" 0.153212979891964 8.5377877570698 0.263220618999583 0.608330743083995 0.693035023766577
"yheS" -0.0743735098626886 7.06659401399657 0.25689184849229 0.612672422306906 0.696888784148983
"mntH" 0.153565760212077 11.009526307527 0.255791406665983 0.613434201355834 0.696888784148983
"phoP" 0.0688999597321726 7.88755113659649 0.253434383104843 0.615072800523527 0.697771664459463
"cysK" -0.196822901299469 11.6208401081353 0.249109801309414 0.618104260327434 0.7002300012101
"nuoH" 0.120324125540143 7.44568429724325 0.246373886216199 0.620039116239851 0.701440899656815
"clpP" 0.093570919444014 10.0879903325601 0.240289396052644 0.624390616114509 0.705378520296725
"insL1" -0.0792686542781 8.57366233569124 0.234853927714836 0.628336154720304 0.708847194043797
"bcr" -0.073958942178694 6.50309428157286 0.231090627782871 0.631101062693477 0.710639282222272
"tufA" -0.129590135112309 12.967392120875 0.228436816501838 0.633067544481471 0.710639282222272
"ftsZ" -0.0968229927636705 9.86261720823775 0.228364454844288 0.633121360948033 0.710639282222272
"yfjL" -0.0687504968514468 6.1791564476949 0.22794432265227 0.633434026869729 0.710639282222272
"ldtD" 0.0933920041658942 9.45388015764373 0.218701329043431 0.640404051146958 0.717465119542235
"ftnB" -0.0825951703499423 5.88184452464494 0.213833112455692 0.644147570475629 0.720662337134336
"xdhD" 0.0776213903039112 4.82945662273247 0.26447941467397 0.646000958516551 0.721739001928837
"ftsQ" 0.0634430329802403 7.89343083840073 0.207960966136644 0.648732586132061 0.72379255477544
"trxA" 0.0809529747084771 9.20412793658338 0.201523514793108 0.653849794251081 0.728498395245358
"yeeZ" -0.0563275930971657 8.36613151423398 0.19597003727017 0.65834386826561 0.732497985295528
"yfdV" -0.233365654479538 1.43178075172453 0.191339136653116 0.66214998880854 0.735722209787266
"cysN" 0.235042069944206 9.73492785106256 0.187770556330809 0.665120618349776 0.738010549127833
"Sensor_TetR" 0.402090778835492 9.22999393211616 0.178277065498282 0.673260939240199 0.745811310786429
"aroP" -0.0810594340671853 6.9838739701354 0.175624858954911 0.675489756773648 0.745811310786429
"yihQ" 0.179257517342185 2.417366531402 0.192071925860587 0.676959396792238 0.745811310786429
"yqjD" 0.0913674558579584 8.7603144552015 0.173547185091918 0.677305481297328 0.745811310786429
"dps" 0.151918872396857 13.3140285238502 0.173318361665971 0.677506233934258 0.745811310786429
"dnaA" -0.061542305517204 8.79260400398886 0.173125607720208 0.677675462640508 0.745811310786429
"gatA" 0.132977430929665 8.54425093938161 0.16968237542316 0.68071725964328 0.748142442755844
"lpxD" -0.0666439621431837 9.59619324705845 0.16795324377649 0.682258434890465 0.748820233416365
"yciS" 0.0602404373400138 6.94941910071311 0.165529599401727 0.684434310741981 0.750191869690128
"wecA" -0.0728412079441225 6.9639387285939 0.163655744492153 0.686129368315616 0.751033497750877
"lptD" 0.0709773749281012 10.3281890055137 0.159180473714699 0.690223841872128 0.753993793812417
"cysC" -0.27293979587668 7.20267382458279 0.158669518914117 0.690695549393596 0.753993793812417
"gltA" -0.087038060482335 10.3501078937444 0.153090234359043 0.695904525586983 0.758657692766428
"yghA" -0.0936243928283743 8.20072521517048 0.144403186233817 0.704237558425122 0.766710245059609
"ycaO" -0.105580362030638 7.41989787349598 0.143197573842452 0.705416546655674 0.766962956766571
"opgD" -0.0554272120410051 7.27871697905153 0.140434399498071 0.708140278552109 0.768892259553899
"glgS" 0.101459758966013 5.94889528707973 0.13587435749431 0.712702888710369 0.772810361252207
"rplT" 0.0802292131789011 10.6951155136263 0.126536340636281 0.722325178505586 0.782197051590274
"rlmA" -0.0941662067408428 5.2415154583991 0.123983102594441 0.725025473796862 0.784072942290332
"mlaC" -0.0467749440067048 8.11293687551705 0.120405378609175 0.728862382241131 0.786627727026659
"clpB" 0.10778859363053 13.0732286956716 0.119973222536834 0.729330151848174 0.786627727026659
"fusA" 0.0924242032296067 13.4762030520551 0.0970281592247734 0.755663104920851 0.813945631630172
"otsA" 0.0650405667224313 9.73319601737327 0.0958792210259761 0.757067969081603 0.814375902996147
"frlA" -0.164607896574369 1.59435039293089 0.0945237446399297 0.758739893554722 0.81509192808929
"tufB" -0.0783826698082532 12.4544693876156 0.0873358302362428 0.767816305645983 0.823749943805624
"dnaK" 0.0990583192520188 14.2029353668517 0.0845138999299888 0.771491593106596 0.826138482188936
"infC" -0.0723159150308075 11.6099391581657 0.084064880333563 0.772082507428425 0.826138482188936
"dinI" -0.133134309666837 4.90091952298709 0.083016576556334 0.773468780115987 0.826529962920778
"pnp" 0.0661900414463689 10.972573330403 0.0815465180225234 0.7754288461915 0.827532760757728
"cysD" 0.158940035624341 9.09404181855195 0.078280724986486 0.779852700632183 0.831158799357985
"pdxB" -0.0397977070528037 7.97950137227773 0.0746887157800078 0.784834971841969 0.834647936958004
"miaA" 0.0644895799750573 11.0499929250377 0.0744381230212058 0.785187318471604 0.834647936958004
"pntA" 0.0469720271637307 9.16067778125728 0.0722066691330794 0.788353366889108 0.836503293392235
"norV" -0.0520705321557963 4.91264504243974 0.0717566723913349 0.788998168088478 0.836503293392235
"yqjC" 0.0515412595676767 9.12136351877396 0.0632420031607864 0.801632372885849 0.848370743009058
"gatB" -0.0804252138934919 6.89317812165965 0.0628168029631366 0.802286406351776 0.848370743009058
"tsf" -0.0549153550259081 10.494067793673 0.0588412650089969 0.808518841668339 0.853846495112588
"secY" -0.0676811366946989 12.6278446185131 0.0555661621166876 0.813822871271615 0.85826694361085
"rpmI" 0.0539051198794592 10.6466930683997 0.0549592182181265 0.814823802020671 0.85826694361085
"crp" 0.0360982303597041 9.20734469982916 0.0505570487679402 0.822264874858346 0.863350295721522
"acrR" -0.0374268026399023 5.83316651010913 0.0504658867018657 0.822422499566356 0.863350295721522
"glgB" -0.0428774518916875 9.79058047263336 0.0502205520670719 0.822847442341994 0.863350295721522
"ugpQ" 0.0354212167744131 6.28763477940484 0.0462330872955869 0.829913080112207 0.869637250829091
"mipA" 0.0552949204027024 8.90751858615598 0.0450202800371825 0.832124960927217 0.870828447481971
"mdtE" 0.0589758908549574 6.82455443278073 0.0442782817640159 0.833493578152628 0.871135223617586
"gstA" -0.0314472525497346 7.75514859052726 0.0390420448711689 0.843512326344505 0.880470340643104
"leuS" -0.0382879790153186 10.3769934380174 0.0351489140106351 0.851423127177635 0.887583954972824
"xylA" -0.0286937777844808 7.2150306580065 0.030431361715989 0.86164427241403 0.897084653798669
"typA" -0.0387480212291332 10.73341481538 0.0280281550431627 0.867166505289481 0.901675056847855
"tolB" -0.0328970264234776 9.73067309102522 0.0260327195978757 0.871939691357777 0.905475833333076
"rimP" -0.0276542159289783 7.36846261200621 0.0254842714785533 0.87328425266932 0.905710940668565
"lpxC" 0.0410351438940191 12.0378236316724 0.0239362827049713 0.87716138520829 0.908568698233651
"lepA" 0.0238250029785531 8.91247207906803 0.0221584751227826 0.88177611100904 0.912182183802455
"yqjA" -0.0173706323199868 7.4669446670316 0.0196097123536236 0.88873577342364 0.91820915366473
"gatD" 0.0427037971608858 8.06550040056598 0.0185394500581318 0.891795352223512 0.920196478090503
"yggC" 0.0204463534905743 5.40233361661313 0.0168525568953263 0.896806427760329 0.92418983013469
"acrF" 0.0357342001080223 4.51928146767049 0.0366278190766698 0.898168930565656 0.924417831967194
"ftsA" 0.017328513379445 8.54611974840422 0.0151562698929919 0.902109877154155 0.926775759450001
"rpoC" -0.0339112395599556 12.7368474354548 0.0149582508636237 0.902748239760557 0.926775759450001
"osmC" 0.0320495791679969 10.3369141374524 0.0120641090528525 0.912619493592709 0.935723784569739
"argG" 0.0284329455999138 8.28510681040626 0.0104739139267983 0.918560185278464 0.938828143113929
"asnS" -0.0234668018684858 9.95502929861601 0.0103509974534178 0.919037801188169 0.938828143113929
"lolB" 0.0125109961829064 7.37495180690177 0.0103288041060344 0.919124342579439 0.938828143113929
"rpsL" -0.0245523285521529 10.9375159122779 0.00969750909092507 0.921626597651192 0.939909260038038
"dcrB" -0.0142501212200211 7.18100817123931 0.00941304318409667 0.922780983223667 0.939909260038038
"glnL" 0.0226874441275546 6.98173605799038 0.00919835422910844 0.923663914802813 0.939909260038038
"cfa" -0.0219718545172334 11.0143310985915 0.0081434770706809 0.928161657834065 0.942600297477634
"pal" 0.0176662055585532 9.6805840130743 0.00803603636030322 0.928635848626113 0.942600297477634
"hslJ" 0.0124165185648437 6.66176456651155 0.00705380046726476 0.933128351706114 0.944873135049374
"ygiW" -0.0248386277436955 10.2797626535856 0.00703696054193164 0.933208034616666 0.944873135049374
"rpsG" -0.0162596024066348 11.3050954221954 0.00381913755584626 0.950767951210758 0.961450737179418
"pabC" -0.0110291334541921 5.46727205297906 0.00363145129998733 0.951991404692249 0.961487578305139
"hdhA" -0.0122289133416279 8.06587522364664 0.0034074894261876 0.953493633721188 0.961805533392481
"mdaB" 0.0127664973156889 6.25111409299633 0.00691164482001361 0.955657145620123 0.962788915363557
"ydiY" 0.0163558191652078 4.74703995946532 0.0014948560732303 0.969187017245326 0.975206812383496
"yqiA" -0.00193358434705663 6.48454198645521 0.000182942127771046 0.989218325656689 0.994127597744315
"ppiB" 0.00203494465147612 8.54897407597488 0.000134825092986201 0.990744109530092 0.994427173134293
"arnC" 0.0199337591960438 4.20408420267739 0.00742941183537806 0.994185640093335 0.995861157192324
"ycgV" 0.00114808466979702 5.28067704997358 0.0000453518530573118 0.994631698973568 0.995861157192324
"elaB" 0.00103628122323443 10.2538979281246 0.0000114751329087158 0.99729964622151 0.99729964622151
