"logFC" "logCPM" "F" "PValue" "FDR"
"fimA" 3.00640600508017 9.02212427040802 207.902506825966 0.0000000000000000000000000000000000289214804727372 0.0000000000000000000000000000000159357357404782
"fes" 3.42364198170854 8.30145449938564 185.921681453446 0.0000000000000000000000000000000118094208023426 0.00000000000000000000000000000325349543104538
"zinT" 9.94383103833612 10.2364945417883 168.250704393377 0.00000000000000000000000000000259891276384245 0.000000000000000000000000000477333644292397
"fecI" 3.04760379053085 7.61043522231998 167.002292400718 0.0000000000000000000000000000038358891947352 0.000000000000000000000000000528393736574774
"betI" 2.41385493007791 5.5155024921843 163.476879873239 0.0000000000000000000000000000115866409319588 0.00000000000000000000000000127684783070186
"fhuE" 3.74768853000822 8.31286551589693 150.054252662147 0.000000000000000000000000000848373326408234 0.0000000000000000000000000779089504751561
"pliG" 4.81234744200069 8.05175618173861 147.708743047584 0.00000000000000000000000000182212893871781 0.000000000000000000000000143427577890502
"nrdE" 3.69194831101014 9.70514577784869 143.281450352811 0.00000000000000000000000000780545111258032 0.00000000000000000000000053760044537897
"znuA" 5.0389446468023 11.2988781423056 141.923035191961 0.0000000000000000000000000122357156251267 0.000000000000000000000000749097701049422
"sufA" 2.60789833885653 7.79271115767457 137.886955588368 0.0000000000000000000000000469417035155834 0.00000000000000000000000258648786370865
"cirA" 5.38487702652903 11.3996633893327 125.318710984199 0.00000000000000000000000337371119397569 0.000000000000000000000168992260716419
"ybiX" 3.17885455476045 7.32986207208382 123.557090224937 0.00000000000000000000000621016106853061 0.00000000000000000000028514989573003
"entH" 3.08064730283118 7.60006989100382 120.970986132712 0.0000000000000000000000152866716233741 0.000000000000000000000647919697267625
"yncE" 3.39837422327583 10.0357078523218 120.397812308903 0.0000000000000000000000186799265652823 0.000000000000000000000735188538390752
"mepM" 2.97834246821118 9.35641204024797 114.453511232632 0.000000000000000000000152065008448035 0.00000000000000000000524043401959712
"entE" 3.45087583513184 9.66532565258843 114.451527108256 0.000000000000000000000152172312728773 0.00000000000000000000524043401959712
"yliE" 3.40288719529822 3.76304656330033 110.405034392008 0.00000000000000000000064639073164754 0.0000000000000000000208899145377182
"entF" 3.85087394188047 10.5465612564922 110.254097287592 0.000000000000000000000682429150052499 0.0000000000000000000208899145377182
"fepA" 4.07648820634759 10.5615814568468 108.458616839422 0.00000000000000000000130340822870155 0.000000000000000000037798838632345
"entB" 3.39549004358428 8.9262476099935 106.914964034448 0.00000000000000000000227918049120316 0.000000000000000000062791422532647
"yqhD" 1.47580655082866 6.36101372572911 101.607304724084 0.0000000000000000000158522717454231 0.000000000000000000415933415796577
"sdhC" -3.45764041635727 7.80450882731109 98.559185724162 0.0000000000000000000489112883025301 0.00000000000000000122500544794064
"sufS" 2.20634995580606 8.80890926493013 88.000319443315 0.00000000000000000261331805258927 0.000000000000000062606010738117
"fepB" 1.72993843242523 7.09692934071175 83.580147180591 0.0000000000000000143270461861324 0.00000000000000032892510202329
"rhlE" -1.69269897817157 6.78746611165176 82.0428883030585 0.0000000000000000260256905823989 0.000000000000000573606220436073
"sufD" 2.12393495087538 9.01889754247011 81.6835538166706 0.0000000000000000299343962859862 0.000000000000000634378936676091
"dcuA" 1.1823362213646 8.05937301599781 80.4021135301086 0.0000000000000000493634979886653 0.00000000000000100738101450943
"ompT" 2.30852626087302 10.0938751808028 79.3023185883877 0.0000000000000000759465975725931 0.00000000000000149452054508924
"mgsA" 1.17813398119959 6.87029461168797 77.296017437541 0.000000000000000167269596340958 0.00000000000000317812233047821
"fiu" 3.44141364632378 10.7747182538849 75.3299275735171 0.000000000000000364305400587352 0.00000000000000669107585745436
"mntH" 2.68019629165563 11.0084851626129 68.5165683982797 0.00000000000000560750465454895 0.0000000000000996688730534346
"sdhA" -2.46867124196847 9.28935952382957 67.4762799191012 0.0000000000000085558809958371 0.00000000000014732157589707
"mqo" -1.61658362209873 9.27673651863698 62.4160903870141 0.000000000000068150227980868 0.00000000000113790229143813
"ilvC" 2.09216252998951 7.72281380183642 56.1661075511265 0.000000000000926903783291989 0.0000000000150212936645261
"fhuA" 1.37148981806051 9.70600824077792 56.0218570913457 0.000000000000985084240915621 0.0000000000155080404784145
"nlpA" 2.69469890006939 6.99025116767395 51.6286780894066 0.00000000000638010535552541 0.0000000000976510569692917
"yigI" -1.41885286453547 5.18346215744806 50.0006991951798 0.0000000000128404221828302 0.000000000191218178992957
"tyrA" 4.14564431176723 10.5283225679257 49.7071852895454 0.0000000000145721987606798 0.000000000211296882029857
"nepI" -1.10478235419194 5.06988248569427 49.1767760695528 0.0000000000183214308668708 0.00000000025884893352938
"aroF" 4.50253265460578 11.2077099628107 48.9718273777742 0.0000000000200184103064838 0.000000000275753601971814
"rbbA" 1.04520619977784 6.95964099224417 48.4660578594302 0.0000000000249162859528645 0.000000000334850574634837
"fhuF" 1.45896751750475 10.0887833412865 48.3414186150975 0.0000000000262986598196441 0.000000000345013370491045
"dtpA" -1.58527803524862 7.78522604053203 48.0480873414643 0.0000000000298650260998919 0.000000000382689055373034
"galM" 0.956829365663007 8.07936206136283 47.6879873221726 0.0000000000349173444401963 0.000000000437260381512458
"livK" 1.3631667881253 6.32027252516774 46.4068491421534 0.000000000060986288389236 0.000000000746743220054867
"pdhR" -1.69184008928204 7.52580863575971 46.2657271740221 0.0000000000648600848014333 0.00000000077691101577369
"yagU" 1.09201292946236 6.02491081930345 43.9407019245148 0.00000000017970424487989 0.00000000210674550912381
"efeO" 1.29257232635053 7.41672743699616 40.1804954073601 0.000000000951230891804832 0.0000000109193379455096
"ybjD" 0.653169037284593 6.71714996030266 36.4668353512525 0.00000000504793906513102 0.0000000567635596915753
"nuoB" -1.09007605442776 7.90886721419685 36.034447017923 0.00000000614018091041337 0.0000000676647936327554
"pntB" 1.00036183815832 8.90973925459889 33.6872751962597 0.0000000178851970275334 0.00000019323026592492
"ypdA" 0.727596291210004 5.60808959301636 32.9980035647159 0.0000000245286174838097 0.000000259909004491907
"cysK" 2.30324313718402 11.619841707278 32.3912238044642 0.0000000324155162213049 0.000000336999045998849
"hchA" 1.30648409249929 8.32566197589892 31.0447348903826 0.000000060328054714384 0.0000006155695953264
"cysA" 2.54694647932554 8.35383490776496 30.8378596251784 0.0000000663896374968181 0.000000665103459286305
"sucD" -1.15827098091767 9.38892051146557 30.5393852035095 0.0000000762352635332468 0.000000750100539407482
"katG" 0.808969420584996 8.50347000632025 29.4258293471037 0.000000127903804592157 0.00000123640344439085
"gpmA" 1.39606912986238 11.5376492342492 27.7762180464016 0.000000276553730649789 0.00000262726044117299
"hisH" 0.882503583340587 6.47203767376986 27.3086435386635 0.000000344465881301817 0.0000032169610270729
"exbB" 1.00210651790149 9.20056947905628 26.764004964919 0.000000445125287923468 0.00000408773389409718
"glnL" -1.02921090806959 6.98082460164645 26.4967265238032 0.000000504916801203442 0.00000456080586005077
"sucB" -1.15956505609139 9.96624162063818 25.8445508935103 0.000000687167359671882 0.00000610692282547108
"menF" -0.810831277404388 7.72476077784679 24.5682473886204 0.00000126684604324625 0.0000110798757115664
"lysU" 0.699590242991614 7.87210295296472 24.4428827569277 0.00000133687520342433 0.0000115096599544813
"add" 0.816337895460541 6.31405966889152 24.1324963929323 0.00000155007323214225 0.0000131398515524674
"sucA" -1.29019684411911 10.631680179409 24.0166825550694 0.00000163815270533473 0.0000136760930399914
"potI" -0.84445945290348 5.40391630628667 23.6060714777055 0.00000199324488960863 0.0000163922079727516
"lpd" -1.14971746301243 11.2467272735226 22.4049098977336 0.00000354650015752868 0.0000286220516859338
"nagA" 0.7241876427504 7.71722867475259 22.3829048833975 0.00000358424966665959 0.0000286220516859338
"glnA" -1.44680359780964 10.5882577589255 22.2690738649247 0.0000037861083733897 0.0000298020816248246
"suhB" -1.20427971389256 7.0267403200989 22.1790674234492 0.00000395382372634232 0.0000306838996227411
"coaA" -0.803088827789993 5.76638168769662 21.8562560564526 0.00000461957342988322 0.000035352568887023
"yfjK" 0.582214337291851 6.1067280440173 20.8771827244908 0.00000741771943526852 0.0000559885398470268
"fdhE" -0.832395475518156 7.36169275220606 20.6889544288029 0.00000812701697095403 0.0000605133290675091
"yidB" 0.832097521958868 5.89506307395988 20.630157899228 0.00000836234402200109 0.0000613835563502539
"acnA" -1.16534646451285 10.4610207045156 20.6046185549971 0.00000846669742762122 0.0000613835563502539
"artI" 0.812706963798061 8.38031316227137 20.5288004297166 0.00000878431067606342 0.0000628591582144278
"katE" -1.13010065607476 10.0543274444577 20.0373798031553 0.0000111565343707424 0.000078617219387554
"yjjY" -0.89047727910786 7.61648490856121 20.016280100229 0.0000112717973350576 0.000078617219387554
"acnB" -1.13531774678724 11.1090782318543 19.6458816404519 0.0000135032571243132 0.000093003683443707
"nfo" 0.652099267713701 6.75488477799117 19.1919971824856 0.0000168571291350518 0.000114670100659426
"ggt" -0.833089738123711 8.10420404543523 18.4243303537904 0.000024563786640258 0.000165056663887587
"hisI" 0.63582392294903 6.96145919662328 17.8759711199054 0.0000321764690418305 0.00021360523424155
"rsmA" -0.533508395244098 8.00213900760947 17.0817592176002 0.0000476458322779398 0.000312533971251724
"hsdR" 0.678917653872558 7.56288132573731 16.9891192282655 0.0000501893172370601 0.000325344868207295
"ybiC" 0.588432225127857 7.41808295887308 16.8226083425761 0.0000541792711776763 0.000347125330452321
"arnA" -0.632255102451355 5.78072775950555 16.7772233311576 0.0000564581025589321 0.000357567982873236
"fdoG" -1.33328570174325 10.6944113604257 16.6091714495833 0.0000602371474207919 0.000377166684418822
"proP" -0.88345976069003 10.3955650189862 16.1746583321933 0.0000747766773028574 0.000462943249369376
"udk" -0.673362506239909 5.95142309951888 15.5121176286532 0.000104100909271628 0.000637328900096301
"xseA" -0.587347794473591 7.51120469463401 15.4229335885475 0.000108853976165056 0.000659104844691712
"ybjP" 0.743679946399333 7.77260873013591 14.9683897073779 0.000136725545317098 0.00081886712467088
"mutS" 0.619029769556659 6.63786029565919 14.9198937338149 0.000140097652170727 0.000830040928452371
"gpmM" 0.600443216390767 9.35216745240363 14.8942372858904 0.000141915618686679 0.000831867084003833
"accA" -0.640389441845379 8.55861919428831 14.8143396165896 0.000147731691210619 0.000856843809021592
"hisG" 0.74324797011758 7.5684229522736 14.3303248560821 0.000188518628488692 0.00108201837809655
"iraP" 0.664579461803496 5.093836857831 14.1242038407804 0.000209196925897037 0.00118832480586874
"ushA" 0.530247334825088 7.70941657507333 13.9429218100115 0.000229279535821056 0.00128911249221839
"insD1" 0.457876423994197 7.65435783470002 13.7052036968642 0.000258612481435639 0.001439348255263
"proA" 0.458607525124384 8.00810169483402 13.6348775585208 0.000268000078322799 0.00147668043155862
"cdd" 0.929125432836486 8.36087021390192 13.6041893544007 0.000272204226908257 0.00148499533689554
"accD" -0.626874517504541 9.03782199991992 13.4689469237896 0.000291544275951809 0.00157491074558281
"iscS" -0.761243668000208 9.80551377610757 13.3750501850813 0.000305786949187378 0.00163581173788588
"oppA" -0.962480564740173 12.5836146449106 13.3520913431895 0.000309375650103613 0.00163909599237587
"nuoG" -0.728622019449817 9.37542486941634 13.3300059752142 0.000312868163414259 0.00164181293372625
"pyrH" -0.691268162710249 8.3978147849708 13.206759621832 0.000333106181184915 0.00173152363993291
"ycfQ" 0.503956520161021 5.70504878336948 13.1334697552288 0.000345766171443608 0.00178053420995727
"gcvT" -0.654160736867579 8.71909874185655 13.0720602348612 0.000356749559014104 0.00182008339830344
"nuoI" -0.69409276427252 6.84865802572438 13.0054267804038 0.000369068588373138 0.00186565864397797
"dapD" 0.611251042761758 8.88843864133434 12.8717170591782 0.000395107938215772 0.00197913158142628
"purM" -0.916447994012594 8.85828679217949 12.7522064201496 0.000419958987111206 0.00208466127836283
"acuI" 0.563471996069128 7.15967864027462 12.5487790268886 0.000465970046751524 0.00229240621214366
"gpp" -0.497742141681585 8.13748968468148 12.3143504979586 0.000525391677942188 0.00256186561545262
"carA" -1.42238029619178 9.65791889610585 12.1745025810474 0.00056445171711807 0.00272818329940401
"rho" -0.663188727354785 9.78626993259582 12.1236000517285 0.000579390944891851 0.00277603835335139
"rluC" -0.644499234522391 6.13120320002306 11.8140306683164 0.000679318252502312 0.00322676169938598
"yjdC" -0.532710246396256 8.22590377886448 11.6137525535714 0.000753144112795668 0.00354685817222575
"yhfK" -0.520854463821079 6.54035837811305 11.3671127677689 0.000855390136212826 0.00399423699197684
"selA" -0.436262234849853 6.3473419131285 11.2457910334216 0.000910761558380065 0.00421705561905392
"aceB" 0.856319548576862 10.5830340684423 10.862119934622 0.00111109823265902 0.00510179271829265
"cysB" 0.89997734976203 6.96997209190334 10.811046663484 0.00114096005964445 0.0051813779042508
"uhpB" -0.655895052010362 4.61499564796128 10.8004827782297 0.00114723793887223 0.0051813779042508
"accC" -0.707539892442892 9.67496856720401 10.7542567111537 0.00117512557106235 0.00526418040370207
"yafK" -0.572286726232727 7.15718534314107 10.6262420285874 0.00125601488070691 0.00558116289733475
"patA" -0.979377152424966 10.8510445945476 10.5534047139801 0.00130454875248419 0.00571586715235037
"ybaY" -0.769159860037428 9.76063205314875 10.5496869124441 0.00130707669908557 0.00571586715235037
"typA" -0.736336545777076 10.7326289493972 10.5336772809898 0.00131801972138655 0.00571833753137
"manA" 0.430131788597683 7.36158585198651 10.2469364090686 0.00153063280206879 0.00658889589015549
"hemA" -0.477336004579736 6.62446312199927 10.1366819364664 0.00162141727971241 0.00692558853582585
"ydhI" -0.577304803829871 3.70471603490809 9.98548496770828 0.00175492055665147 0.00741874394719103
"frr" -0.550422947889497 9.89343060199982 9.97584547171394 0.00176380300740839 0.00741874394719103
"aceE" -0.9004495668116 12.0658812299074 9.84135109963318 0.0018926300269397 0.0079002965518468
"potF" -0.625020247136089 7.63670034322224 9.79810067209097 0.0019360669071286 0.00802084861524704
"mrcA" -0.512435726273879 6.61326296223474 9.59414154970331 0.00215503686899969 0.00886138294640916
"fabF" -0.622525079901808 10.0480581994803 9.49243531667452 0.00227351812444229 0.00927932212272371
"yceM" 0.46011691078719 6.6742720690144 9.45748273487918 0.00231575428023807 0.00938221035596453
"rimJ" 0.413656826633791 6.45735775825774 9.41492853113437 0.00236825974522342 0.00952489868334382
"yibN" -0.385613263473744 7.60615179855641 9.18075229518816 0.00267975805158678 0.0106996136697414
"sspB" -0.440101975797105 7.8053362977271 9.08161307500329 0.0028239633964372 0.0111942721686108
"glnH" -0.504091841446046 8.61985436160796 9.04324047304067 0.00288188699595585 0.0113422838197977
"uvrY" 0.450404846437029 7.35276193018398 9.01922592084809 0.00291875362058989 0.0114059095386172
"aceA" 0.808313158537172 10.4649363173212 8.74812727647728 0.00336998685588669 0.0130764982929124
"putA" -0.71342747956783 9.37646473969519 8.7072695389531 0.00344393645842936 0.0132699929272348
"cspA" -1.03346575858752 7.81166107555337 8.52313128245836 0.0037983948755701 0.0145341359474939
"ybaT" -0.603226513490375 8.39375683682729 8.43586965562648 0.0039792062579083 0.0151209837800515
"potD" 0.518594873173205 8.5971649076434 8.26905043754727 0.00434980184323742 0.0163123553786101
"yaeQ" -0.377237833450159 5.41244465569154 8.26813292219129 0.0043519351010085 0.0163123553786101
"fabH" -0.399905497480983 9.0694903355532 8.0503458115578 0.00488990368973934 0.0182049792773404
"yciA" -0.593000929195895 4.73142344248463 8.00419564383014 0.00501239905482757 0.0185357844242281
"ydgI" -0.579834830314125 5.42099331623129 7.88772742793231 0.00533572995528115 0.0195945120502934
"nuoM" -0.564315990684124 7.97108547765694 7.87587180373295 0.00536982090670472 0.0195945120502934
"ybcI" -0.628572052419546 2.67905392326169 7.85081627549801 0.0054426055564513 0.019729445142136
"ubiB" -0.355973072468506 7.02932321149193 7.83579940418506 0.00548671303849552 0.0197593391124904
"livJ" 0.528842803376117 7.55980514058609 7.75795971009677 0.00572129454963456 0.0204703460834327
"lptC" -0.390353194895732 7.45643954539499 7.61486678114974 0.00617975787009988 0.0219680424930647
"plsY" -0.376527175728014 5.2696434988629 7.38562426807371 0.0069944048276927 0.0247045965388377
"trmA" -0.424956186300256 7.91400765713114 7.27265119616494 0.00743570990241762 0.026096026472816
"cpxR" 0.328391317333449 7.96041300793689 7.25636230471979 0.00750166160780822 0.0261608578854578
"glyQ" 0.423317330774661 8.86654165410858 7.23987009224509 0.00756904980266385 0.0262298518318728
"hupB" 0.566519747538642 8.67557178778327 7.22005413668162 0.00765084347549368 0.0263475922187314
"insI1" 0.349872585308136 6.60531133713871 7.17902919172305 0.00782308399914834 0.0267734116989487
"fur" -0.445333487629984 8.1878946466638 7.13002087093299 0.0080340845361704 0.0273258060458635
"sspA" -0.398762297500717 9.13260247948785 7.05791830076863 0.0083552207254014 0.0281821057836996
"dppF" -0.589938096696736 6.70593112101068 7.0474533042769 0.00840291713828505 0.0281821057836996
"rlpA" -0.352222816752533 8.15236374576127 7.03951434552587 0.00843928757588102 0.0281821057836996
"arcA" -0.620983299503453 10.0230463418655 6.97719821295766 0.00873046502263888 0.0289788326956267
"greA" -0.405073375498704 6.57186439322458 6.91977060510111 0.00900796411346817 0.0297208875839579
"murD" 0.33832334921067 7.74982968376896 6.76034405585283 0.00982699120442376 0.0322301913906994
"argC" 0.89405722497387 6.62434876579757 6.52145079871671 0.0112007529258109 0.0365184311368155
"tldD" -0.335044082086481 8.85936122862785 6.49248238576034 0.0113803180693906 0.036855312049029
"rhlB" -0.360522782163966 9.24518181101249 6.48329992563684 0.0114378554634917 0.036855312049029
"yhcG" -0.491682837859845 3.45287348446317 6.37010305052023 0.0121723507872482 0.038993984207987
"rplU" -0.591310439771159 10.1994486908853 6.34942850747134 0.0123116804158306 0.0392123462955067
"cstA" 0.684152746727053 9.13160234689829 6.08890894905606 0.0142156998803287 0.0448728206227767
"Sensor_TetR" -1.51679415524069 9.23128389823034 6.10103545474586 0.0142518032830961 0.0448728206227767
"hemL" 0.351094596934044 8.53754850197561 5.99546963568602 0.0149707768993858 0.0468687390429634
"msbA" -0.368115031922451 7.82106088600421 5.93426484269843 0.0154877912715595 0.0480308654685712
"aspA" 0.787988034747004 9.85176519862408 5.93094912359091 0.0155163231459268 0.0480308654685712
"ybgI" 0.367154504509207 7.54773272701072 5.84920500280038 0.0162372419906829 0.0499816778595881
"glyS" 0.474434211422023 9.81736987076569 5.82908925610838 0.0164199169474625 0.0502400161418626
"sbmC" -0.426713377555625 7.33227162492565 5.81995972325942 0.0165035261736427 0.0502400161418626
"fkpA" -0.349230208197817 8.88620690704472 5.77593161003634 0.0169129873913925 0.0512036046849299
"ugpB" -0.657733990037327 7.7488322015938 5.74505774458097 0.0172063926536323 0.0518072259680404
"thiH" -0.347335443134412 5.41061367623449 5.61257609546014 0.0185267031753539 0.0554794209218477
"ygfI" -0.538048856336696 3.44551539922327 5.59394760196786 0.0187206266810693 0.0557571097365902
"tig" -0.540696869261819 10.7450479692266 5.5829542385371 0.01883605697289 0.055799287054099
"nuoN" -0.434378247203769 7.99926951013211 5.56340897569623 0.0190431129666538 0.0561109906129747
"uspA" 0.550631044292212 10.3192329268148 5.44115334027382 0.0203931175898275 0.0597691903829519
"cysQ" 0.429370213894911 8.33015567859229 5.36722812703922 0.021257416508634 0.0619726798743774
"Sensor_LacI" -0.741664943688406 10.8571721317804 5.29375880356326 0.0223153402465971 0.0647144867151317
"pgi" 0.50239165744507 10.466382299438 5.17424294080355 0.0236983943315834 0.0683655250089135
"yidC" -0.510031655189943 9.3179486423809 5.08262156331267 0.0249579738094728 0.0716241852553101
"pyrI" -0.730684328059911 9.29239640767202 5.0459889849367 0.0254809740316923 0.0727462004738988
"ygjV" -0.414314207051448 3.39699619388721 5.03548597482981 0.0256330273989401 0.0728030829732784
"rnr" 0.347155094560343 9.39490487250691 4.98631948832748 0.0263575316961372 0.074476922895239
"nudK" -0.339490067959257 5.5073616107204 4.84944496902127 0.0284895264472991 0.0800904544513357
"mltF" -0.40809455520724 4.35299057889045 4.82911024801858 0.0288213497674986 0.0806119985882828
"gadB" -0.774605583610836 11.1333578935066 4.80302588412857 0.0292529337608027 0.0814058914252642
"nlpI" -0.445478386671403 10.147114511483 4.78510126161756 0.0295534306275666 0.0818288456069809
"recQ" -0.37007044168895 6.51231808955214 4.75311490178963 0.0300977305875154 0.0829192477686049
"folE" -0.400303513041243 8.28538053789341 4.72527148187496 0.0305800881085348 0.083828997750262
"yehE" 0.505543864247816 5.51009409011128 4.58995979026102 0.0330424592739851 0.0901306686136921
"yfiF" -0.288653969925014 7.36120317762605 4.56290885497321 0.0335592266819085 0.0910893295651802
"pnp" -0.485603681937228 10.9716550869479 4.5450248219974 0.0339055329045047 0.0915781795606965
"rpmB" -0.515973644386075 10.4978752285568 4.49975860437203 0.0347989645970653 0.093328957315941
"rplM" -0.518541833071546 10.8611877140826 4.49509062786568 0.0348924958386277 0.093328957315941
"gadC" -0.741756282115303 10.4848921240852 4.48179993885608 0.0351602498317431 0.0935908099386012
"pepQ" 0.271764158400048 8.19735843562199 4.45503338896103 0.0357060712694552 0.0945867561032204
"nadE" 0.315911273024744 8.46831385686451 4.41425222713864 0.0365548899578554 0.0963719826161643
"folD" -0.358601604063952 7.44503517070949 4.35996348030291 0.037717971178623 0.098964771997244
"mlaF" -0.261648755664965 7.51590947662317 4.34003810789627 0.0381545803706739 0.0996358947120442
"cycA" -0.456514598070279 8.37067698978165 4.31115606555517 0.0387969347464113 0.100835429458833
"gyrA" -0.442200699354358 10.3622648426092 4.28527439444775 0.0393822527811853 0.101499704689173
"emrA" -0.343838407302132 6.40781304803515 4.28357813180619 0.0394209379373559 0.101499704689173
"wrbA" 0.531274714281269 9.87020873350603 4.24874785391675 0.0402242119246306 0.102935461390598
"nirC" 0.578878838008627 2.36641886673535 4.24326632303958 0.0403521953908696 0.102935461390598
"hslO" -0.346997762658976 8.92968259226332 4.1123802807515 0.0435394843916728 0.11055417465351
"Circuit_PhlF" -0.614570047813028 11.0228977412445 4.15644652167478 0.0439755582590204 0.111149232113396
"yeaV" 0.530130027561257 2.01531112775634 4.02808057381281 0.0457325276039899 0.115062204154331
"aroA" 0.37061532068341 8.23454068007458 4.01818085671339 0.0459976425939626 0.115203186678515
"wecA" -0.311769676242445 6.96277677566815 3.94496592629771 0.0480096617707501 0.11927754627445
"sseA" 0.350523360193046 7.65645714585034 3.94326934342375 0.0480573779907947 0.11927754627445
"tomB" 0.351952572975868 6.81670556367852 3.92518941435443 0.0485690123464571 0.120006842165461
"pykA" -0.332276994282668 9.28655412037439 3.91002958959526 0.0490024699199109 0.12029529575265
"yceD" -0.446476182304126 10.5047051976087 3.90586033173826 0.0491223984470893 0.12029529575265
"ahpC" 0.460814535224397 11.1111873964552 3.83881761586096 0.0510943147114856 0.124570652239064
"infC" -0.485504159651832 11.6090729466271 3.79311415009249 0.0524867270240244 0.127104825209903
"cfa" -0.486653351450846 11.0133086088578 3.78961126714786 0.0525951000868565 0.127104825209903
"cdh" 0.522052029038891 4.13336965144204 3.76898838643933 0.0532379852112388 0.128096636905644
"purA" 0.460000732211765 11.0411458773818 3.73270358731819 0.0543895115610215 0.13029835160923
"amn" 0.287536599335755 8.00937616168201 3.72435005867965 0.054658357831713 0.130375563486034
"ytjA" -0.466831596254145 8.66918466368601 3.70359294216282 0.0553325487475832 0.13141480327551
"bdcR" 0.293131691786515 4.19058224711215 3.68030359372313 0.0560995591366567 0.13266462267939
"evgA" 0.361355980574641 5.80659546102595 3.65318193272024 0.0570071074003556 0.133787121863175
"prs" -0.401462692594287 9.43132687545894 3.64663424318912 0.0572285472838344 0.133787121863175
"sodA" -0.439428811355384 11.1904136654702 3.64256853410533 0.0573665098085027 0.133787121863175
"hpf" 0.299943511097916 8.36279761584811 3.63650586928392 0.0575728955464205 0.133787121863175
"gadA" -0.640696128612415 10.9016876582524 3.63020395188394 0.0577882667938943 0.133787121863175
"rpsA" -0.560673689638296 12.874951676674 3.60405315425303 0.0586912240215737 0.135309056217101
"fpr" 0.269008853055789 6.63709369727993 3.53159500079847 0.0612728465996536 0.140649664878544
"rpsB" -0.496886553687244 11.8876485354061 3.52487730940458 0.0615182744750074 0.140649664878544
"kgtP" -0.443402326598327 10.594087888242 3.40104713068994 0.0662362642935349 0.150810667874949
"phoP" 0.241334825908602 7.88719847427408 3.36957933849178 0.0674961102509029 0.153046735589496
"pheT" 0.44589369994003 10.7969116377582 3.34692152651071 0.0684191796878338 0.154010459690721
"mltA" -0.280697340857914 6.63788143503981 3.34543653150157 0.0684801499532242 0.154010459690721
"rpsI" -0.46188294086927 10.5841919117789 3.28294410555732 0.0710997019448997 0.15925177142943
"rplN" -0.44834937231879 11.0833426225298 3.2289682052755 0.0734492369322588 0.163848297771962
"ihfB" 0.343007431867416 8.97633840587791 3.19876337347008 0.0748004781252155 0.165006491104761
"ettA" 0.269549443980789 9.20440362873935 3.19663167950022 0.074896850287405 0.165006491104761
"rpsF" -0.451116732060539 10.800302408766 3.19416934553513 0.0750083373791831 0.165006491104761
"ddpC" -0.422681931597005 2.85246916152139 3.19068738249368 0.0751662963108803 0.165006491104761
"gadE" -0.497415126867891 6.87769518932266 3.12882274970527 0.0780335664234368 0.170621012298864
"rpoS" -0.466369725499179 12.4359010878987 3.0923646114207 0.0797785728270567 0.173747010386198
"leuC" 0.359155006739255 7.57584395884065 3.01202507625898 0.0837875497561227 0.181256986487868
"kdsD" -0.184927108941331 7.06529954922202 3.00987792363158 0.0838848122584508 0.181256986487868
"pheS" 0.490883425998286 8.34435941633062 2.98038829615041 0.0854080491177058 0.183281746854846
"gcvP" -0.348712470347638 9.68672904276685 2.97887293801063 0.0854871305656905 0.183281746854846
"ompA" -0.565549088987139 14.5752918106305 2.96704709506303 0.0861070246743041 0.183781624113309
"gyrB" -0.277159562704964 9.53668434112956 2.96172928036173 0.0863873695922812 0.183781624113309
"narX" 0.2061728287575 6.07913687092651 2.95064676007577 0.0869748162170627 0.18431970667539
"dppA" 0.456533239587471 10.4918138111767 2.93356421680625 0.0878888395541619 0.185543105725453
"yhbJ" -0.233976327817543 8.29661964549872 2.89848799335201 0.0897986188384944 0.188851293816834
"asd" 0.374906660618478 10.1128305494333 2.88185634909643 0.0907199295417108 0.190063426530352
"luxS" 0.285937466828235 9.10746998002454 2.85221877027759 0.0923873836694068 0.1928236681888
"lpoA" 0.201281375455735 7.72217528442426 2.84032366055599 0.0930660095364612 0.192956531012568
"yicL" 0.363982188845619 4.95069777431419 2.83883313255332 0.0931514287646881 0.192956531012568
"aroH" -0.536043154527959 8.38488939380225 2.81410686608993 0.0945810206569754 0.195184053865144
"rplL" -0.397479206195634 11.0632863960597 2.7429837098915 0.0988287724109523 0.203189005964309
"ppiB" 0.265661448174188 8.54824272974701 2.72839198352587 0.0997258530383022 0.204271171093325
"yhcB" 0.246529176326208 8.13377785259085 2.71983791602526 0.100255899547546 0.204596298706287
"rimM" -0.396726554515325 10.8666131257529 2.70558491175479 0.101145962532701 0.205651016072022
"hemB" 0.209593995681091 7.28647167950682 2.69567742610585 0.101769773365717 0.205657486767606
"rsmF" -0.269857443841188 5.40919318768322 2.69368658870658 0.101895633189758 0.205657486767606
"cyoC" 0.331718093084199 8.75050495524236 2.65840618244167 0.104154683701311 0.209449747151176
"yhiJ" 0.437541518583417 2.61622658513438 2.63777906800197 0.105500967660402 0.211385575203206
"rplC" -0.486112460661791 11.6757012054704 2.57865914995646 0.109467075630427 0.218537531421614
"rpmI" -0.36663513432891 10.6458867850732 2.55985406456574 0.110762926509919 0.220326254537781
"fabG" -0.316183480860484 10.3895444121404 2.53062897161446 0.112810621930576 0.223592275840818
"argG" 0.409189346861633 8.28456487755896 2.49913191762281 0.115064565295992 0.227242206014665
"rpsJ" -0.462066777614133 10.843349067979 2.48453473483638 0.11612604256479 0.228519462332855
"ptsP" -0.232767006478567 8.85433638864961 2.43545877077048 0.119775277774077 0.23486184360682
"yedR" 0.301895853053319 5.53385707043931 2.40267780660219 0.122283842758563 0.238569440355293
"araC" 0.414590541440829 9.52225632116208 2.39980927396588 0.12253203560898 0.238569440355293
"hldD" 0.20178525246816 8.82792099984205 2.38268519451281 0.123842491797726 0.240271876692067
"alaC" -0.248113384489761 7.77501238891747 2.30160335296897 0.130395257103536 0.251956850212778
"slt" 0.210238943746673 7.99112547175152 2.29698780151132 0.130779780691206 0.251956850212778
"chaA" 0.273990725551294 7.027539090031 2.27887331226501 0.132301242878805 0.253999947129692
"gltB" -0.39656492289426 11.2473478016384 2.27089777657589 0.132977408659471 0.254411639483919
"nlpD" -0.387414591783234 11.6361628757181 2.24591271702847 0.135120896546519 0.257618041512568
"panC" 0.248441269118833 8.24455902582269 2.23679060522367 0.135913146633016 0.25823497860273
"ybjG" -0.223220002888725 5.48509125884591 2.20687743590895 0.138548003315232 0.262336597342587
"rpsP" -0.32014380643334 9.36917475452419 2.16982698260344 0.141891721094931 0.267083336608922
"fbaA" -0.371962576518888 11.322962915431 2.16837773811098 0.1420243514091 0.267083336608922
"rseP" -0.199622285301299 8.75434269273905 2.11582492554506 0.146929904599004 0.274519955109265
"htpG" 0.42659872566975 11.6873827077692 2.11250665073916 0.147246033372257 0.274519955109265
"sra" -0.567278737717273 9.84442908002572 2.11012386458561 0.147473514904433 0.274519955109265
"ptsI" -0.386481240863107 11.6542770766604 2.06826533123392 0.151535490491793 0.281131499195212
"adhE" 0.439379729933744 12.1620349876854 2.06137256822286 0.152216490590983 0.281447269515542
"ygaU" 0.38252742367556 9.85624347552643 2.04274802513336 0.154074076418485 0.283929150858145
"leuA" 0.322743267058267 7.22636424080934 2.00411711034073 0.158010085621098 0.290211857257416
"yoaB" 0.247799669752662 6.36316636518105 1.97694064637272 0.160847899409998 0.294442500248867
"acrR" -0.194755027851987 5.83231388306742 1.96711498194608 0.16188824048054 0.295365630810521
"dgt" 0.185228418306758 6.09832266026608 1.95361388659617 0.16333034192677 0.297013262051652
"opgH" 0.216820340567482 8.88907476116474 1.92892393318896 0.166005875131567 0.299639888794956
"dadX" -0.297193863113196 9.31880930036508 1.92826107338796 0.166078397151938 0.299639888794956
"dps" -0.521003604223155 13.313469794008 1.92526923250923 0.166406181436037 0.299639888794956
"speA" -0.282223453603091 10.2011408958282 1.8906090999822 0.17025831965973 0.305577635610785
"malP" -0.236579068045578 8.60332646252263 1.8855036550481 0.170834380277865 0.305616050432155
"lpp" 0.544448706594921 11.8934325065968 1.88059032609387 0.171390888499235 0.305619351336824
"topB" -0.192963614515389 7.66973208143826 1.85929510511375 0.173827220710721 0.308963866489056
"yhjG" -0.281359299966893 8.47751782860751 1.84727935169034 0.175219574026266 0.310437251731423
"yddH" 0.309653544506499 4.77303940549484 1.83462611944082 0.176699773886328 0.312056331446689
"yfhM" 0.205643587018352 9.06232322739641 1.82061463465799 0.178355803816867 0.312082614688639
"nusA" -0.245772286814756 9.44369788115246 1.81662444655709 0.17883069672715 0.312082614688639
"ghrB" 0.249140469209682 8.12200142163257 1.81538091504668 0.178978995704862 0.312082614688639
"osmY" -0.358547972227286 11.2088446538493 1.81537057755965 0.178980229113629 0.312082614688639
"Sensor_AraC" -0.607450592223378 12.1836650355637 1.77299738721572 0.184373739020115 0.320472965930862
"nrdD" 0.252241240978192 9.33593203752384 1.73784187527746 0.188515218482444 0.326641149005744
"cyoA" -0.311488321001651 9.98176453347347 1.72335965905825 0.190361389229611 0.328806035942055
"rplX" -0.338201843147615 10.7977557295864 1.71346895520218 0.191634412218151 0.329970503538128
"yjeI" 0.189424493781439 7.03810566485743 1.68939753899181 0.194774574285129 0.332759569930441
"rplE" -0.362070609485382 11.5998336973904 1.686270731398 0.195186891470916 0.332759569930441
"sdaC" -0.330415079180218 7.80256655575637 1.68295353771359 0.195625436256994 0.332759569930441
"yigE" 0.301559324351875 2.57025950307437 1.93230074074755 0.195669874151475 0.332759569930441
"eno" 0.357546971429658 12.1270162742292 1.66940999590451 0.197428011619634 0.334716413545902
"hdeA" -0.400053851426779 10.704896511562 1.64842314354535 0.200260059726578 0.33847635861762
"gltD" -0.289894521807508 9.74179268499248 1.6292506755994 0.202889266178224 0.341871515792665
"trxB" 0.211494743687192 8.01597752467224 1.61670412897754 0.204631936798933 0.343756698707963
"rplI" -0.295372103114798 10.2651037721696 1.60961872413706 0.205623906006025 0.344373167809483
"acpP" -0.276790750821447 10.705822562378 1.58514748989804 0.209094077711154 0.349123747935897
"tsf" -0.27370865920435 10.4932450487474 1.57986655820443 0.209852047481241 0.349330749734633
"rpoA" -0.352122049669062 12.6226791747665 1.56009734679334 0.212718706241025 0.353036166080738
"leuD" 0.209598810402844 6.44487820146191 1.52718537959163 0.217619246127569 0.360084698547419
"mukB" 0.198709214671938 9.20765623398955 1.49317093121541 0.222777013702059 0.367515372903696
"rplD" -0.376673877488603 11.1568368777263 1.47238048046183 0.226017137535237 0.371747590393778
"metE" -0.484205528110884 10.5576583736958 1.43206255872601 0.232464191553703 0.381213599839554
"ftsH" -0.303259642955384 11.6493592009293 1.41054642773585 0.235995887484049 0.384807188326093
"rpsC" -0.33312546607907 11.4796896090037 1.41020579098356 0.236052322421451 0.384807188326093
"rplA" -0.331147971264808 11.49640978633 1.39855757919544 0.237992059468801 0.385666395474759
"rplJ" -0.302183662234975 12.0299952427045 1.39718060499202 0.23822264309952 0.385666395474759
"rpsH" -0.297841084555069 10.5322500826703 1.38857325219489 0.239670190951198 0.385666395474759
"rplB" -0.338009565870758 11.7399732027728 1.38845845279943 0.239689569809717 0.385666395474759
"ubiD" 0.139885130145526 8.21673236104164 1.38615340664629 0.240079081030567 0.385666395474759
"trmD" -0.311531526602401 11.1038534996549 1.36647031111999 0.243436862620853 0.38936058053771
"sodC" -0.292340384854149 8.64858704191777 1.36044109309724 0.244476877269916 0.38936058053771
"rpsK" -0.2833498789076 11.1981644951877 1.36031515773956 0.24449865855907 0.38936058053771
"hyfF" 0.222562213118158 3.46600447462468 1.35003956695141 0.246283930082233 0.39107332990003
"ptsH" -0.241256672797579 9.79630227321608 1.31016326030907 0.253365584822656 0.401162175969206
"hemE" -0.158255218720617 7.59322794956987 1.28150869065551 0.258610024718161 0.408292617821509
"glyA" -0.32125208824765 11.0260575420038 1.27710607128745 0.259427686309349 0.408413300447004
"lptD" -0.198037246828435 10.3273686768198 1.22906738667769 0.268562199091482 0.421589093160703
"gatZ" -0.397978281676177 12.0815932180844 1.22086115702249 0.270162576906915 0.422896533737813
"rplF" -0.282747882799878 11.2310204047418 1.21647805458303 0.271022271027747 0.423040428714699
"rpsD" -0.273049701729256 11.829757796714 1.20695320923927 0.27290233782466 0.424771717913525
"clpB" 0.359680531774214 13.0725853330631 1.196160015869 0.275052634872383 0.426912681168121
"secY" -0.312062986965601 12.6271321336446 1.18348181720223 0.277605835390892 0.428960966236556
"tolA" -0.138382226519582 7.4160075091982 1.18188594559996 0.277929337470872 0.428960966236556
"yhhX" 0.124534504115963 7.59209051600474 1.173962653717 0.27954256123805 0.430245673860797
"ppc" -0.256860909817777 10.4843340871176 1.15410744495435 0.283637624691382 0.435332398899586
"infB" -0.244587732676637 10.7304517502325 1.11093811085495 0.292808155522865 0.444796202134204
"rplQ" -0.254965101472762 10.5828792203322 1.1107194661458 0.292855560465332 0.444796202134204
"mscS" -0.211246088062072 9.28141506573226 1.11053059583439 0.292896517868158 0.444796202134204
"ysgA" 0.20736873228785 8.32433659287928 1.10990282057647 0.293032706669176 0.444796202134204
"yfgF" -0.217123339262505 3.25133922166497 1.10573848836935 0.2939381728051 0.444944871471457
"ydcH" 0.297840627399138 6.4702213844543 1.09717816923461 0.295810793729495 0.445584901065514
"aspC" 0.234730062493496 9.49170902884464 1.09641559249806 0.295978355335713 0.445584901065514
"icd" -0.304060409490407 11.6263862887261 1.08873414274515 0.297673042550814 0.446915112930513
"rcsD" -0.144509444635139 8.01572347593163 1.07170169330607 0.30147565015442 0.451394247921428
"ppa" -0.192238564599267 9.76340088014599 1.02949559498199 0.311173720467951 0.464652357663525
"btuE" -0.169574907679715 7.76000617572523 1.0143865529094 0.314744271960538 0.468713767162856
"mioC" -0.159584883963893 7.320451072378 1.00519555391213 0.316942600946258 0.470715291432313
"fadJ" -0.24182821874318 6.97410142397363 0.993183046105825 0.319846351368551 0.47375091291417
"ycjF" 0.175032230829898 7.61995050068922 0.981484701886456 0.322707999036245 0.476611499035917
"rpsM" -0.24789242114645 11.2297087694181 0.976404325976449 0.32396131153394 0.476611499035917
"rpsN" -0.259876581750468 10.9399533516979 0.974742747569574 0.324372617311196 0.476611499035917
"rpsR" -0.220429528635726 9.40075222259048 0.96793337442121 0.32606546135467 0.477824652144743
"serA" -0.247085496599694 10.7726924551318 0.948721933134364 0.33090532141177 0.483630854371048
"ychF" -0.158027452199734 7.49456729122053 0.930822337520969 0.335501434220823 0.489051032422416
"recC" -0.114843874661753 7.63916714069232 0.911667161079934 0.34051542176824 0.49370424725145
"murE" 0.134663687954673 8.1081816888094 0.910935003975774 0.340709066958391 0.49370424725145
"yqjK" -0.197352188607413 7.82765504003564 0.908396183305633 0.341381702727409 0.49370424725145
"ndh" 0.219862955585419 8.02310121979647 0.893205186116883 0.345444203282971 0.498271612588789
"KanR" -0.594719264899842 13.0663158287433 0.877815814907417 0.349921857631812 0.503412385261432
"gmr" 0.15758778187223 7.14510273973756 0.870289139901964 0.35169791618277 0.504649874522672
"yhdP" 0.109315832769167 7.5558912361365 0.849061309591848 0.357629926921169 0.511828804502764
"rplO" -0.249549904004127 11.2722017209798 0.842951656033161 0.359362729909909 0.512421801741051
"ppk" -0.129550639909399 8.74393102379799 0.841050683366876 0.359904241876201 0.512421801741051
"rpoB" -0.25479395986723 12.855774191466 0.816137856665585 0.367106610658533 0.521329233177453
"valS" 0.171561800104411 10.0849320495889 0.808458435019225 0.369367166936987 0.523191025661388
"rplV" -0.250323341855326 10.4424860997845 0.780188620526961 0.37785902123705 0.533846976157986
"sgcX" 0.300003313468683 6.55800825040384 0.773666599477883 0.379857144749974 0.535297408586281
"rpsL" -0.214383229450156 10.9366613270201 0.76784985643631 0.381651843884908 0.536454505052511
"rpsE" -0.231241699839098 11.1190109806555 0.752215266769454 0.386535901009368 0.541937102941887
"metI" 0.189963424609395 5.91915443603186 0.748481282463523 0.38771553419078 0.542211318119593
"rpoC" -0.235568321185993 12.7360922907914 0.726245470582958 0.394848341938898 0.550728242961345
"dkgA" -0.211200133704016 9.05244572439349 0.722938922643814 0.395925134505078 0.550728242961345
"groL" 0.293802129367144 12.7558969656745 0.72024918109882 0.396804196834218 0.550728242961345
"bamE" -0.153453948489804 7.3817525041557 0.714103844450971 0.398823259563044 0.552139738741802
"trpD" 0.497631439811729 10.8881827634614 0.708622346528372 0.40063682868506 0.553260382469845
"rplP" -0.213763051131575 10.756259205957 0.68579028128032 0.408321846355543 0.561380246688152
"rfbD" -0.135744689029999 7.54412287088798 0.685109176613474 0.408554408206804 0.561380246688152
"Actuator_YFP" -0.425017372930087 15.8090597810479 0.675229756258205 0.41220512905618 0.564987627139192
"selB" -0.131231750986906 6.79096220527504 0.666404831495908 0.415018142839142 0.567431753608851
"polA" 0.10117882696808 8.72552247917213 0.660406963928908 0.417122957285784 0.568897894714027
"trpA" 0.361365133962236 10.2743433776474 0.616881622433777 0.432888171351513 0.587624451892485
"dld" 0.14195071476597 8.62747832387909 0.616617860403613 0.432986438236568 0.587624451892485
"sbcD" -0.0975343538324089 5.70379677765252 0.597515852625744 0.440194795345971 0.595939391242334
"rpsS" -0.213545850806974 10.1890604098095 0.593404063149797 0.441770535593031 0.596606777234706
"hflC" 0.115346379996953 9.02986745557176 0.582040315261239 0.446171065697002 0.601076423469555
"ftsZ" 0.148181272184961 9.86168336331308 0.579075004934052 0.447330558118294 0.601168628105317
"ytfP" -0.11468766408713 6.69395551027699 0.557092265450253 0.456075133705792 0.611429193848885
"rpmJ" -0.157589500998365 9.65380412593088 0.537228346742025 0.464211255865963 0.620826218403266
"maeA" -0.103524931853963 8.47308059871773 0.531964542008156 0.466406106757812 0.622251246546137
"insH1" 0.141862960378008 9.83979270180464 0.526079705275147 0.468879703044409 0.624040377723356
"trpB" 0.339809316227151 10.8032971209893 0.522435635516314 0.470422044366166 0.624584449266886
"bamA" -0.142042058444751 10.5661938666342 0.51566204056615 0.473310839568026 0.626436930614686
"thyA" -0.100906443802347 7.20767935395536 0.513843973074237 0.47409110719841 0.626436930614686
"clpX" -0.168001167433203 11.1463380483162 0.499904964694318 0.480143720768952 0.6329167228318
"yafJ" -0.0934423327838396 6.94244566853629 0.473889303701979 0.491786679184835 0.646717088856429
"trpC" 0.345926616979306 10.376252518783 0.46468092525568 0.496021122687263 0.649322772937409
"clpA" -0.179280998806941 11.3813118053659 0.463584561922709 0.496529374369205 0.649322772937409
"wbbI" 0.134960958796094 6.54014961883803 0.461918386944106 0.497303466750611 0.649322772937409
"minC" -0.0815029865640391 7.59746309592426 0.420685639173519 0.51713921009636 0.673625779581783
"ycgB" -0.193193696796108 10.4073751509432 0.414227459655907 0.520370756765375 0.676236525890853
"hisS" -0.103347958203349 8.84664418396731 0.40735215938958 0.523850436505437 0.67915668356352
"trpE" 0.373326492282774 11.0356427328819 0.390277548964995 0.532674250349366 0.688784277023085
"rpmE" -0.20834037192611 8.82917029555602 0.388180240329901 0.533776563137672 0.688784277023085
"poxB" -0.164122914764284 10.1071369505159 0.381635549072048 0.537243139701866 0.691637780317122
"acrA" -0.0837893817027642 8.71292710675437 0.36408532224051 0.546746024768643 0.702230908269283
"gpr" 0.175744601120212 7.77874971330265 0.338701809057039 0.561058821723933 0.718716580207209
"atpG" 0.129132942855324 10.1912819187676 0.336747621975568 0.562190283247381 0.718716580207209
"gnd" -0.138413158622825 10.9676088191357 0.331919627968203 0.56500459959802 0.720571150408888
"secF" 0.088888374519313 8.23151486090739 0.329786966848415 0.56625645758085 0.720571150408888
"ygiC" -0.069725577393741 8.21862550711891 0.311456466165554 0.577244257573991 0.731541231436412
"ftsA" 0.0728354512756144 8.54525867678346 0.310984788725519 0.57753255113401 0.731541231436412
"pflB" 0.153825450143327 12.4095728683016 0.305781993898314 0.580731723415814 0.733080155697776
"glgX" -0.0949752010355046 9.02149062882356 0.30468886582341 0.581408399346512 0.733080155697776
"dsbD" 0.087535935475882 6.62664558021458 0.296975882746295 0.586228505050342 0.737470105668352
"pgk" 0.134680244016173 11.111683495768 0.28159075846349 0.596090981962475 0.74816886346543
"pfkB" 0.0924660468135279 8.32416440066568 0.277402139305386 0.598835821452627 0.749905767319086
"gapA" 0.150896062758329 13.2296152799473 0.26012322723287 0.610446750999369 0.762712380500345
"glmS" 0.085733206853614 9.57017609050773 0.256014361226022 0.613279148827629 0.763133348319139
"gatY" 0.17522057728538 12.3954851008088 0.255618304996416 0.613553672060579 0.763133348319139
"ompX" -0.146888227199797 12.6156455249984 0.251413194641533 0.616485015135914 0.765052349864614
"elaB" -0.154119377850378 10.2529888696121 0.247272550723308 0.619401567197074 0.766944412417051
"osmC" 0.146679816321055 10.3358637077497 0.244603832573407 0.621297525783029 0.767567122660199
"ispG" -0.0575400364290915 8.93269567669719 0.237731860572054 0.626239615813504 0.771941897792484
"clpP" -0.0921492504792029 10.0870450245877 0.229900218602952 0.631980917860016 0.776783997502809
"mtn" -0.0712319213856861 7.93041558510395 0.228544020010191 0.632987322828968 0.776783997502809
"cyoE" 0.0971448559693507 9.74665578045011 0.217738216756584 0.641140103587289 0.785040437947992
"osmF" -0.0899460919657759 7.63868448970635 0.210490435587181 0.646747578755907 0.79015058956653
"tufA" -0.122485868455293 12.9667544594787 0.206782702077218 0.649661503156461 0.791954619998252
"rlmB" 0.05655110382022 6.50113034084547 0.196055901753578 0.658273337458364 0.800681255937215
"maeB" -0.0772787213616043 9.07989984044 0.187963423248804 0.664958755816346 0.807031441530412
"rob" 0.0607404603707753 8.80148234946737 0.180458165488707 0.671313721879752 0.811948571974853
"diaA" 0.0568248285614953 5.87142942924851 0.179708007776367 0.671957438875741 0.811948571974853
"yeaD" -0.0680995242462501 7.23282053201928 0.177183516185567 0.674135444913313 0.812797877783885
"ydgH" 0.0686150354631394 7.75208188190524 0.171786389125952 0.678853860110465 0.816699731268267
"fnr" 0.0672688239361204 9.42577198967932 0.166337617970293 0.683706414360564 0.820302391375019
"aspS" -0.0718592827465548 9.61823749752251 0.165095070080801 0.684825952872067 0.820302391375019
"csrA" 0.090647318454204 9.91755145657763 0.159391217419462 0.690029123707876 0.824330279250272
"hns" 0.0853512913023844 10.6011926153149 0.158144500503558 0.691180742311481 0.824330279250272
"fusA" -0.115759075092746 13.4756761745067 0.153389219810993 0.69562222057838 0.827835515202348
"rplR" -0.0943964776491703 10.3525620046416 0.151770295039065 0.697152423262755 0.827868502624521
"hflK" -0.06540764889102 9.89816750665107 0.134054356681522 0.714547822994962 0.84350788759903
"gstB" -0.0645556331153523 7.65383791709491 0.132931745740986 0.71569314511762 0.84350788759903
"manX" -0.0904886357277056 9.37492363522578 0.132375963116596 0.716262200785583 0.84350788759903
"yhcO" -0.092901676687837 6.24111569891914 0.132196829338951 0.716445900900809 0.84350788759903
"zipA" -0.0523213787253259 8.43342347852363 0.129220779290463 0.719518661091668 0.845319365163133
"miaA" 0.0860975532116876 11.0489972641672 0.125153952427568 0.723782974355937 0.848520040149194
"ompC" -0.102766766541556 11.8016340878289 0.114229627550371 0.735638431383363 0.860338099308516
"ileS" 0.072494756505598 10.7551265586109 0.113022627127378 0.736986538790598 0.860338099308516
"ydgA" 0.0646505647527444 9.97667857963587 0.109846287664819 0.740572957849544 0.862697039693655
"leuS" 0.0652623592341818 10.3760094945813 0.102855245438594 0.748674620633305 0.869712298459983
"ptsN" -0.0437318416235701 8.37868207555134 0.10180797404926 0.749914190322878 0.869712298459983
"hdeB" -0.0927787133577979 9.4283399303066 0.100484063842003 0.751491293131766 0.869712298459983
"rpmC" -0.071055755213142 9.19624853936041 0.0993022354292113 0.752908831879151 0.869712298459983
"glpK" -0.123319178843423 9.10052167491065 0.0923835519289945 0.761399615069553 0.876825136868563
"pka" -0.0702517686019856 8.80255276405437 0.0917063998649724 0.762249075426573 0.876825136868563
"atpC" 0.0552555385369349 9.23960204182002 0.0863067982924252 0.769148642228493 0.880633044883092
"dauA" -0.0424142916992345 6.07844180903032 0.085166624922589 0.770635332777294 0.880633044883092
"dcd" -0.0377223514630141 6.98183452293851 0.0846841043442931 0.771267751791438 0.880633044883092
"rpe" 0.0427925133567617 7.17712446712549 0.083372725656968 0.772996458357741 0.880633044883092
"solA" 0.0478039490701621 6.7423501123668 0.0829546885188789 0.773550623817453 0.880633044883092
"waaZ" -0.0732884599007014 3.52610767777364 0.0812136357817445 0.77587504619327 0.881458042170086
"rpoN" 0.0412648366427032 9.31248967070139 0.0774207427051104 0.78103384874086 0.885493108346119
"lon" -0.0685236056340892 11.3575426423323 0.0719914390345128 0.788661229695647 0.890004592872731
"mlaD" 0.034099636923557 6.76610714162606 0.0716741845710998 0.789116329341705 0.890004592872731
"rppH" -0.0363696112212271 7.57719137157813 0.0705462661848996 0.790743123423673 0.890004592872731
"dnaK" 0.0922707988258724 14.2025432302047 0.0700425439923384 0.791474138852338 0.890004592872731
"ycdT" -0.0685001718191302 2.72170568011655 0.0621623391619902 0.803297451910482 0.900748772445376
"yniB" -0.0616360845243739 7.24482455124271 0.121983381197474 0.804326547669037 0.900748772445376
"hupA" -0.0482726096106826 9.0493272085097 0.0604737581047121 0.805933112187968 0.900748772445376
"yeaQ" 0.0751852744948001 6.14658943665464 0.0579084751697954 0.81001299733808 0.903476035492474
"osmE" 0.0656471064854696 9.99704296269816 0.0549363716828033 0.81486135746021 0.907047692849648
"metK" 0.06556655355758 9.47021657355779 0.0527524294457068 0.818512875546235 0.909275391987854
"tufB" -0.0566351957547207 12.4537908424343 0.0489355614882004 0.825090963937128 0.914738674304543
"kdsB" -0.0272951745816802 7.51866445263111 0.0425000058859885 0.836822950120366 0.924140401429671
"pykF" 0.0491036421115406 10.8889535617877 0.0420822945843033 0.837615542238294 0.924140401429671
"kbl" -0.0291835601864125 8.0624909665204 0.0415649419460068 0.838602905108594 0.924140401429671
"ygcR" -0.0912976052254105 1.94024323280258 0.120393063030689 0.842483662659412 0.926476323254552
"malT" 0.0431583975251781 8.52920673189851 0.037743746665194 0.846102794931919 0.926476323254552
"modC" -0.02531951304324 5.25080670474059 0.0371303077362018 0.847342958761426 0.926476323254552
"purL" -0.0526159075409468 10.0932684748339 0.0364267802703813 0.848778405360376 0.926476323254552
"trpS" -0.0310476958852666 8.26507389256879 0.035646313244862 0.850387751071167 0.926476323254552
"iscR" 0.0332140114241717 9.04373820335531 0.0346086793569844 0.852555907525232 0.926476323254552
"lacZ" -0.079460672997105 10.932729196016 0.0336419040111753 0.854606478774028 0.926476323254552
"ycbZ" 0.0251223516661708 8.51378828696538 0.0335436987465432 0.854816471451842 0.926476323254552
"rpsQ" -0.0410156113921889 9.79176601665842 0.0323445446609965 0.857406700336012 0.926476323254552
"cyoB" -0.0446087664230213 10.6842864431123 0.0322847859614872 0.85753706871111 0.926476323254552
"rne" -0.0313204928019232 9.72752603715046 0.0305247357361068 0.861434155227333 0.928480998907117
"pgm" -0.0279403859290466 9.30134389142322 0.029936321950943 0.862762743086105 0.928480998907117
"fabI" 0.0295926647179181 9.61081304839775 0.0288475714026693 0.865256999023195 0.92935011006195
"ihfA" -0.0335933461592794 10.1621580219818 0.0221536903911383 0.8817886344722 0.944022339350773
"mfd" -0.0244574824339819 9.43095195878386 0.0215220717406323 0.883473693864829 0.944022339350773
"tktB" 0.0462250911420349 11.314573365018 0.0209086053264845 0.885134683721155 0.944022339350773
"atpF" -0.0314173899989143 9.69432266759 0.0206761683839627 0.885770507158529 0.944022339350773
"mcrC" -0.0448868831533322 1.73443080948329 0.01900455996187 0.890465929009821 0.947194453444809
"crp" 0.0199034304968102 9.20652348650091 0.0179722324660611 0.893453264159712 0.948540941333336
"malS" 0.019137306940906 4.85954928299841 0.0170839605384121 0.896104247750663 0.949525847135799
"araE" -0.0286286314972435 8.93700104819414 0.0151780565961632 0.902039780237079 0.953980650500251
"fldA" -0.0177612431357187 7.93200053670552 0.0142460115234897 0.905080402632225 0.954334442107655
"atpD" -0.104212142889357 11.0207720090962 0.189708639202487 0.90583831800781 0.954334442107655
"eptC" 0.0190477459822814 7.26877168401364 0.0124778638813447 0.911139739741938 0.955023699319989
"yeiW" 0.0196935364394069 3.32879079551901 0.0124393409523953 0.911276444226707 0.955023699319989
"glpD" 0.0440368109697176 9.69908413946342 0.0123225203529552 0.911692315503293 0.955023699319989
"atpE" 0.0212293920754709 9.1171847249387 0.0117361367774006 0.913810604295588 0.955426267489315
"mlaB" 0.0102640200636725 6.61399305806389 0.00669403346218938 0.934852008812185 0.975574728893019
"serC" 0.0149282741123552 9.81541473435385 0.00580713293305635 0.939312066531859 0.97630322862891
"tpiA" 0.0132804965831875 9.86133018386918 0.00538558446925166 0.94155215713847 0.97630322862891
"yggE" 0.0107236382934462 8.50539750756946 0.00532088286739769 0.941903681492141 0.97630322862891
"rpmD" -0.0144127574688947 8.91116559371089 0.00518706476703486 0.9426376000555 0.97630322862891
"agaI" 0.021361218510197 1.45300257138916 0.00440146845814868 0.947152760239837 0.979139157396154
"yigZ" 0.0374681040564951 5.91568418827436 0.106416941729029 0.95130822644085 0.981593319791963
"araB" -0.0259364124709567 10.6489035534959 0.00282748424515852 0.957632006410424 0.985518897547502
"pepD" 0.00954735480782879 9.92209358059231 0.00268792312037754 0.958689889447297 0.985518897547502
"atpA" -0.0123550205499357 11.2687074350445 0.00242465601911463 0.960763331786322 0.98581116538969
"dsbC" 0.00469194876340858 6.6883151083955 0.00177815184884248 0.966395423183872 0.987814809900335
"mtlA" -0.00890632839897065 8.62536850183729 0.00130994605164836 0.971154722619519 0.987814809900335
"tatB" 0.00515065232183409 7.2356933168746 0.00129059043305298 0.971368530338784 0.987814809900335
"glgB" -0.00649230608824534 9.78963952021111 0.00124569015797058 0.971870779448224 0.987814809900335
"serS" -0.0285900918041543 10.1851822611088 0.019028390783991 0.973165287281552 0.987814809900335
"tktA" -0.0088791968884148 10.6054743434125 0.00103254403398825 0.974389240698168 0.987814809900335
"atpH" -0.006279686210652 9.22467716418645 0.000963079223564013 0.975265438449696 0.987814809900335
"lrp" 0.00446632353380096 8.53649267319059 0.000770326793255821 0.977877983473055 0.988643612648905
"putP" -0.00406899071933756 6.63375064313474 0.000531722366914999 0.981619936492101 0.990609130049721
"tdh" 0.00274484255001031 8.20640800055916 0.000329853313596293 0.985522964714339 0.991545334865661
"ymdB" 0.00242597869130132 6.79385526368895 0.000192292874507183 0.98894622052412 0.991545334865661
"evgS" -0.00277683830623816 5.91733024188499 0.000173180203265563 0.989509897994307 0.991545334865661
"fabB" -0.00269842972443541 10.2909222550105 0.000165478479082597 0.989745797052838 0.991545334865661
"yfeR" -0.000362368291341623 4.00817387596421 0.00000482447565910596 0.998249073648327 0.998249073648327
