"logFC" "logCPM" "F" "PValue" "FDR"
"dtpA" 4.70564482642789 7.7853871049658 357.738585773277 0.00000000000000000000000000000000000000000000000000133787444103784 0.000000000000000000000000000000000000000000000000730479444806659
"ompC" 4.20363910815485 11.8017623673574 154.189076630141 0.00000000000000000000000000022231978010877 0.0000000000000000000000000606932999696941
"suhB" -2.00706860521918 7.02693100369335 57.2155326652131 0.000000000000595520027335034 0.000000000108384644974976
"tomB" 1.24692267097563 6.81675329486758 47.0331690959786 0.00000000004640539113901 0.00000000633433589047487
"purM" -1.73438998641544 8.85834491167835 45.5107586616492 0.000000000090192056681308 0.00000000984897258959883
"mltA" -0.990272943368413 6.63802785063045 40.254877663819 0.000000000919976706723345 0.0000000837178803118244
"pyrH" -1.18774355500795 8.39788514985544 39.1787067911283 0.00000000148839255231072 0.000000116094619080236
"rluC" -1.20340476350641 6.13142279832763 38.5688565226198 0.00000000195658108082751 0.000000133536658766477
"evgS" -1.34227635463993 5.91760559011533 37.6049566249855 0.0000000030185551477048 0.000000183125678960758
"carA" -2.51317525782692 9.6579606474456 36.9387901539292 0.00000000407703391461002 0.000000222606051737707
"udk" -1.07436469104254 5.95164784659809 36.7220399700617 0.00000000449668188114206 0.000000223198937009415
"glnA" -1.85303212461182 10.5883680654204 36.479051340859 0.00000000501918382403282 0.000000228372863993493
"yliE" -1.8027348394772 3.76311629284882 35.9213711350097 0.00000000646209843885644 0.000000271408134431971
"recQ" -1.02655293247244 6.51254090091343 35.4054368047137 0.00000000816794207786598 0.000000318549741036773
"mrcA" -0.984444352433505 6.61347519290461 34.3222131669599 0.0000000133780468492042 0.000000477194622744083
"pdhR" -1.43590086503079 7.52595457181359 34.2252288363302 0.0000000139837252086178 0.000000477194622744083
"xseA" -0.836098570634674 7.51131788916061 30.9517861701103 0.0000000629705937145377 0.00000202246730400809
"pyrI" -1.77203277052598 9.2924619915439 28.956501243773 0.000000159172239443266 0.00000482822459644572
"aroH" -1.73268462638169 8.38498035852664 28.7580695718819 0.000000174625370937184 0.00000501818171219486
"ybjG" -0.847390977958922 5.48529885541034 28.6023884990292 0.000000187802869192765 0.00000512701832896249
"sdhC" -1.84110864781261 7.80444409093601 27.2828667938978 0.000000348627934153394 0.00000906432628798823
"ymdB" 0.916235598174293 6.79368593205123 26.1640839855496 0.000000590735044332188 0.0000146609697366079
"ycgB" 1.57462371348825 10.4074968208669 25.7802539948835 0.000000708332056270269 0.0000168151870749377
"rob" 0.735509826824699 8.80152796742494 25.5100343565489 0.000000805058634065602 0.0000183150839249924
"kbl" 0.728437312319333 8.06251803323484 25.2187565604255 0.000000924332785834193 0.0000201874280426188
"ushA" 0.723551851537211 7.70948772042343 25.0721768358304 0.000000990953822732795 0.0000208100302773887
"prs" -1.05290130898395 9.43141453079076 24.8103150868784 0.00000112228098268167 0.000022199454887927
"tdh" 0.76575120125309 8.20644182053342 24.7802673877017 0.00000113843358399626 0.000022199454887927
"ychF" -0.810964942229624 7.49469824071044 24.3831893149629 0.00000137531975681538 0.0000258939512834896
"yhjG" 1.02713092654235 8.47758372798321 23.5220111691982 0.00000207486053454524 0.0000377624617287234
"hemA" -0.72953199403029 6.62453479159027 23.0801264688091 0.00000256397608437056 0.0000451590626473008
"ggt" 0.934581921239092 8.10435441862793 23.0006482092287 0.00000266359978101977 0.0000454476712636499
"emrA" -0.807560199130801 6.40795436506623 22.7225107915854 0.00000304407358589134 0.000050365581148384
"wbbI" -0.945705331636382 6.54033603683099 21.8929323593227 0.00000453822444510168 0.0000728785455007505
"putA" 1.14741809367748 9.37653294175916 21.7719082948054 0.00000481114105978004 0.0000750538005325686
"ytjA" 1.15280991996798 8.66929294087023 21.5974120103777 0.00000523411996392604 0.0000793841527862117
"yqhD" 0.659949924055485 6.36088658015641 20.9665987428176 0.00000710255254659837 0.000104810640282235
"rpmE" -1.53932266964432 8.82929868526672 20.8038073732648 0.00000768594809080222 0.000110434938357316
"malP" 0.798322996131428 8.60348025926137 20.6578419093754 0.00000825015405606959 0.000115502156784974
"glnL" -0.908536850401482 6.98094390215496 20.5866057678423 0.00000854053131525625 0.000116578252453248
"rhlE" -0.844495312430774 6.78763509769425 20.2180457989057 0.0000102164727960191 0.000136053515771376
"dkgA" 1.13797197773064 9.05253389363855 19.9866924322282 0.0000114347528012766 0.000148651786416596
"clpA" 1.1871627311786 11.3814449522264 19.8330499277175 0.0000123240237847932 0.000156486441546444
"nfo" 0.667215557625055 6.75501113538794 19.6037232308132 0.0000137832396888651 0.000171037474320917
"patA" 1.34398409991931 10.8511662810646 19.5170035093877 0.000014379536371203 0.000174471707970596
"hchA" 1.04527943186715 8.32562765183751 19.1052587321654 0.0000175872699913533 0.000208753248158237
"accA" -0.722681050902335 8.55871148763199 18.9618129388519 0.0000188674554591346 0.00021918363150399
"sbcD" -0.563405721322222 5.70372323456742 18.6789200773694 0.0000216753023513101 0.000246556564246152
"evgA" -0.82675190490513 5.80684419279221 18.4602790120872 0.0000241323201671362 0.000265898199935425
"sodC" 1.10307446459743 8.64863619226115 18.4420360922803 0.0000243496520087386 0.000265898199935425
"osmF" 0.849053984336892 7.63861623038597 18.1399829174692 0.0000282501912492847 0.000302443223962931
"cspA" -1.52303373403225 7.81185143914862 17.9288528405742 0.0000313468170405533 0.000327858254872203
"folD" -0.726335498034026 7.44518925280209 17.8981395449592 0.000031825068696386 0.000327858254872203
"acuI" 0.679327887603438 7.1597097174826 17.7030949896903 0.000035039467240344 0.000349264067309973
"ysgA" 0.845640662850799 8.32441298765785 17.6948550868711 0.0000351822778425797 0.000349264067309973
"fdoG" -1.34571797483628 10.6944883942833 17.2508422453894 0.0000438167533985196 0.000427213345635566
"sbmC" 0.739091225655756 7.33209102896175 17.0005730541753 0.0000495996715247855 0.000475112643026892
"rsmF" -0.703288960258087 5.40939178599382 16.7942482139563 0.0000549447769369918 0.000508232922285946
"sseA" 0.73566120190716 7.6564241277702 16.7911210980232 0.0000550301266903462 0.000508232922285946
"artI" 0.747985090686222 8.3803596272229 16.7314776675809 0.0000566839477190468 0.000508232922285946
"fdhE" -0.745759164084251 7.36175491953271 16.7280466553517 0.0000567806012077705 0.000508232922285946
"yciA" -0.946084732276832 4.73183671484736 16.6019373026806 0.0000604514187423978 0.00052832280684486
"uhpB" -0.891408283277546 4.61526519026839 16.5850689514548 0.0000609603238667146 0.00052832280684486
"cysB" -1.12169049294116 6.97013705747863 16.4662599415001 0.000064669765277241 0.000551713935021462
"ybjP" 0.79240163206281 7.77264015274943 16.3994137468983 0.0000668564986551583 0.00056159458870333
"rho" -0.765743469088903 9.78636352108909 16.3251855124606 0.0000693726164376514 0.000573900735984207
"wrbA" 1.06068640592795 9.87030743685907 16.2288675923369 0.0000727810871308127 0.000587278473839121
"poxB" 1.08889656112706 10.1072632192883 16.2189674295368 0.0000731409088297806 0.000587278473839121
"ugpB" 1.11521649012374 7.74866573169564 16.0562653563862 0.0000793193360921509 0.000627657355163977
"cdh" -1.15713343041537 4.13378775870071 15.8451242539321 0.0000881329517760612 0.000686784856295042
"ygaU" 1.09183903322216 9.85636170551697 15.8186220638695 0.0000893071882727985 0.000686784856295042
"fabF" -0.798461855502815 10.0481499485829 15.7215943958219 0.000093743125015005 0.000710885364697121
"gmr" 0.666791950583758 7.14513615593459 15.1369278603565 0.000125628462547284 0.000939632062339959
"wecA" -0.613176652969006 6.96293036681658 15.1029764555686 0.00012778707741649 0.000942861409045997
"ihfB" 0.756265971000468 8.97644458837905 14.979457868631 0.000135962566087913 0.000982723545825509
"osmY" 1.03907038786712 11.208944727926 14.9673881009024 0.000136789358026994 0.000982723545825509
"efeO" -0.782154404638875 7.41691321472697 14.7457502471451 0.000152911653751222 0.00108428263569048
"tktB" 1.24595074224599 11.314706164925 14.6931012875808 0.000157016737430321 0.00108852506145111
"coaA" -0.67327263008428 5.76672762443918 14.6870304471979 0.000157497215850984 0.00108852506145111
"yhfK" -0.590975184632757 6.54061358597534 14.4885154843046 0.000174058191955964 0.00118794716009945
"rnr" 0.601297055757134 9.39500238318359 14.4017574588325 0.00018184041084552 0.00122431961821168
"yhcO" 0.978945742972651 6.24055018188339 14.3797265102894 0.000183872177094061 0.00122431961821168
"yjdC" 0.594682153822218 8.22595750979627 14.3016760128892 0.000191257363596455 0.0012581508496827
"mtlA" 0.948736337621958 8.62535060205635 14.1946592804687 0.000201875165215123 0.0013121885738983
"add" 0.624001652127269 6.31411101272994 14.0711910456666 0.000214870805898835 0.00138022894142075
"yicL" -0.832931131601755 4.95093100859526 13.8343753987262 0.000242222241409899 0.00152246077214744
"dppF" -0.827914176947315 6.70619745319901 13.831380329888 0.000242589903254262 0.00152246077214744
"sspB" -0.538417443508699 7.80540891998311 13.6574632309553 0.000264939894622563 0.00164383161890818
"fimA" -0.722603400731206 9.02219071792525 13.3761351952877 0.000306817693404817 0.00188227483819135
"cdd" 0.936694708887292 8.3607610929317 13.3153736259628 0.000315194789881261 0.00191124770440449
"cysQ" 0.688682276721301 8.33013056190351 13.2946013385853 0.000318541284067414 0.00191124770440449
"eptC" -0.619498734058173 7.26892815112195 13.0942808190671 0.00035272487370348 0.00209334544610978
"mscS" 0.73152538870036 9.2815399784461 12.9552784238825 0.000378613465364922 0.00222282744181987
"btuE" 0.607783964604314 7.76005002586853 12.7371949086862 0.000423179229830885 0.0024580410583794
"osmC" 1.07227835090169 10.3360047801663 12.6113651009483 0.000451281294057555 0.00259367985847816
"yqjK" 0.743514910096766 7.82770242047621 12.578261872693 0.000458984513119869 0.0025992049163957
"hpf" 0.567161541745656 8.36291937308368 12.5664579817955 0.000461763510788247 0.0025992049163957
"rplU" -0.828715500221005 10.1995573830074 12.5389912472492 0.000468296380036129 0.00260907983162986
"potF" 0.702000912347564 7.63670520435114 12.222324190084 0.000550759517276613 0.00300939804488061
"rpsP" -0.76215401293738 9.36928607220213 12.2208651772018 0.000551171803091687 0.00300939804488061
"osmE" 0.994643272852669 9.9971555461791 12.1914659241057 0.000559546577881041 0.00302487555963415
"rpmB" -0.848678727954299 10.4979717967033 12.1649059048206 0.000567223736773791 0.00303071003564175
"atpE" -0.686153065003611 9.11727973110271 12.1472784146539 0.000572377981988171 0.00303071003564175
"yidC" -0.787460629078144 9.31803925137817 12.1306690094268 0.000577278102027 0.00303071003564175
"katE" 0.860928474049787 10.0544679732954 11.7605963513056 0.000698247332469244 0.00363088612884007
"pliG" 1.19063299813825 8.05184098613207 11.6305119598512 0.000746647675900831 0.00384593991548919
"mqo" -0.673334691520799 9.27681128440457 11.5702052803776 0.000770230506700336 0.00393033510895685
"typA" -0.766399402666561 10.7327344376963 11.4973968139845 0.000799714588959071 0.00404300153307086
"maeA" -0.481942459239186 8.47317519378453 11.3989421175344 0.000841420077381335 0.00421481983715788
"gstB" 0.60350278305372 7.65401950098384 11.3427370650649 0.000866214232632958 0.00429957246379632
"ygjV" -0.745102718736194 3.3967781651886 11.5317136608828 0.000878439902312309 0.00431274108711789
"ydgA" 0.662683071111712 9.97680487020956 11.3019643695965 0.000884664838383157 0.00431274108711789
"sdhA" -0.942780110335202 9.2893851496166 11.1815980417299 0.000941501246143437 0.00451191067229724
"nuoB" -0.595996416457115 7.9089216780834 11.1804778797021 0.000942047283226896 0.00451191067229724
"trpE" -2.04364931668482 11.0357802783165 10.9322135792715 0.00107138403649901 0.00508674507763878
"yggE" 0.494084676246172 8.50546505615723 10.9035191341422 0.00108745511462508 0.00511853872918358
"ybjD" 0.355558035838127 6.71705707909158 10.6771727430331 0.00122315024355714 0.0057080344699333
"msbA" -0.488038374171395 7.82118476557517 10.4461092541524 0.00137952226965732 0.00638321321383811
"tpiA" 0.589163262995975 9.86143615825934 10.3946243058632 0.00141705590692719 0.00650178592590123
"accD" -0.545501379871238 9.03791723761622 10.3224544200339 0.00147142897159685 0.00665949882625755
"cirA" -1.30069348502427 11.3997533768576 10.3029448407177 0.00148648950011151 0.00665949882625755
"yddH" 0.730559687468123 4.77248679197433 10.3009736526366 0.00148801988425535 0.00665949882625755
"waaZ" -0.958859017929425 3.52630568618491 10.2635332918509 0.00151739465645491 0.00673575188962913
"fecI" -0.707676527940524 7.61055367660635 10.1078846185618 0.00164599164040099 0.00724767286821726
"cyoA" -0.748842875417164 9.98185993880947 9.94741173007687 0.00179024053512949 0.00781977065744562
"mfd" -0.523866918634347 9.43103969071187 9.71190789184593 0.00202565674802757 0.00877784590811945
"adhE" 0.954814614253119 12.1621561202786 9.67666337089033 0.00206351326704561 0.00887148223470003
"gpp" -0.437190000347061 8.13758622512035 9.58852016578243 0.00216138246537542 0.00921964707886704
"nagA" 0.479116158944006 7.71724310642085 9.56144856469912 0.00219238272762122 0.00927938735876889
"pgi" 0.683018108482619 10.466520374441 9.44766808947899 0.00232772058497775 0.00977642645690654
"tyrA" 1.65184570549076 10.5285065787335 9.35222672223449 0.00244781110178156 0.0102023271875781
"cstA" -0.848620437776217 9.13161854631307 9.25058052468259 0.00258268422168546 0.0106829210987899
"nadE" 0.460124028955254 8.46843838997388 9.05280172721497 0.00286729929766521 0.0117710181693624
"ompT" -0.742314491172127 10.0939744991367 8.83545276406168 0.00321728621429608 0.0131092408433258
"aroF" 1.70958763638188 11.2078725591972 8.65894391836539 0.00353350184661635 0.0142910519129817
"katG" 0.445029035007659 8.50354034163936 8.62448073125929 0.00359886363892075 0.0144483790209612
"sufA" 0.631134967085989 7.79273020477573 8.58807196186905 0.00366926069601883 0.0145109406597187
"arcA" 0.690228258408097 10.0231426722745 8.58148540032704 0.0036821457364351 0.0145109406597187
"dld" 0.53811019375665 8.62761597350918 8.55947817966565 0.00372553454878767 0.0145109406597187
"amn" 0.439036280506934 8.00948774308298 8.5279047235785 0.00378869991342605 0.0145109406597187
"luxS" 0.501315868040843 9.10756797645996 8.52788748040688 0.00378873470777004 0.0145109406597187
"ykgM" 1.46702486425917 8.98867094534593 8.52532760074773 0.00380057590401497 0.0145109406597187
"betI" -0.52461515137669 5.51564251248838 8.51485517548887 0.00381512589506114 0.0145109406597187
"dps" 1.10083863967886 13.3135433425596 8.50899161510117 0.00382706127289284 0.0145109406597187
"gcvP" 0.587159203761407 9.68683723802766 8.33036365582922 0.00420959365865387 0.0158512975008622
"atpH" -0.586071220777083 9.22476514575605 8.31130502165575 0.00425265643933177 0.0159037699717476
"nlpA" -1.03961542936727 6.99041828733727 8.29703737707822 0.00428518924202234 0.0159164171846544
"pflB" 0.80036002693965 12.4096870835009 8.26073988787308 0.0043691086029998 0.0161184682245804
"fabH" -0.403850787927114 9.06956783429692 8.21688954578431 0.00447274050259917 0.016390042378652
"chaA" -0.524853697500721 7.02776646820385 8.15555627742569 0.00462193245232237 0.0168238341264534
"uspA" 0.676210545995477 10.3193749392328 8.13184497897013 0.00468096837676846 0.0169258856537455
"yidB" 0.517561160234407 5.89457976658555 8.04162749154091 0.00491274835817468 0.0176471092339696
"leuD" 0.480727070108882 6.44502128073588 7.88735804298089 0.00534490319971393 0.0190739682813321
"secF" -0.435406579316478 8.23156940977374 7.83723145139426 0.00548242846956541 0.0193822736403398
"mltF" -0.564790931510088 4.35316920724222 7.83050315411283 0.00550229379899755 0.0193822736403398
"mcrC" -1.21003205204056 1.73463944560686 7.82487069119918 0.00555974895801967 0.0194591213530688
"yeaQ" 0.880692877214433 6.14666956910175 7.68742082849982 0.00594269859137703 0.0206669645279736
"livJ" -0.52597268676108 7.5600164283222 7.60729349472886 0.00620498156067563 0.0214425312160057
"yfjK" 0.35092418260365 6.10683202802572 7.47540737984291 0.00666287266224397 0.0228800532929887
"livK" -0.543202542425628 6.32058992051112 7.45462949736598 0.00673811594064856 0.0229938206474632
"arnA" 0.425703283788218 5.78075574483961 7.42139026480751 0.0068899733607794 0.0233659966148171
"lysU" 0.385102016966464 7.8720991486435 7.27915458940508 0.0074094710790572 0.0249726617849706
"tolA" -0.344719722624626 7.41612898440696 7.26180183229529 0.00747949632151844 0.0250540183530618
"iraP" 0.47338340346166 5.09392359566026 7.10948136317584 0.00812417102855884 0.0270475450097142
"cysA" -1.18394627714003 8.35395660442609 7.08240391194779 0.00824462974758406 0.0272822293465509
"ybaY" 0.628044243235554 9.76073154084832 7.03002863404594 0.00848287676860925 0.0279015103353051
"glgB" 0.488823008279033 9.78976551615124 6.94647496519553 0.00887772938290973 0.0290253906770582
"rplL" -0.628416080696988 11.0634036661393 6.8601207079268 0.00930575402465871 0.030222657377281
"thyA" -0.369606098702863 7.20786800246217 6.85052099616491 0.00935463204534889 0.030222657377281
"elaB" 0.814924292980529 10.2531111485603 6.79099878815343 0.00966366238522425 0.0310374097784261
"frr" -0.451371021326746 9.8935219678002 6.77000366797744 0.00977516079245935 0.0312119169162737
"fpr" 0.375516026670389 6.63728911237943 6.75470748551816 0.00985722866726932 0.0312909700716805
"gadC" 0.907534365445715 10.4850370305973 6.66699547827046 0.010341745878772 0.0326392673399392
"rplM" -0.623365261531342 10.8612931355244 6.51013237061188 0.0112704681823051 0.0351788436174503
"accC" -0.545969457502273 9.67504895237313 6.5093564191582 0.0112752703902084 0.0351788436174503
"hns" 0.547597264703371 10.6013158874927 6.45112546328709 0.0116417486475323 0.0361158793270036
"fiu" -0.91931142513486 10.7748304857473 6.37032025234296 0.0121707990963254 0.0375438209412071
"mlaB" 0.318676107830195 6.61410744844458 6.34847675417828 0.012318036818756 0.0376477225575681
"rpsR" -0.56578556554148 9.40084877019514 6.34489055964478 0.0123423852340745 0.0376477225575681
"rseP" -0.344461181827657 8.75445587194509 6.25646131492491 0.0129587828997466 0.0393083081292314
"atpF" -0.546490473366218 9.69442069143577 6.2193917257112 0.0132265678034026 0.0397711770312022
"oppA" 0.650006374920699 12.5837133053569 6.21522013594434 0.0132570590104007 0.0397711770312022
"ompX" 0.729334818046015 12.6157462907933 6.19949111953641 0.013372682013628 0.0398389957508756
"yhhX" 0.288546490792059 7.59219761156913 6.19233977924741 0.0134255956376577 0.0398389957508756
"selA" -0.323246142586693 6.34753299962983 6.10491313511309 0.0140902768786937 0.0415853577068474
"rpmJ" -0.52769729512901 9.65391268111865 6.01056531808728 0.0148459242678608 0.043579971237914
"tig" -0.5576826373601 10.7451369400858 5.96196629128896 0.0152514263022404 0.0445309024653651
"rpsI" -0.6209608582638 10.5843002135263 5.94428275807787 0.0154018082873689 0.0446578684803199
"ybiC" 0.353222433783 7.41819323613203 5.93766356968623 0.0154584929354954 0.0446578684803199
"ppa" -0.461954803960156 9.76351541479894 5.92528579944657 0.0155650733535293 0.0447291055317211
"ptsN" 0.336636272419534 8.37879077475898 5.89602622063048 0.0158200568806355 0.0452238275226543
"sdaC" -0.603509336745149 7.80256468555897 5.61096274340067 0.0185432971767035 0.0526480940396594
"pfkB" 0.420494187683587 8.32425730483541 5.60453452256261 0.0186100405671323 0.0526480940396594
"glgX" 0.410959545567563 9.02159946623064 5.58984823114049 0.0187634650329244 0.0528049696378096
"yafK" -0.415576068594959 7.15733762273912 5.57726925788412 0.018895920062471 0.0528049696378096
"hisI" 0.358263742625524 6.96162417421734 5.57162866445859 0.0189556301263932 0.0528049696378096
"znuA" 0.854052147342651 11.2990191531887 5.54391543058941 0.0192518590201438 0.0533579442893326
"ihfA" 0.533363608195669 10.1622875462433 5.5143216975398 0.0195735092289226 0.0539754345403624
"rimM" -0.565459034206953 10.8667171508546 5.50222659191845 0.0197065737415014 0.0540692927781898
"rplI" -0.542595390105027 10.2652089784757 5.44681143405601 0.0203283681455202 0.0554419909794941
"ybaT" 0.485892868316262 8.39386797194084 5.43967074147754 0.0204099637122313 0.0554419909794941
"rhlB" -0.331208292605911 9.24527725240639 5.42745970877699 0.0205502881369796 0.0555468184296578
"dsbC" -0.26062077048797 6.68840182166242 5.40659456296204 0.0207923912370135 0.0559243626374846
"acnB" -0.58721267380888 11.1091689142469 5.39115282571141 0.0209734762122974 0.0561348922152665
"kgtP" 0.555329953395788 10.5942023539959 5.31583047462119 0.0218806255143872 0.0582771781992948
"rlpA" -0.304943582712449 8.15246326167023 5.29054192306589 0.0221942790573415 0.0586160425511858
"serC" -0.45138816815984 9.81553816652133 5.28079867901051 0.0223163717318682 0.0586160425511858
"gpmA" 0.599389248633431 11.5377756168377 5.27972084893828 0.0223299209718803 0.0586160425511858
"nrdD" 0.445168052185071 9.33595326912301 5.21950100301453 0.0231007283273996 0.0603492711328237
"fadJ" 0.559159008148672 6.97360590022741 5.17214491235826 0.0237263508625605 0.0616382910415265
"yfhM" 0.351320299870221 9.06242861555791 5.16517401464215 0.0238199256589049 0.0616382910415265
"cfa" 0.564406746606981 11.0134452734593 5.09079040351727 0.0248427505047171 0.0639818008281865
"cpxR" 0.27671077962751 7.96047791199675 5.0792864869631 0.0250049866186821 0.0640972896422556
"yjjY" 0.443725591913548 7.61646076269312 5.0080751806597 0.0260342037855495 0.0664176033121926
"fepB" -0.417603545228752 7.09707579690125 5.00001525006636 0.0261534518537022 0.0664176033121926
"rpsF" -0.561058920893954 10.800409421233 4.95070446422431 0.026895558122099 0.0678381420470418
"acnA" 0.563331448382649 10.4611134018585 4.94635774272299 0.0269620221551236 0.0678381420470418
"rplQ" -0.537684556701641 10.5829828026338 4.93593556597537 0.0271220844364375 0.0678381420470418
"topB" -0.314349786944422 7.66986438032758 4.92660121241039 0.0272662840005082 0.0678381420470418
"argG" 0.582163965972519 8.2846386842205 4.91308823184481 0.0274764588675339 0.0678381420470418
"ybiX" -0.595416874754388 7.33010602525653 4.90689592461402 0.027573337019938 0.0678381420470418
"ypdA" 0.280889814963063 5.60802849405432 4.90630878727484 0.0275825412718741 0.0678381420470418
"yeaD" -0.357911261834515 7.23293990326358 4.8739849628705 0.0280942600886378 0.0687868430869786
"rfbD" -0.362414122830875 7.54424111418171 4.86395142985045 0.0282551146571262 0.0688718419767452
"csrA" 0.500974903815889 9.91766546714175 4.77810487399559 0.0296714537750742 0.071936329518428
"tsf" -0.475639576798882 10.4933554940406 4.77194845225079 0.0297758433537816 0.071936329518428
"aceA" 0.596731961898042 10.4650428293105 4.76316022148899 0.0299255259106049 0.0719794587981952
"solA" -0.363933086452093 6.74257112279724 4.75490281994235 0.0300668861605346 0.072002280016017
"mepM" 0.583324284503948 9.35655978970225 4.73783419317005 0.0303613115499692 0.072389851992503
"kdsD" -0.232845447486281 7.0654271579575 4.72986547792382 0.0304998016613698 0.0724038769874258
"rpmI" -0.496278667538273 10.6459952389469 4.70531728051888 0.0309306100021374 0.0728523944694973
"rpoS" 0.572760909926441 12.4360139676645 4.70390454719365 0.0309555961848414 0.0728523944694973
"nepI" -0.36300278690101 5.07016541562172 4.68495967793386 0.0312927166032836 0.0733297135853771
"yoaB" -0.382918469934195 6.36351831949864 4.67068652767928 0.0315492480847056 0.0735618161316152
"trmD" -0.575744985789903 11.1039649413285 4.66449459778969 0.0316612212288087 0.0735618161316152
"potI" 0.373716262466645 5.40396492566747 4.42098602971645 0.0364131262584581 0.0842439276996531
"mntH" 0.650738131107097 11.0086242998585 4.40482126121379 0.0367540393967259 0.0846738629139762
"yigE" -0.534856696103955 2.57022030652372 4.99004971315668 0.0370830025528996 0.0850727705625345
"ftsZ" 0.409192979565795 9.86180866884924 4.35266302874361 0.0378771688525058 0.0865311054120007
"ahpC" 0.489770602568893 11.1113060918622 4.33476557725435 0.0382708450587146 0.0870661725085756
"yaeQ" -0.280830388676596 5.41253070353234 4.32286421526337 0.0385350165797525 0.0871398948898659
"gadB" 0.733690490456299 11.1334969731591 4.31894439533745 0.0386224442552153 0.0871398948898659
"tktA" -0.5736918645284 10.6055479671551 4.29751856663821 0.0391040376493312 0.0878633932367688
"ubiB" -0.263753887409466 7.02952034346324 4.28760506182289 0.039329005754214 0.0880067095975444
"mutS" -0.332174122590222 6.6380374395438 4.25526340587536 0.0400724834035471 0.0893043915850478
"trpD" -1.22890095834953 10.8883182204003 4.23289671128905 0.0405953234301067 0.0901018154180418
"sufD" 0.475190615666559 9.01900636852178 4.19151203799159 0.0415818160151256 0.0919176985597514
"maeB" 0.368327432461128 9.07995003630765 4.18096425536698 0.0418372743201806 0.0921094829791073
"hdeA" 0.637757577786427 10.7050330295147 4.16753307806139 0.0421649694085274 0.0922232628918946
"hsdR" -0.337500016320348 7.56295055146535 4.1658913389852 0.042226768723395 0.0922232628918946
"tatB" -0.292867996817571 7.23584724668309 4.13535826208714 0.0429610608453681 0.0934531443090478
"sufS" 0.470596107872207 8.80901464038791 4.10425916934198 0.0437456595691372 0.0947822623997972
"ubiD" -0.240427221494563 8.21679425064429 4.0529876385645 0.0450724850316375 0.0972710546532573
"rbbA" -0.299728729990603 6.95980132087217 3.97756806506804 0.0471022611964319 0.101251317375007
"yhcB" 0.299954076595501 8.13387912404316 3.95060217437552 0.0478513347892635 0.102458152137011
"trmA" -0.312894073070239 7.91399477240392 3.93499857489578 0.0482905452585072 0.102958155080751
"pheT" 0.484451279086655 10.7970412490867 3.92766417188122 0.0484984708249602 0.102958155080751
"phoP" 0.291439653742731 7.88724718399945 4.83407233909556 0.0486505567963989 0.102958155080751
"rpsB" -0.520960727337766 11.8877512190227 3.91078889225768 0.0489804922407032 0.103256172831753
"exbB" -0.381961336094713 9.20071623225016 3.85734675971291 0.0505408724389239 0.10613583212174
"mgsA" 0.262471145676077 6.87027632130268 3.81916430751846 0.0516880264103721 0.108128974789514
"asd" 0.431145900391284 10.1129667159997 3.78620030069884 0.052700685082507 0.109442779108371
"zinT" 1.00375741774328 10.2366204273929 3.78567658680792 0.0527169430503689 0.109442779108371
"aceB" 0.502779722191048 10.5831435682806 3.75808662414439 0.0535810326612942 0.110815317549495
"fepA" -0.673563576221629 10.5616952738016 3.73159694200652 0.054424871471522 0.112135772918683
"slt" 0.268906886134299 7.99120906693921 3.70805835895988 0.0551865917015379 0.113277740861052
"yibN" -0.244216357726745 7.60628577992409 3.69049175082053 0.0557624605646226 0.11403109913215
"hisH" 0.32517452242437 6.47222911741687 3.67763898912066 0.0561878594444815 0.114472280808533
"rplJ" -0.488062151120081 12.0300966748737 3.67006253980923 0.0564402448918569 0.114559010077895
"sra" 0.748653925170195 9.84459432525965 3.63578925792657 0.0575971656348968 0.116474268283903
"purL" -0.521644461206821 10.0933698046454 3.57275224175155 0.059791702702381 0.120250281744582
"ndh" 0.443442329231339 8.02326682760805 3.56956802677186 0.0599049022610371 0.120250281744582
"ftsA" 0.249300229375705 8.54537397650973 3.53258419940727 0.0612366155410439 0.122473231082088
"glmS" -0.319815634624616 9.57027358944907 3.51352397027734 0.0619352796536016 0.123418476973965
"rpoN" 0.280639784504916 9.31260472625338 3.46644856281021 0.0636977140993693 0.126468915993657
"ycfQ" 0.272094866402468 5.70497975496088 3.78751268457473 0.0648751882376714 0.128340046296263
"nrdE" 0.525576663318694 9.70528635210084 3.39802896738042 0.0663558141646753 0.130795214923873
"rplA" -0.513018223792171 11.4965158551748 3.3667429756693 0.0676107421142365 0.132789443145227
"sspA" -0.273701185811436 9.13269973530575 3.31915711043462 0.0695686608364927 0.135754113667459
"gadA" 0.611814366114268 10.9018204244564 3.31446735737462 0.0697648976035687 0.135754113667459
"ybgI" 0.318165188174285 7.54789274720069 4.30618104305053 0.0698661280962562 0.135754113667459
"greA" -0.332771660640515 6.57206059393409 4.58952796296568 0.0710221883401709 0.137511045509693
"hisS" -0.292891365171423 8.84676048762275 3.26233504739776 0.0719869091769167 0.138886404277726
"clpP" 0.348056284229485 10.0871721902925 3.25435456918069 0.0723337360593703 0.139064154536677
"rplX" -0.464165664894808 10.7978686710716 3.23416306006427 0.0732193209329662 0.140272804313683
"metE" 0.726149252046108 10.55777920056 3.19984810364792 0.0747513027458762 0.142707032514855
"yedR" 0.347827660391971 5.53397000527777 3.13646025254618 0.077673083284203 0.147768304784581
"lpoA" -0.212301021117705 7.72227361855577 3.12651410099186 0.0781426429468447 0.148145427253393
"galM" 0.244290813471577 8.07943336909564 3.07345731201046 0.0806999577995757 0.152464280133454
"clpX" 0.414518944506551 11.1464607152396 3.03722721920579 0.0824982940440766 0.155324374303675
"rpsL" -0.422219728817545 10.936775781284 2.98125115885342 0.0853628639821362 0.160165373657204
"rpsA" -0.500651974618352 12.8750375339332 2.90895391717668 0.0892239013045393 0.166836472987255
"rpsM" -0.426377454662285 11.2298189495175 2.89484392666404 0.0899994133999524 0.16720299549164
"minC" -0.214334653124569 7.59759168115871 2.89402430411476 0.0900446867953711 0.16720299549164
"rpsK" -0.41218631064113 11.1982725896516 2.88507416391979 0.0905406848866809 0.16720299549164
"glpD" 0.683524658775291 9.699180915174 2.88320137960482 0.0906448473727573 0.16720299549164
"yehE" 0.402495417956856 5.50996234587936 2.86893548030897 0.0914426092767984 0.168106615034114
"trpC" -0.858814126684216 10.3763844200204 2.84172201485941 0.0929857577727582 0.170369878335322
"atpC" -0.318745178454535 9.23970510201553 2.83351250455045 0.0934568504163414 0.170660335542884
"rpmD" -0.336739333119063 8.9112619333397 2.82525691276526 0.0939332199902075 0.170958460382178
"plsY" -0.239477685516184 5.26986097751612 2.81027639378976 0.0948044319088377 0.171970829974171
"nusA" -0.303477355022672 9.4437899496016 2.73852146767819 0.099101967994105 0.179171107697951
"ybcI" -0.601861565499399 2.67928358872217 4.9303438158847 0.100013450761598 0.180222257808028
"yafJ" -0.223621356584803 6.94259114841073 2.68470170538353 0.1024655921908 0.184033596500581
"rpsJ" -0.476852288859284 10.843464406317 2.65587409258318 0.104318729546992 0.186747627320188
"ycjF" -0.29322151537687 7.61983046965656 2.63286893500854 0.105824063823706 0.188639680366034
"manX" 0.407174452118112 9.37500349644649 2.62919563639044 0.106066633465884 0.188639680366034
"gpr" 0.494421770331719 7.77835825335289 2.62262600831255 0.106501994892305 0.18879899094545
"iscS" -0.332110662072138 9.80558666524888 2.5963576598571 0.108262571145538 0.191298912121242
"aceE" 0.45671232204471 12.0659817811191 2.58020842155284 0.10936087048151 0.192501917959691
"rpsN" -0.422238107143705 10.9400701120107 2.57600833734667 0.109648528361655 0.192501917959691
"thiH" 0.235962800403075 5.41113282397298 2.54578229714527 0.111743507838102 0.19530681517785
"yceD" -0.359316343162223 10.5048257186295 2.54267178488321 0.111961599177046 0.19530681517785
"ppiB" -0.257624282093606 8.5483403740317 2.51732850018496 0.11375619081753 0.197805350912011
"dadX" 0.340507801045524 9.31883862850062 2.48247772013985 0.116276300828895 0.201545588103419
"ppk" 0.223825392462181 8.74397888043954 2.46967461447449 0.117217620638182 0.202534243254581
"entH" -0.414818111948165 7.60027919928651 2.46227928410158 0.117765200092844 0.202838483440671
"cysK" -0.604483384226667 11.6199745183767 2.43278135057249 0.119977808957993 0.205999634248629
"yhcG" 0.320513416727858 3.45298379161567 2.40230423015487 0.122312570693065 0.209350042628256
"rpsH" -0.388904168796229 10.5323633343992 2.37295238531627 0.124609089376045 0.212614258747877
"mioC" -0.245371639090828 7.32062956341449 2.36010039741492 0.125629757421824 0.213433500781832
"rppH" -0.210932678296744 7.57734110434874 2.35707928326241 0.125871038922619 0.213433500781832
"trpB" -0.720677679121174 10.8034095835193 2.33537208043384 0.127619994412879 0.215729154642204
"rpsD" -0.378211321071811 11.8298568619281 2.32899966167315 0.12813856964204 0.215937219211585
"hdeB" 0.448135662864582 9.42848836476073 2.30595981076954 0.130033285781761 0.218455920113359
"dcuA" -0.19927056426657 8.05943619500657 2.29056787875955 0.131316547864135 0.2199350770976
"leuA" -0.344671401282313 7.22651984129945 2.26691629139025 0.133316215260048 0.222601386947969
"valS" -0.286145776278784 10.0850394688068 2.24583912822923 0.135127072148486 0.224937138393516
"ydgH" -0.248261607700455 7.75225400423427 2.2375546894055 0.13584639157568 0.225447203040491
"rplR" -0.3538882183307 10.3526594086268 2.13846565254572 0.144793166581659 0.239566875616927
"ilvC" 0.400810661975839 7.7229410035094 2.12148152984919 0.146392584152307 0.240754908688692
"nlpD" 0.375186498461948 11.636297254153 2.12147614240803 0.146393094660523 0.240754908688692
"trpA" -0.667627567986785 10.2744622789227 2.09795064827413 0.148641722697773 0.243718860639592
"rpmC" -0.320690945181116 9.19634565063657 2.01320024864245 0.157074213526005 0.256774013728141
"miaA" 0.342689126282541 11.0491304837253 1.97392640521945 0.161166038956516 0.262676588866441
"rplN" -0.347492224116279 11.0834550338668 1.95045155292947 0.163670057778312 0.265963843889757
"recC" -0.167933417931688 7.63931478181816 1.93710716869419 0.165113366606075 0.267137023082642
"rpoA" -0.389863461346496 12.6227644931037 1.93083071031488 0.165797271008053 0.267137023082642
"serA" -0.351997469082077 10.7727995330609 1.92755512167031 0.166155483104739 0.267137023082642
"yeiW" -0.261380556053473 3.32914171969843 1.92578836145893 0.166349061992854 0.267137023082642
"rplE" -0.385110590431417 11.5999460781373 1.91907960989873 0.16708648707528 0.267534375199715
"icd" 0.399081259283313 11.6264877798071 1.88090185780865 0.17135535103191 0.27356731480533
"eno" 0.375346785091931 12.1271312460056 1.85900189201922 0.173860855466131 0.276038944496463
"yfiF" -0.184321678976296 7.36130725183647 1.85853572665639 0.17391464634942 0.276038944496463
"yeaV" -0.388172531788303 2.01506336105352 1.8389521948476 0.176191888666294 0.278842815106656
"araC" 0.365297299302606 9.52218282564923 1.80442419840558 0.180316589888834 0.284545832599143
"rpsQ" -0.305629349964898 9.79187331558503 1.79395372622874 0.181556711705424 0.285677131386633
"glpK" 0.54196112113256 9.10056049583673 1.74426900371424 0.18770242724966 0.294498635857225
"rpe" 0.193148191219519 7.17731240428459 1.6773170724526 0.196373073172929 0.307219764906646
"mlaF" -0.170605188314106 7.51606790049483 1.82797031117546 0.198602711672228 0.309184748568347
"kdsB" -0.171131185766296 7.51875511360924 1.65933256195694 0.198781781372955 0.309184748568347
"rplF" -0.32930646637306 11.2311242063572 1.6541169474671 0.199486822819682 0.309184748568347
"fnr" 0.21518038839793 9.42587372993733 1.65111346477456 0.199894168946203 0.309184748568347
"pykF" 0.306957098675807 10.8890979124735 1.63946149819514 0.201483784169339 0.31076312473576
"pgk" 0.324024662781674 11.1118090731213 1.62789827990017 0.203076079447028 0.312336730642471
"leuC" 0.260077394968597 7.57597140650474 1.55298114174698 0.213773634020882 0.327866303863487
"rplC" -0.373416366426417 11.6758038569656 1.53187265456247 0.216892671596106 0.331718203617574
"zipA" 0.180204158001859 8.43349565336292 1.49983655834554 0.221749871583342 0.338199524817053
"ghrB" 0.227696638718439 8.12217973892469 1.49534173937537 0.222441755955254 0.338309745826097
"dcd" -0.158296464112891 6.98193581479952 1.47624776317521 0.225409981823937 0.341871805766305
"potD" 0.221628072358253 8.59729689787048 1.47196300594779 0.226082602192978 0.341942107471928
"hemB" -0.153829329169918 7.28662843053647 1.43648384734044 0.231746261702282 0.349539941683553
"rpsS" -0.331237009345138 10.1891704127115 1.43216068133597 0.232448058121969 0.349632616348747
"rplD" -0.36128136680611 11.1569512325403 1.35896489702857 0.244732172470282 0.36662403829344
"rplV" -0.329256610717414 10.4425951939673 1.35433386490282 0.245535733484211 0.36662403829344
"atpA" -0.291714099626954 11.2688065208408 1.35305061629526 0.245758970724174 0.36662403829344
"ptsP" -0.173033347231269 8.85445960605779 1.34521713874457 0.247127117147421 0.366880853812234
"glyS" 0.228903306455677 9.81748971958801 1.34437356462334 0.247275007697623 0.366880853812234
"yhdP" -0.133347657067721 7.55598918485001 1.25023117727038 0.264489109159107 0.391357868837053
"pepD" 0.205342150483593 9.92221377103256 1.23485659739269 0.267440165004372 0.394654946195641
"putP" -0.192601818703659 6.63381417670102 1.17800511865273 0.278717856949248 0.409787649376353
"lpp" 0.429446599556838 11.8935376070886 1.1756591930478 0.279195980893779 0.409787649376353
"metI" 0.239072117051024 5.9194241576454 1.16166178013899 0.282070496618089 0.412896759124602
"htpG" -0.314271306793748 11.687502652011 1.15217898713929 0.284039249100517 0.41466692515744
"dsbD" -0.172824976796318 6.62686249333285 1.1411110612058 0.286359255223777 0.416579683371264
"manA" -0.144070637617513 7.36173319962299 1.13613722799859 0.287409709112206 0.416579683371264
"rpoC" 0.292952305533746 12.7361921262016 1.13505768712035 0.287638352803968 0.416579683371264
"serS" -0.218689280524252 10.1853135425011 1.11536237824149 0.291850871883131 0.421562370497855
"ygiC" -0.130995637778648 8.21869112680178 1.09026499780745 0.297334152975792 0.428179663050079
"malS" 0.155088184105773 4.85973575683977 1.08662995101756 0.29813929633111 0.428179663050079
"ettA" -0.15831620928566 9.20449167743961 1.08118851285445 0.299349810135889 0.428179663050079
"hemE" 0.145936110806022 7.59335912398401 1.08020661001315 0.299568921767638 0.428179663050079
"polA" 0.12919181433715 8.7256381044815 1.05436438980305 0.30541099186201 0.435390082393362
"sucB" -0.228594533419943 9.96631880629316 1.04029894559442 0.308652961880768 0.438865930174218
"nuoM" -0.197737775918075 7.97120665137968 0.983256278898636 0.322272318833975 0.457040743073637
"insI1" -0.130015770193713 6.60537971397303 0.978689760453017 0.323396558030162 0.457446944778416
"rplP" -0.253542653521076 10.7563636714348 0.966455581484212 0.326434250076197 0.46039544807196
"aspS" -0.17429803724591 9.61834848892884 0.962996992084229 0.327299869572799 0.46039544807196
"gapA" 0.288247649099828 13.2296908331711 0.960166045396635 0.328010676373613 0.46039544807196
"hisG" 0.191602844064698 7.5685337384877 0.939227114753892 0.333332601277501 0.466665641788501
"rsmA" -0.12392049331767 8.00217708055301 0.932803272763627 0.334988447597244 0.467784379509195
"atpG" -0.212200698217329 10.191378183294 0.909471215307307 0.341096522462234 0.475093185956377
"entE" -0.283356828357256 9.66545325227716 0.906208233265964 0.341962677803766 0.475093185956377
"insH1" -0.185722817799842 9.83990365322028 0.896120130746079 0.344659461777642 0.477272518566057
"malT" -0.210862908865248 8.5292717158723 0.893815565113038 0.345279569292294 0.477272518566057
"rplB" -0.26912735231781 11.7400749719518 0.885132786810014 0.347629577130184 0.479307447255254
"pgm" 0.152198777707219 9.30144445684564 0.867046128372451 0.352595241114289 0.484929475184892
"cyoE" -0.193359493165881 9.746780958102 0.857055158178282 0.35537993271963 0.487144843139398
"fabI" -0.162240100249357 9.61090413487291 0.854879048023681 0.355990462294175 0.487144843139398
"entF" 0.303744208869697 10.5466854419553 0.849795594797259 0.357422309837357 0.487588488394447
"dnaK" -0.318877311288582 14.2025946262331 0.847396893352671 0.358100703014969 0.487588488394447
"dapD" -0.157020255109871 8.88857132625336 0.841998760410858 0.35963389493577 0.488457976703807
"hemL" 0.131366985787352 8.53761617247756 0.81778818975661 0.366623195815284 0.496715297556191
"cyoB" -0.219727687166077 10.6843879450317 0.783393697329477 0.376882405674583 0.509350974005749
"gatZ" -0.31445184820885 12.0816847296403 0.771190574606089 0.380619501877268 0.513131476604909
"rpsE" -0.230607284169798 11.1191261017601 0.750153416234343 0.38718651320467 0.520699103964901
"modC" -0.118524718479081 5.25082148566821 0.773157847216307 0.393916422069995 0.528448074816259
"pnp" 0.192598721445246 10.9717779982767 0.719411081047528 0.397078557227685 0.530543246635796
"bamE" -0.154554803524344 7.38191622906517 0.718364863659608 0.397421589512895 0.530543246635796
"aspC" -0.190855926481824 9.49181146676702 0.714849454169263 0.398577369831862 0.53078839982487
"hupA" 0.164533533139156 9.04947554497315 0.694724109142857 0.40528920770111 0.538413400011693
"pka" 0.19299769921992 8.80249190515102 0.68110075661514 0.409926913339856 0.542752261469794
"rpoB" 0.231204422858295 12.8558698597286 0.679306956338931 0.410543377265613 0.542752261469794
"pheS" 0.231797768312813 8.34447746675553 0.653392117726274 0.41960477455036 0.553391804117142
"fkpA" -0.191620136727916 8.88632328211097 1.7430577312138 0.43010633948365 0.565874846645959
"infC" -0.194988806602627 11.6091884512294 0.619234209371173 0.432013079930318 0.567017167408543
"ptsI" 0.207168965649299 11.6543884041872 0.599634364849767 0.439386194516279 0.575311420158006
"lrp" -0.124731665659317 8.53661990653804 0.592569073067808 0.442091475788799 0.57746876981025
"acpP" -0.167155968234395 10.7059397708613 0.579953356341715 0.446986506955296 0.582469290686376
"yniB" 0.136127879450761 7.24455753829334 0.576300442512869 0.448419609702646 0.58294549261344
"yfgF" -0.168952183564757 3.2514913664035 0.567638018184128 0.451846858529848 0.584495604887988
"rplO" -0.203992218050745 11.2723180652235 0.565266716206946 0.452792209868794 0.584495604887988
"cyoC" -0.15376271477181 8.75058774795444 0.564924877589128 0.452928744511895 0.584495604887988
"gnd" 0.180123023066166 10.9677167138494 0.562512744857596 0.453894022843419 0.584495604887988
"fes" -0.175190862255219 8.30159161438779 0.559385779348333 0.455150187399814 0.584734123106584
"yhbJ" 0.102386887051896 8.2967269065353 0.548814776773954 0.459437681363315 0.588201633709054
"fhuE" 0.20858697470366 8.31306203802202 0.547430560865404 0.460003841746824 0.588201633709054
"dppA" -0.193264910298305 10.4919272784838 0.526661429222718 0.468634140477929 0.597837010983526
"sgcX" 0.247673186601465 6.557186987929 0.513045867914056 0.474434190811964 0.603825333760682
"opgH" -0.112039391413539 8.8891710350073 0.509283292523988 0.476057567844784 0.604482400100586
"tldD" 0.0904853397304689 8.85944304846256 0.471711775971289 0.492782409530236 0.624267275182155
"fusA" -0.194955748209131 13.4757455407186 0.440623195794558 0.507380763844765 0.64057326535598
"rpsC" -0.185403355734642 11.4797965008229 0.439337436357574 0.508000410071684 0.64057326535598
"fbaA" 0.165734763416009 11.3230840166997 0.433213244312481 0.510969879260479 0.642833073908345
"fldA" -0.0971634978637459 7.93208413895703 0.4252571487858 0.514872867635113 0.646254220066142
"atpD" -0.153532713278836 11.0208766229659 0.412430098246905 0.52127637307648 0.652791054357243
"trxB" -0.102726244525185 8.01609223194152 0.380251834755434 0.537981235922287 0.672168775317091
"agaI" 0.198259459773224 1.45300327756557 0.374374206538035 0.541137646213049 0.674304067975921
"yhiJ" 0.168155176580006 2.61582551748626 0.372160217595623 0.542335447119885 0.674304067975921
"gcvT" -0.109637226372769 8.71919135202553 0.369173597226725 0.543959027114594 0.674304067975921
"gatY" 0.209759146616738 12.3955680793183 0.367943753577518 0.544630208749782 0.674304067975921
"glyQ" -0.095089010060204 8.86665466713075 0.361460630113486 0.548193926324115 0.677180732518024
"crp" 0.134688711688653 9.20663337771358 0.806270363038615 0.552391442998549 0.680825570828911
"araE" -0.141713977120214 8.9370534977872 0.34863849078968 0.55537223687767 0.682957750754973
"groL" -0.198687106460885 12.7559842290107 0.332574671700197 0.564621089090541 0.691325365513855
"glnH" 0.0969499459491318 8.61994899474226 0.332424413760016 0.564708998203625 0.691325365513855
"fur" 0.0946103344252444 8.18796513083698 0.322110732960666 0.57080731513017 0.69722772720598
"glyA" -0.155189368377756 11.0261564033945 0.299060695711245 0.58491760518655 0.712293964010526
"ydgI" -0.118192096098078 5.42069449911998 0.297734282680595 0.585750897144187 0.712293964010526
"hslO" 0.0925553847329671 8.92972105559497 0.290505754519513 0.590334896252235 0.716273007452712
"secY" -0.151470175366196 12.6272264610098 0.282387283178494 0.59557190460962 0.720470602917019
"fabB" -0.110970512879228 10.2910446010074 0.2810657088033 0.596433539411159 0.720470602917019
"yjeI" -0.0773382630943069 7.03830796395954 0.278408761645621 0.598173692541254 0.720977563195418
"menF" -0.0855871486972036 7.72475304930004 0.275678240620763 0.5999778453922 0.721559258995906
"tufB" -0.132417022310732 12.4538807810033 0.270442103309706 0.603455864462087 0.722408802029004
"gyrB" -0.0842168663702041 9.53679430874391 0.268861805902325 0.604515390409342 0.722408802029004
"pntB" 0.0896685570741322 8.9098655088051 0.268656215272418 0.604653521112188 0.722408802029004
"fhuF" -0.105186407723473 10.0889242505322 0.257497202177827 0.612253624326867 0.729881801326299
"sucD" -0.104446740967484 9.38898481943276 0.255577425423252 0.613581953862219 0.729881801326299
"sucA" -0.129679001403239 10.6317797735877 0.251728940383333 0.616263781212937 0.731478314222313
"lon" 0.126240312160179 11.3576674112641 0.245173917127985 0.620891370278273 0.734022576829256
"ppc" -0.11818628362317 10.4844608702025 0.244886508491636 0.621096026547832 0.734022576829256
"hupB" 0.103352242249318 8.67570664599294 0.235961207331075 0.627527259413215 0.740021346953813
"sodA" 0.110628243675275 11.1905218595397 0.232451006133962 0.630097823716095 0.741451318424543
"mlaD" -0.0610089462649332 6.76626400588233 0.225528045553208 0.635238573977768 0.745788113636893
"dgt" 0.0902888048503349 6.09858402161242 0.456925195814225 0.638589183555305 0.745788113636893
"mtn" 0.0701899543903633 7.93055526192239 0.22084067382825 0.63877444625096 0.745788113636893
"metK" 0.13472747438543 9.47032320654447 0.220218842262735 0.639246954545908 0.745788113636893
"folE" -0.0854874398329679 8.28548547299542 0.216245175605431 0.642285795396066 0.747409420635278
"nirC" 0.130223779189231 2.36646495910774 0.21483238092838 0.64337440970436 0.747409420635278
"ydcH" 0.130693010555037 6.46931195726026 0.201972262887349 0.653489376906657 0.753062454515202
"ompA" 0.145650336512062 14.5753307998024 0.200783899234385 0.654443456637675 0.753062454515202
"yagU" -0.0736421571861979 6.02520208581961 0.1998891193605 0.655164073079536 0.753062454515202
"argC" 0.155220727322877 6.62428414148541 0.198824118522405 0.656024306213852 0.753062454515202
"clpB" -0.14557507431515 13.0726701547918 0.197599176951441 0.657017152096501 0.753062454515202
"ygcR" 0.161338152140083 1.94025773044547 0.321762695331446 0.65807902918854 0.753062454515202
"fabG" -0.087423669742173 10.3896351054009 0.194990721213521 0.659143721373484 0.753062454515202
"ileS" -0.0947556249349924 10.7552548773481 0.193155682928202 0.660649965887282 0.753062454515202
"proA" 0.0546321257179769 8.0081639598237 0.191933424046095 0.661657971324624 0.753062454515202
"ddpC" -0.117807722193691 2.85206331747062 0.191479951097025 0.662032927046331 0.753062454515202
"gpmM" 0.0638177956590599 9.35228377443493 0.163881560412619 0.685924024326219 0.778616460045979
"panC" -0.0668234822868425 8.24470284850026 0.15984031959356 0.689615505916055 0.781182710021091
"purA" 0.0934798508052898 11.0412745718657 0.154637570113451 0.694448582636582 0.784958607021242
"yncE" -0.111416888003099 10.0358249938948 0.153174999454505 0.695824113183665 0.784958607021242
"hlyE" -0.157174534463477 2.21007805687319 0.14543561615433 0.703231951739344 0.789266967597077
"lpd" -0.0911774464320283 11.2468221555614 0.145077792239403 0.703579860709812 0.789266967597077
"nuoI" -0.0729938260354061 6.84881804883748 0.144666999128717 0.703979877691899 0.789266967597077
"entB" -0.11247801748228 8.92640464179827 0.135590323008277 0.712989515371599 0.79773007252642
"fhuA" 0.0653379285394652 9.70612897750333 0.128325186364514 0.720451125191755 0.80320205525982
"nlpI" -0.0724842487958977 10.1472476237496 0.127969629478836 0.720822357284454 0.80320205525982
"dauA" -0.0605336260596301 6.07793236235364 0.165736120408414 0.723467025287325 0.804507119769611
"hflC" 0.0521532165791542 9.02998646411622 0.117046490924039 0.732522796872257 0.812921640431407
"gltB" 0.0866289973892835 11.2474696830769 0.1089250673845 0.741623818125725 0.821352139344109
"rne" 0.0586136637956543 9.72763935577177 0.105918875999598 0.745087896395448 0.823518201279179
"ycbZ" -0.0449057138277976 8.5138083630697 0.104459504891248 0.746789175682043 0.823731090752314
"hflK" 0.0567198248431861 9.89829136943815 0.100303488964497 0.751707246110152 0.826457349553024
"rlmB" 0.0406375921772048 6.50123770127485 0.0998187704356745 0.752288100234162 0.826457349553024
"gadE" 0.0862850873966155 6.87790144253992 0.0938308651031567 0.7595953157924 0.832809322133836
"diaA" -0.130546793508373 5.87168448873079 0.924994067098602 0.777834386564379 0.851097344817937
"aspA" 0.0903357621280078 9.85179817730693 0.0770036147284619 0.781609405244508 0.853517470527003
"acrR" -0.079979058291154 5.83242723944289 0.320520136576977 0.784340095290378 0.854789804448196
"nuoG" -0.0536411551322882 9.37550751479793 0.072871549369188 0.787404283027324 0.856419797874341
"ispG" -0.031015128610324 8.93273509903363 0.0682273641860382 0.794131942701554 0.859522451633346
"yigZ" -0.0357038253146746 5.91583013689428 0.0945248144211161 0.794651979123106 0.859522451633346
"mukB" 0.0426751159004821 9.2077695123152 0.0676538371907155 0.794979556913626 0.859522451633346
"leuS" 0.051967025941773 10.3761414719064 0.0653552532257136 0.798415710846366 0.861531577316435
"ftsH" 0.0597962599146006 11.6494876567612 0.0554004051667169 0.814095385335207 0.876718107284069
"uvrY" -0.0697808727906876 7.35293148864706 0.213840814093038 0.82604229963108 0.887649065251248
"lptD" 0.0383926435825507 10.3274789947545 0.0464233169420495 0.829568668187053 0.887649065251248
"hyfF" 0.0429580308556476 3.46566557023005 0.0457899299012595 0.830717498074242 0.887649065251248
"proP" -0.0464192077350351 10.395703001838 0.0457729093074608 0.830748484145398 0.887649065251248
"rimJ" -0.0283818740204544 6.45732056012068 0.0438055399099648 0.834371571194344 0.889779058343968
"acrA" -0.0288579967562097 8.71305223558665 0.0424960796909653 0.836830355081011 0.890661547513123
"trpS" -0.0327312505708313 8.26518663512312 0.0392721745136882 0.843057590351844 0.895543666015772
"tufA" -0.0522307994792325 12.9668386641618 0.0380752956627264 0.845436843897521 0.896327217025333
"yceM" 0.1694034662492 6.67423302805113 1.26376201229116 0.84925438718336 0.89862964225216
"rcsD" 0.0261247024339453 8.01584350485104 0.0350180098194311 0.851696614363175 0.899470699114687
"gyrA" -0.0372181762356323 10.3623718331473 0.0306507135534902 0.861151405913753 0.90770013055774
"ygfI" 0.041662257795667 3.44535662105117 0.0282279444056065 0.866698166855889 0.910292896233908
"bdcR" -0.0387963564416794 4.19093412463461 0.0619632194596332 0.866945615460865 0.910292896233908
"nuoN" 0.0283597423588748 7.99939204311934 0.0239107306918636 0.87722627265793 0.919319663860325
"infB" 0.0337220682725327 10.7305682897704 0.0211661049084821 0.884434482772825 0.925098137153184
"lacZ" -0.061643804516775 10.9328353098913 0.0202759719863985 0.886873820632852 0.925875919819383
"selB" 0.0219362789121288 6.79113563596964 0.0184448555208387 0.892069899222253 0.929448976221173
"yigI" -0.0287283183323903 5.18308833979322 0.0178882675700207 0.893700938674205 0.929448976221173
"insD1" -0.0157809106496356 7.65446247896874 0.0160154708550126 0.899387744822891 0.930883873675603
"aroA" -0.0233779287519937 8.23469775146746 0.0157975680411095 0.900070908068619 0.930883873675603
"gltD" -0.0285078351710282 9.74191346453744 0.0157580250262065 0.90019539432366 0.930883873675603
"narX" 0.058024948100614 6.07934857313807 0.229877287703093 0.908280189506591 0.937155328542843
"speA" 0.124009041151092 10.2012518773189 0.366354458844387 0.909944627035709 0.937155328542843
"yfeR" 0.0488636604199944 4.00801002081009 0.084894100404334 0.912946473645001 0.937155328542843
"lptC" -0.0152760427039846 7.45637196039817 0.0115070555822165 0.914652649524348 0.937155328542843
"ytfP" -0.0576533172724176 6.69408421290978 0.13827518125179 0.91484210643468 0.937155328542843
"pepQ" -0.0128642543888219 8.19746980121238 0.00986296644079855 0.920962903021613 0.941658698595132
"nudK" -0.0149657926741222 5.50767268296118 0.00908340915866133 0.924140810067091 0.94314183606847
"iscR" -0.0150566983358758 9.04382134718087 0.00702959296137792 0.933242834013988 0.949228551803649
"hldD" 0.0108030394573522 8.82801794973286 0.0067367890896733 0.934644742651281 0.949228551803649
"alaC" 0.0133061129423971 7.77513185067978 0.00659790153110794 0.935320441154512 0.949228551803649
"cycA" -0.0165213314212993 8.37067966919464 0.0056516017994777 0.940128712137688 0.952338175931684
"ydhI" -0.0107319294046757 3.70469037635921 0.00288651450387268 0.957192442038949 0.96782791361716
"ptsH" -0.00910324787245241 9.79641177850932 0.0018631400091447 0.965602201476174 0.974526436240279
"murE" 0.00456695353627905 8.10828242465852 0.00103888056823464 0.974310799871735 0.981501285479644
"bamA" 0.13135209625327 10.5663123802027 0.440770376386968 0.98561626165755 0.991061655368365
"murD" -0.00132495493082416 7.74993323517584 0.00010255650582058 0.991927326380469 0.995574118021574
"araB" -0.00286766642774494 10.6489866340301 0.0000271729120266187 0.99584463331028 0.997671871169565
"pykA" -0.000447296769553176 9.28662508332148 0.0000070506076662705 0.997883316136652 0.997883316136652
