"logFC" "logCPM" "F" "PValue" "FDR"
"focA" -1.40915578505806 9.08755825083549 65.0158909473423 0.0000000000000235481040180079 0.0000000000241839028264942
"mqsR" -1.57896004563589 8.34916631024572 34.1554954094752 0.00000001447414157071 0.00000646354604957007
"mqsA" -1.47900691400279 8.39024754340836 33.5741266529654 0.0000000188808550620353 0.00000646354604957007
"uspB" -1.51038260839895 8.80925925268648 32.4412717730023 0.0000000317488484740763 0.00000673870946200818
"suhB" 1.5275951245999 7.02878270699636 32.3699326950377 0.0000000328077383739444 0.00000673870946200818
"tsaA" 1.00854782519111 5.43616727212393 31.110553028586 0.0000000586408399528281 0.00000821267046513913
"yibT" -1.33534591620836 8.22443287241423 31.0208583065359 0.000000061124362339903 0.00000821267046513913
"tyrA" -3.09792940679919 10.5302444126136 30.9223622782742 0.0000000639740639932941 0.00000821267046513913
"yqjD" -1.13155353875617 8.76048604810606 27.8693619204928 0.000000265182709156626 0.000029893332695781
"aidB" -1.36868579130269 8.5501933918875 27.6707494041231 0.000000291074320309454 0.000029893332695781
"ppiA" 0.858563893960957 6.41051860359708 27.0717357575879 0.00000038569478590728 0.0000360098677387979
"ykgM" -2.56929210249593 8.98977209654634 26.5427910374751 0.000000501698574519368 0.0000406732630217992
"ivy" -0.966125621402369 7.78483718122671 26.4587208385963 0.000000514851430655686 0.0000406732630217992
"aroF" -3.01670748730761 11.2094127554833 25.6597958789332 0.000000751084114096643 0.000055097384655518
"yacL" -1.08045973324588 6.10440425958981 25.4564963821905 0.00000082702611654609 0.000056623721446189
"msyB" -1.16583281874561 7.9498237117309 25.0682033938592 0.000000994315114255399 0.000062815580361699
"yohC" -1.65085141209895 9.80968675146186 24.9740485244655 0.00000103979052205344 0.000062815580361699
"pepT" -0.835460458959135 8.11457794190447 24.8248769631119 0.00000111617904469476 0.0000636842154945289
"ilvC" -1.40661590966082 7.72413964630493 24.6814607301169 0.00000119496299602585 0.0000644313459118854
"ydiY" 1.28752897422073 4.74786709282154 24.5788637400866 0.00000125474870324996 0.0000644313459118854
"yaeH" -1.01284920297715 8.04788585387465 23.2551776197314 0.0000023607085024671 0.000115449887239701
"treF" -1.06467570962276 9.02868269018989 22.8951696461101 0.00000280544583699894 0.000130963312481723
"blc" -1.00948823203214 7.274871161414 22.7005370663889 0.00000308023084656455 0.000137539003453121
"yqjG" -1.01289234574921 8.06189333455752 22.3887282833497 0.00000357831394607074 0.000150389593233989
"ybjQ" -0.779611387183343 6.87726597064901 22.3393887377863 0.00000366427633837339 0.000150389593233989
"hdeD" -1.32048285785382 8.38125594458661 22.259816513543 0.0000038073314742782 0.000150389593233989
"sodC" -1.20765917835541 8.64904982398757 21.6051772015455 0.00000522049033405652 0.000198571984188002
"yceK" -1.05228172885442 7.55207373832044 21.3833801367105 0.00000581116534205633 0.000213145243081852
"ybdK" -1.09213936765452 8.38943951777132 21.1340187682907 0.00000655638668612918 0.000229983738692893
"ynfK" -1.14154096167676 6.05122514006735 21.0836951781978 0.00000671812284399881 0.000229983738692893
"ybhN" -0.895962046376737 4.98606005858542 20.8994972555701 0.00000734530477653862 0.000243342838887263
"yhhA" -1.20023501898664 8.39323046491138 20.5384491785917 0.00000875178940248317 0.000280877741135944
"fic" -1.04409340582363 8.25354630642235 20.3954090528605 0.00000938169944589067 0.000291969858513022
"uspD" -0.790543756689116 7.0285717622711 20.0947285039401 0.0000108594421182961 0.000319030596416014
"ybjP" -0.876336477778063 7.77291106224322 20.0922578069623 0.0000108725130229411 0.000319030596416014
"ymdB" -0.830495376615421 6.79199426062197 19.3241055387896 0.0000158159931505938 0.000451195137934994
"bolA" -1.20554511620665 9.2860104551131 19.1304876404644 0.0000173873039046149 0.000480482774359286
"ycgB" -1.30733741311402 10.408618529807 19.076624269838 0.0000178518786332718 0.000480482774359286
"ycaC" -1.09173711099114 8.49396992835367 19.0320092285505 0.000018246181304783 0.000480482774359286
"ychH" -1.84767252563128 11.0168207196757 18.512633707331 0.0000235397624390788 0.000595746871589955
"hchA" -1.01714349990313 8.32523373157343 18.4916662337044 0.0000237834680965805 0.000595746871589955
"qorA" -0.966492022456874 8.67062041930286 18.3493525803129 0.0000255064533347139 0.000623693513684553
"ydhS" -0.83157907094768 7.22821667081075 18.2959059307879 0.0000261856886144957 0.000625411679234584
"msrA" -0.73419927495051 8.16977150749082 18.078854261764 0.000029137584511947 0.000680097711222035
"dps" -1.65813901377538 13.3142504195053 17.9609986888605 0.0000308792729149429 0.000704733628525474
"fruB" -1.63887679817466 10.7060274792117 17.7607992773593 0.0000340829472863426 0.000760938844849431
"glsA" -0.991448182979234 9.21341760496355 17.6438390061449 0.0000361082367492211 0.000777679659579271
"ygaM" -1.26786903826647 8.53797429793956 17.6304763522204 0.0000363472479647566 0.000777679659579271
"yghA" -1.07087718990712 8.20064320850637 17.5011007191732 0.0000387457839576905 0.0008116425538934
"yegP" -1.06341117300126 8.18505358962006 17.4613104905006 0.0000395152168399902 0.0008116425538934
"osmC" -1.2278427262011 10.3373181592475 17.3253159296005 0.0000422636994036381 0.000851074887990909
"hdeB" -1.22264433731663 9.42988903399879 17.2341112223378 0.0000442146403236193 0.000873239146391481
"gsk" 0.638911058196595 6.50685138230817 17.1277997741046 0.0000466041595779626 0.000903065507293729
"yiiM" -0.568725399691551 7.17924232606042 16.8237968175915 0.0000541841824777526 0.00103050287786393
"yccU" -0.751453846014955 7.93060945166355 16.6517427064225 0.0000590158026770175 0.00110198598816904
"uspE" -0.964990348081366 9.77030051199128 16.6077584730748 0.000060319533730666 0.00110596663490904
"yodD" -1.19419006605052 9.18971401773404 16.5725949733334 0.000061382763573335 0.00110596663490904
"ydiZ" -0.917448059656866 7.37593919628162 16.473742377981 0.0000644745548494026 0.00114164427293683
"gadC" -1.39956175403058 10.4863986181667 16.4214414983254 0.0000661736858982932 0.00115187076978893
"mreC" 0.743738575496462 7.11341952670302 16.299952474199 0.0000702977501280693 0.00120326315635879
"bssR" -1.57284319258094 10.5509516651892 16.214144754108 0.0000733666011697418 0.00123520490821844
"yahO" -1.00109673845929 8.41765669193503 16.075903368782 0.000078598876691697 0.00128349236420409
"ydhQ" -0.589215851727614 8.84345278792755 16.0724530368186 0.0000787341956619843 0.00128349236420409
"patA" -1.20025449844601 10.8523005343866 15.9607002077843 0.0000832470463086007 0.00133585494623333
"dxr" 0.487105319966193 7.24183291001903 15.691838364727 0.0000952086023900928 0.00150429591776347
"pcnB" 0.59277255431595 8.41359859815402 15.6179196790848 0.0000987926968105441 0.00153727423673377
"wrbA" -1.01847631536742 9.87121072525502 15.533343690839 0.000103061624715048 0.00157976550122917
"uhpA" 0.909205001503731 5.47937699176204 15.36895405993 0.000111901644401782 0.00169004395295045
"metF" -1.65658798281604 6.59777546593153 15.2852634094172 0.000116693480270183 0.00173687252518084
"ydcL" -0.78021969064659 7.62425387387213 15.2558697197258 0.000118425374287765 0.00173746941990764
"dkgA" -0.969124019815472 9.05332815997511 15.0659671972021 0.000130260276544597 0.00188418738044086
"mdtF" -0.89835048196318 7.86068903499405 14.9824786668427 0.000135836239455434 0.00193755302667681
"yeaH" -1.18759661484948 9.78296768853224 14.8445546148081 0.000145583205102038 0.00204813632383277
"osmB" -0.901134653857529 9.33327991483647 14.714245961228 0.000155443188153632 0.00213023771821517
"cfa" -0.94913220909012 11.014727418385 14.7126570300938 0.000155567506198771 0.00213023771821517
"rpsU" 1.16037968589675 9.18640696780436 14.6806805249727 0.000158090890736229 0.00213630716823825
"mdtE" -0.868002248615641 6.82536641064449 14.5462951290749 0.000169157722227915 0.00225616858088401
"cbpA" -0.748992252965969 8.68361980665481 14.5143602294644 0.000171901189428465 0.00226336566080812
"potA" 0.711704574325853 7.34972842955061 14.2466999515468 0.000196744685410955 0.00255768091034241
"yejG" 1.08538182606332 7.23271363265868 14.1885367545083 0.000202608233755631 0.00260098320083791
"yecJ" 0.833367906548469 4.91106304481896 13.8997813624236 0.000234452965321538 0.00297263204179283
"yqjE" -0.767101485803811 8.58734835727695 13.8525095300015 0.000240130584430861 0.00300271773754508
"yiaG" -1.10872019654359 9.31835570488122 13.831704659044 0.0002426733906682 0.00300271773754508
"cbdA" -0.688700958293135 6.05796907647421 13.762376775172 0.000251345684780983 0.00300705343735704
"luxS" -0.632939537050734 9.1084802802399 13.761898327533 0.000251406614387654 0.00300705343735704
"ldtE" -1.1034815921489 10.4346688019709 13.7587510806547 0.000251807785406724 0.00300705343735704
"mepS" 0.845463741421384 7.34510351597869 13.5643224655146 0.000277893787852967 0.00328042436925284
"ybgA" -0.748459066461035 6.81881634426697 13.2655361621321 0.000323436817688767 0.00377465467916322
"xseA" 0.553775426723511 7.51239722667451 13.2333977265489 0.000328766863778765 0.00379374796742462
"tyrP" -1.06676544506655 7.40230443972846 13.1691641206186 0.000339688588451121 0.00387622422599224
"pgl" -0.806335247234007 9.30272232081037 13.1420801748334 0.000344403451645084 0.00388683895428023
"moaB" -0.637013048997494 7.09351739522387 13.0843094364433 0.000354683648202259 0.00395934898590999
"xanP" 0.880805924983316 7.27700311718178 12.9418407758137 0.000381388134346813 0.00421167326853953
"trmL" 0.635740157217442 4.94886773500027 12.8919567578301 0.000391213746198357 0.00422989092533628
"aroK" 0.543161503103764 8.10908374478677 12.8916487443685 0.000391275207309588 0.00422989092533628
"yeaG" -1.28152333005544 11.9957177845096 12.8677684334356 0.000396070269997527 0.00423712674257772
"ybgS" -0.901154276324391 9.43538624606816 12.8318964220578 0.000403385635087366 0.00427089739417242
"ihfB" -0.688995088099502 8.97742673012789 12.7635387644355 0.000417708005977186 0.00431447999296473
"hdeA" -1.1146979074169 10.7063186014017 12.7608586160263 0.000418279960846914 0.00431447999296473
"yohF" -0.810189834469449 6.91760843677704 12.7384715426279 0.000423088638550862 0.00431447999296473
"fbaB" -1.03060671242599 10.6635187514958 12.732844065806 0.000424306211576863 0.00431447999296473
"ldtD" -0.703198156005647 9.4542263927605 12.4390871742371 0.00049306736606817 0.00496451161717657
"raiA" -1.12456675581359 10.3843052609141 12.4165731746884 0.000498783220359038 0.00497330453697798
"poxB" -0.933757327110599 10.1084327356831 12.3630576106172 0.000512641530529808 0.00506233511398186
"ispA" 0.572441953559377 7.40686618948645 12.32227320971 0.000523465254447613 0.00511998872683522
"alaE" -0.943928323038064 6.7655601278735 12.244795747954 0.000544670986172389 0.00527714247923626
"proQ" 0.547816316388807 8.70354701991238 12.0344742054789 0.000606747998969661 0.00579445014821622
"tilS" 0.449570811359118 6.14940436296201 12.0261488345129 0.000609348214223322 0.00579445014821622
"otsA" -0.733058086983212 9.73351799865424 12.0021450272181 0.000616908786096092 0.00581252590202464
"uspG" -0.724940243607097 7.33575660774482 11.908531240001 0.000647317552828797 0.00604359206141067
"pfkB" -0.608723451890642 8.32511914105124 11.8277128076005 0.000674794041508252 0.00624336469035113
"hscA" 0.684332362894556 8.26695218718634 11.7749919930202 0.000693354392428314 0.00635781215199892
"secG" 0.816885212685282 8.73029372592175 11.6514041593277 0.000738925564068024 0.0067157217194501
"yahK" -0.746102962171493 8.97293075846901 11.6339171763285 0.000746752983299871 0.00672732731446463
"rimP" 0.535254206918539 7.3688224610332 11.5831759633909 0.000765377380555577 0.00682301460439216
"ftsN" 0.610092765626207 7.18585100701407 11.5597764839808 0.000774669458341747 0.00682301460439216
"gadA" -1.14201798708491 10.9030684335844 11.5531904259549 0.000777305461259867 0.00682301460439216
"yjjZ" -0.917189990862559 8.07118291407919 11.499641493265 0.000799079464945207 0.00693806534345249
"frr" 0.59281626538004 9.89436581166239 11.487929679309 0.000803923832396151 0.00693806534345249
"yodC" -0.955506500291272 7.57116119902249 11.460938369173 0.00081520237540218 0.00697677366281699
"gstA" -0.538659621071725 7.75501503716836 11.4402608824709 0.000823951445604202 0.00699337301351665
"purF" 0.728479657370302 9.09959425848997 11.423313563752 0.000831193412228744 0.00699701339638459
"epmB" 0.466934252969605 6.33940860322677 11.3265540165321 0.000873799536579635 0.00729587092737631
"dosP" -0.779445970841598 7.07184463791386 11.2634114587188 0.000902795293528958 0.00747718360043742
"cmk" 0.508018707026803 8.52663322431055 11.2172454604737 0.000924613421089253 0.0075966238676693
"yncG" -0.874268001788666 6.79361816520597 11.0772855108165 0.000994096183482036 0.00810267286060358
"ddpF" -0.637623638863105 5.78834916101319 11.038283344517 0.0010143897690582 0.00820297868364385
"yehE" -0.799501860839757 5.50867960971387 11.0030309494188 0.00103309506460719 0.00828897368243424
"yghU" -0.569111372888751 8.0183786510967 10.9339375167082 0.0010707820724676 0.00852475339863743
"udk" 0.571032810426833 5.95381096975975 10.8728459930156 0.00110526965895567 0.00873163030574979
"ecnB" -1.14313486154948 7.64834871969704 10.8527265631497 0.00111687347389133 0.00875594700523965
"ispB" 0.457441557629088 7.87033052745344 10.8097626210146 0.00114206993817621 0.00884715853913098
"csiD" -1.32949101894598 10.1834439480299 10.8035899911519 0.00114573718179593 0.00884715853913098
"ybgI" -0.506548024587508 7.54941025224896 10.7856513993172 0.00115646296751286 0.00886333931071421
"basR" -0.576695714144294 5.0012011465034 10.733294836324 0.00118835643481434 0.0090403115448469
"ybeL" -0.828307014601383 8.48088993484276 10.7183177869418 0.00119764361515357 0.00904397053501996
"ahr" -0.714608004427913 7.88780025723378 10.6395015701709 0.00124774974163395 0.00935356923108074
"purN" 0.678490068688386 7.7257516309175 10.6092789747885 0.00126752520564337 0.00936956535967506
"phoP" -0.437721582376186 7.88768051781065 10.6083621522177 0.00126813007302321 0.00936956535967506
"gadB" -1.14466187261708 11.1348068906832 10.5942381282287 0.00127748555225037 0.00937126901543663
"serB" 0.488182635071505 6.61954967489348 10.5446285600536 0.00131090692635065 0.00954823697419939
"ygiW" -0.98984526448921 10.2800666498514 10.5167393156355 0.00133008545147094 0.00956146882532203
"yojI" 0.575929379208293 6.59131121893361 10.5149238432816 0.00133134376048788 0.00956146882532203
"ghxP" 0.74673652308466 7.08562863213958 10.4949112449044 0.0013452952032027 0.00958293782770122
"hpt" 0.554310982537997 6.84725033696333 10.4839565110399 0.00135299511686142 0.00958293782770122
"rho" 0.618222694783405 9.78724081401119 10.4245983260281 0.00139550504143365 0.00981632655857777
"rnk" 0.441379047866897 6.44747535107733 10.3305915188822 0.00146563335872079 0.0102208566173645
"tomB" -0.596046223949133 6.81717612023438 10.3210905774545 0.00147291799354425 0.0102208566173645
"thiB" 0.532538081984806 5.7105579609195 10.2529477756302 0.00153597918960194 0.0105869169645718
"nsrR" -0.482562015320148 6.19135842435142 10.2235423973746 0.00154988051450585 0.0106115152559834
"ridA" 0.740390314710157 9.14931602316517 10.0272876617676 0.0017173838675739 0.0116804849801218
"dnaX" 0.435730796668007 8.04020885565027 9.94140332364537 0.00179638851130642 0.0120676126439063
"iscS" 0.652062180918911 9.80625319322448 9.93989992226588 0.00179780402582051 0.0120676126439063
"ldhA" -0.55100496608005 7.88214142517346 9.92455865429923 0.00181231367877273 0.0120860139486986
"dhaK" -0.542438591890032 8.35364308806674 9.89552375703795 0.00184010255622198 0.0121513599131548
"ydhR" -0.624845100991445 6.5484567101647 9.88965073991307 0.00184577618933997 0.0121513599131548
"rssB" -0.541285304581315 8.52528196840723 9.80686622127839 0.00192767628070388 0.0126097040782349
"mug" -0.482416667332264 6.37231800715802 9.78327180042198 0.00195169095254591 0.0126859911915484
"ivbL" 0.98542815443407 4.32111485788003 9.75995483359208 0.00197572323383093 0.0127614324600275
"agp" -0.932560966312506 8.6119955499407 9.73099044900636 0.00200599731485745 0.0128759952647413
"ygiN" -0.541140467489844 7.70676761870838 9.63893577476333 0.002105395836053 0.0134300715753194
"pyrH" 0.59780697111826 8.39855671086565 9.61006431074645 0.0021375953440811 0.0135512988788351
"mltD" 0.594212241934614 8.59770087668561 9.59605425530496 0.00215340108993271 0.0135677479715392
"yajO" -0.688219251955431 9.38060081156241 9.55570666738471 0.00219959004669567 0.01377426206071
"yhcO" -0.833037996019698 6.23503184681838 9.50277744974749 0.00226172031588434 0.0140774955418983
"rsxA" 0.507770298215205 5.11148233494526 9.45136998143864 0.00232378038790573 0.0143766413155373
"rapA" 0.4750491778246 8.45806017645339 9.33339843019885 0.00247285848809079 0.0152073393249655
"elaB" -0.933242156193229 10.2542466554301 9.31918765407798 0.00249146394833741 0.0152305563984674
"lpoB" -0.496064418197531 7.87601156976715 9.30586904689259 0.00250903116131149 0.0152471893648929
"coaE" 0.443787708750237 5.73697479719462 9.21454404996883 0.00263294766133005 0.0159061014599174
"bssS" -0.895108593491304 8.87297539505199 9.19225826100161 0.00266412481585342 0.0159649230270533
"rplU" 0.712116355140171 10.2005722594488 9.18541429834387 0.00267377483997388 0.0159649230270533
"gmr" -0.519920754035871 7.14542485536247 9.15233731110484 0.00272091958259783 0.0161525110481386
"rlmJ" 0.401964674036258 6.68769487467155 9.13423759221099 0.00274707596080264 0.0162009083885498
"osmE" -0.843009855481268 9.99819627341036 9.12493298409911 0.00276062216942183 0.0162009083885498
"secE" 0.427006213123786 8.57006551090073 9.02884966242599 0.00290456427076225 0.0168043477438835
"rplL" 0.722681894297385 11.0645010217524 9.02653171884594 0.00290813002514043 0.0168043477438835
"atpF" 0.667408757141712 9.69533861480317 9.01288431168794 0.00292921513499141 0.0168043477438835
"thyA" 0.434234288022325 7.20967986357645 9.00356061607994 0.00294370996418314 0.0168043477438835
"dppC" 0.794349807066149 6.0105891492415 9.00256598769542 0.00294526055881113 0.0168043477438835
"efp" 0.546829199766574 8.75569593378896 8.91729346304121 0.00308135178937233 0.0174836921971568
"yfbT" -0.447793656581103 7.46473261188809 8.89871879250225 0.00311183944546985 0.0175596654422942
"amn" -0.44852646721294 8.01054164638798 8.87772936919605 0.00314666210280733 0.0176591365004543
"purM" 0.771724163325909 8.85890406318011 8.85260791467969 0.00318886455477641 0.0177608001047767
"lhgO" -1.04858471657052 9.48861932174884 8.84641014890602 0.00319936516006201 0.0177608001047767
"ygdI" -0.781530413448417 8.63421302511913 8.83518234849864 0.00321847810042189 0.0177708441351252
"tam" -0.672293521518632 7.52853220317649 8.79964534545875 0.00327974575225612 0.0180122935164012
"tyrR" -0.42045624594007 8.293030714487 8.76430709173416 0.00334185439348936 0.0182557684154977
"glgC" -0.58777098394617 9.31700940418104 8.74351310017388 0.00337896190247948 0.0183608141473356
"pepB" 0.493570006787947 7.88549724797112 8.70843481324262 0.00344251845205055 0.0185444365012091
"yqjC" -0.599818850125096 9.1215709898106 8.70496686404446 0.00344886793742058 0.0185444365012091
"eptC" 0.5154833258901 7.27043947209679 8.69345765608033 0.00347002621863888 0.0185610256590736
"yibH" -0.620227246926435 6.74499594495176 8.62439610925787 0.00359980807686719 0.0191554554142104
"yggE" -0.435403991526791 8.5060694302735 8.60148639277836 0.00364394937451626 0.019290391791898
"dld" -0.534397568209246 8.62891055792392 8.58016912984278 0.00368552002943518 0.0194104054883586
"sucB" 0.664417559844414 9.96702975608875 8.53513935570578 0.00377493571401192 0.0197798927463788
"ybhL" -0.544922790015924 8.66276093957077 8.47400403272491 0.00389989974352449 0.0203309494243637
"ygiV" -0.577839925000518 7.14656415365702 8.4550942298111 0.00393940409993307 0.020433171770865
"talA" -0.833321060920411 10.3158079932109 8.39035869390908 0.00407777315458407 0.0210445880892354
"dinQ" -0.840754712179263 6.92137195968198 8.29840765548299 0.00428292306868762 0.0219928099577109
"yodB" -0.773491821619332 3.71354105616093 8.27184236168437 0.0043441393202129 0.0220898379830203
"nnr" -0.513466690580517 8.09841809554877 8.27154195033985 0.004344836682152 0.0220898379830203
"yjbJ" -1.10762077561547 9.90746753361065 8.23652471692858 0.00442691532568896 0.0223962662043476
"ushA" -0.412983993543527 7.71014685057569 8.18752384691693 0.00454444678874574 0.0228781708433425
"yjdC" -0.447865031033111 8.22643372398849 8.1442474036234 0.00465090644289136 0.0232086596397324
"yeiI" -0.401864243779214 5.60210317938011 8.13029751974594 0.0046857652108043 0.0232086596397324
"zinT" -1.45776411394637 10.2378078627338 8.12569176229711 0.00469733306401 0.0232086596397324
"trmA" 0.462137647421622 7.91381524098692 8.12443762677619 0.00470048802830022 0.0232086596397324
"sufA" -0.610391786270598 7.79285881847652 8.08713160812627 0.00479533712075534 0.0235636900622763
"glxK" -0.542388675232327 4.02559316553022 8.07766307288095 0.00481972126050899 0.0235707320692511
"ada" -0.517139802104761 6.9457977296544 8.06203862455484 0.00486023696178273 0.0236562244537956
"ybhG" -0.539244760791076 7.78392165702519 8.04504494724195 0.00490469988677153 0.0237600319986526
"sixA" 0.536505767817823 8.61498404908544 8.0264834217338 0.00495374187369445 0.0238375694432507
"yniC" 0.40906793939624 5.52661066604989 8.02144995951269 0.0049671274205021 0.0238375694432507
"carA" 1.16585050155837 9.6583369787934 7.97266490313191 0.00509880028735822 0.0243556646284507
"panF" 0.427450661527297 5.57919716792626 7.94323400280146 0.00517996181379114 0.0246287999202014
"rpsN" 0.747714965309215 10.9411604333169 7.9127065816376 0.00526554839350364 0.0249203603692545
"sdaC" 0.737160952373388 7.80251129334016 7.87097023539515 0.0053849140374454 0.0253683794332864
"yqfA" -0.451479737927455 8.35154392570275 7.82163516459412 0.00552960026730085 0.0259310478288492
"yqhD" -0.402797167603078 6.35962553411593 7.74340292200107 0.0057672650746277 0.0269226419620121
"mcbA" -0.84631694655583 8.09151258669267 7.73443764948011 0.00579516270750115 0.0269304619936818
"ydeI" -0.68466659390223 7.34316819641012 7.71072104710994 0.00586963270778346 0.0271536612202415
"ydgD" -0.560998701707775 7.69664292942836 7.68843752240479 0.00594049823577629 0.0273544721207053
"tktB" -0.885985954078029 11.3159541150867 7.68038839527616 0.00596631134862511 0.0273544721207053
"tdh" -0.422769153167954 8.20673280196537 7.6178323640288 0.00617089286731554 0.0281666976654803
"yceM" -0.418375289474679 6.6738278858352 7.53894422744753 0.00643920126915662 0.0292613261213444
"metE" -1.10442351152392 10.558915476403 7.50539339876354 0.00655691745135796 0.0296649965750864
"gabD" -0.921490489173005 9.95902067934793 7.4484634870329 0.00676174655282957 0.0304575162708595
"tusA" 0.509161369974941 5.07586859296584 7.4306294088319 0.00682725596597057 0.0306183051399641
"nuoA" 0.47118568904246 7.32979206646803 7.40736755434194 0.00691368483827891 0.0308711057778802
"fhlA" -0.470178807249468 6.61850374465243 7.32259842679778 0.00723827799191582 0.0321805692541019
"mreB" 0.495537320564256 8.98537147787008 7.23680789347742 0.00758276404826382 0.0335668046446851
"pitA" 0.415318393355778 8.56007572986618 7.21396146077755 0.00767731567902366 0.0338394987225635
"tgt" 0.516782187115068 7.94207270783461 7.17849475317458 0.00782650739354041 0.0343496713383163
"purT" 0.645936803302024 7.98483759931442 7.1681997896476 0.00787036977634374 0.0343951904693831
"yjgA" -0.418776749170631 7.84707585179359 7.11538525879571 0.00809940128739694 0.0352461233989689
"lnt" 0.365831484968366 7.27574291191216 7.08803487376976 0.00822069238630365 0.0356230003406491
"prs" 0.562606966165414 9.43223080691881 6.97331317498751 0.00875018299113193 0.0377581425709768
"lpxD" 0.415563578759411 9.59644268816758 6.96258137430172 0.00880147897630328 0.0378205812077969
"ribE" 0.386134601056471 7.78409600985144 6.85816889199174 0.00931702218987901 0.0397960833270587
"pyrI" 0.875756789111822 9.29307599176893 6.85390780641948 0.00933871088784922 0.0397960833270587
"galU" -0.374821301168567 8.55633619225075 6.76256852955674 0.00981635335508934 0.0416586565937056
"spoT" 0.431395318474536 8.95016697073648 6.75062788751719 0.0098806308691166 0.0417588802575422
"gabT" -0.862012018092907 9.9159165630422 6.73043653961864 0.00999031207256587 0.0420493872890375
"ytfK" -0.868413814132351 9.14757463182115 6.7123121520446 0.0100898348811942 0.0422949405019856
"lysU" -0.370887625728518 7.87201261280329 6.68643562245106 0.0102337011754235 0.0427236223868292
"relB" -0.580275408737332 7.70525221176004 6.67370404689952 0.0103052603376361 0.0428030083498381
"lepA" 0.391756327452902 8.91274402017423 6.66825018142696 0.0103360721234273 0.0428030083498381
"yebV" -0.935210529091511 10.3107712823801 6.64078893403897 0.0104926659919287 0.0432769798140996
"otsB" -0.544527040432025 8.9814875672753 6.62733207749593 0.0105702936033818 0.0433030071853093
"yjjI" -0.48926891643224 6.10529002593382 6.62508642178193 0.0105833055535663 0.0433030071853093
"yaeQ" 0.350820825784667 5.41334577108631 6.58592733487133 0.0108128810959407 0.0440667812917902
"tsx" 0.64831015444943 8.46965685685173 6.5675967927575 0.0109221068720769 0.0442964952045657
"osmY" -0.683781301453456 11.2098829110559 6.56118003998275 0.0109606108523736 0.0442964952045657
"ascG" 0.424066683771754 4.72552605204642 6.55486473882339 0.0109986429183683 0.0442964952045657
"rpmB" 0.620149318062075 10.4988730549598 6.51811651595598 0.0112226681780925 0.0447932026259813
"tig" 0.583252025045213 10.7459640288476 6.51678541249617 0.0112308707558342 0.0447932026259813
"fkpA" 0.375585406910139 8.88741456008847 6.51322842837988 0.0112528201338882 0.0447932026259813
"cho" 0.396508142660105 4.47411531022546 6.4956412619825 0.0113619996193369 0.0450531799577568
"yidC" 0.583081753209099 9.31888514928577 6.48799687945348 0.0114097958013199 0.0450686934152136
"sugE" -0.403523519612984 5.39058922328965 6.47844073788763 0.0114698374033293 0.0451322720812996
"atpA" 0.636673872466776 11.2697355308353 6.43464106308352 0.0117492375788727 0.045982337150722
"typA" 0.574706546083867 10.7337173558055 6.43059214797846 0.0117754183745276 0.045982337150722
"yaiA" -0.550475751490729 7.65159962955207 6.39038180520735 0.0120387191449896 0.0468324415223648
"putA" -0.606216145535134 9.37715516884349 6.36856785280024 0.0121840972210164 0.0471067201889777
"rpsO" 0.651265190677536 9.11573019716526 6.36605478633832 0.0122009616068823 0.0471067201889777
"mscS" -0.501766896068067 9.28272051722231 6.31527122954356 0.0125469740965519 0.0482612074799956
"mak" -0.403193909953288 6.40366806674255 6.29562959135048 0.0126835087075673 0.0486043412039987
"yciV" -0.31738138080282 6.25878140346219 6.28568310124721 0.0127532347065658 0.0486898588983013
"yggL" -0.32596343040663 7.53775069537194 6.26035634488015 0.0129325737016871 0.0491916784875285
"kbl" -0.362198503635826 8.0627356754247 6.23851403415191 0.0130893337762804 0.0494249494180104
"deoC" -0.562304993787174 8.42405881792957 6.23840071886865 0.0130901521340787 0.0494249494180104
"sdhB" 0.625272781484683 7.9838569937394 6.22515120844192 0.0131862053646348 0.0494648596960261
"tsf" 0.5418420902604 10.4943845503067 6.22366142322755 0.0131970511749865 0.0494648596960261
"csiE" -0.854762874464804 9.8904763898022 6.17079302626086 0.0135879763670128 0.0507449153778986
"lysP" 0.430263977527841 8.37995612671701 6.14155983458559 0.013809262223764 0.0513844648688609
"yjjG" 0.333480757663972 6.63886667973636 6.11831584657406 0.0139878724126656 0.0518611731689806
"yciG" -0.724265888530849 8.65513778414247 6.07829295023862 0.0143010404152682 0.0528315413902176
"thrA" 0.657789783219915 9.67716190718489 6.06624884741247 0.014396696653734 0.0529482538819037
"ratB" 0.476561623313631 4.36963576922653 6.06135594524955 0.0144357459463808 0.0529482538819037
"metN" -0.634800563009198 6.76532187127022 6.0322165798352 0.0146705848913897 0.0536058682780259
"ydgA" -0.474182842051305 9.97797721277512 6.02621645812482 0.0147194302379779 0.0536058682780259
"yhgF" 0.403900997165583 7.66509275465349 5.98135829936051 0.0150899891500156 0.0547611973747915
"clpB" -0.855757014338879 13.0734835629721 5.92378330197625 0.0155798145609154 0.0563396815283808
"zupT" -0.316533698443415 7.16367891514395 5.9071333670636 0.0157245167857644 0.0566634341718598
"ampH" 0.389397071670803 5.80211143569035 5.88831521878283 0.0158897415447483 0.0570586173652324
"bglJ" 0.456879800215526 5.85452804655406 5.87035348972797 0.0160491266128893 0.0574301499353217
"atpB" 0.490424185996656 9.35806793956583 5.86217361014834 0.0161222601797822 0.0574797418403503
"rplF" 0.623997297805719 11.2320972071434 5.85630721046503 0.0161749224847724 0.0574797418403503
"rplQ" 0.58787706657084 10.5839492948665 5.83227150109028 0.0163925598510534 0.0580522723001096
"rplP" 0.625568525792593 10.7573382725665 5.79600574992438 0.0167267046721514 0.0590320470731941
"gltX" 0.426224347136586 9.02186305659596 5.77036823189425 0.0169671820767754 0.0596756712083847
"rimJ" -0.328963138721 6.45694645682686 5.7500319076778 0.0171604857518303 0.0601495524475417
"rpsF" 0.607617595210799 10.8014070589119 5.7384465937124 0.0172716289638433 0.0603332072988676
"uvrB" -0.389330669794871 9.26023694472999 5.72401261983344 0.0174111471584817 0.0606144004466463
"carB" 0.984931205070252 10.8244323561233 5.7137416069713 0.0175111386137754 0.0607565518795519
"sdhA" 0.691163308643854 9.28959876659791 5.7073250144957 0.0175739085780817 0.0607690374063632
"rraB" -0.373562306637799 8.70118101081933 5.66840397012652 0.0179596928075471 0.0617657934056698
"fiu" 0.868068903658399 10.775888921057 5.66613561627479 0.0179824461813975 0.0617657934056698
"fabA" 0.460078377366938 9.04950426068284 5.59823678156001 0.0186775768022332 0.0638413274235727
"rpsL" 0.579825501079944 10.9378460914304 5.59236243666345 0.0187390149532331 0.0638413274235727
"zapD" 0.336521247626517 5.91170745834381 5.5838738399091 0.018828166205094 0.0638413274235727
"accC" 0.508481172900508 9.67579804772756 5.58319000821275 0.0188353672924465 0.0638413274235727
"soxR" -0.42427686514321 4.6720638933304 5.56799652515606 0.0189961029186457 0.0640933491225012
"bcp" 0.378530281898698 7.75401550906761 5.56438317550266 0.0190345389312199 0.0640933491225012
"ndh" -0.551387805699173 8.02484842971272 5.54095215490252 0.0192857503575495 0.0647270118209258
"sra" -0.90246895984171 9.84613768775217 5.52408398287703 0.0194687321844786 0.0648760651830656
"glgP" -0.481874636542897 9.65399406906809 5.52061956566332 0.019506536330557 0.0648760651830656
"maa" 0.566632921559289 5.20393080515456 5.51941734293649 0.019519672971341 0.0648760651830656
"dnaN" 0.308087463309074 7.71076206641354 5.49510491070295 0.0197873181033921 0.065553469974786
"ydbC" -0.555222085701128 6.83017134340189 5.46681355326138 0.020103578501934 0.0663870582684444
"rplO" 0.635246306822194 11.2734099480717 5.44269170609624 0.0203773828106968 0.0670755517518768
"plsB" 0.407029240432027 8.69584009746779 5.40845233894504 0.0207727125252948 0.0681278792070799
"exbB" 0.455807342519773 9.20209332504064 5.40356834139801 0.0208297507994382 0.0681278792070799
"cyoB" 0.579498359296528 10.6853350437877 5.39115451782303 0.0209754621632182 0.0683866655289685
"bamD" 0.365738878017754 8.41947417369079 5.36692483215861 0.0212629322225371 0.0691045297232456
"rplE" 0.646316276068604 11.6010026741336 5.35265711660198 0.0214341265557201 0.0694411607972383
"nrdD" -0.45551903860507 9.3360912641705 5.32146071379256 0.0218134646809825 0.0704478875074499
"dnaE" 0.304647999773679 8.63072623070674 5.29437965938022 0.0221484331028457 0.071305457042704
"yefM" -0.369468576386033 6.13707495282079 5.26501245163826 0.0225177453673602 0.072207301450188
"fdoG" 0.764329963735984 10.6951945458232 5.2609626318263 0.0225691760131552 0.072207301450188
"rlmB" 0.298034312141917 6.50225803437166 5.24749415465365 0.0227411015781545 0.0725314016172817
"rplV" 0.653261909035622 10.4436121572152 5.24112136552506 0.022822925877698 0.0725670120012255
"osmF" -0.458045227019997 7.63790061795019 5.2153794807982 0.0231565802298894 0.0734006416546187
"clcA" -0.351032914764225 7.81146152764946 5.20858599661891 0.0232454799762152 0.0734557167248401
"ubiF" -0.364579057867793 8.0227934184349 5.19072978932865 0.0234808487844503 0.0737887543034778
"tolA" 0.298950366638604 7.41727849340218 5.18434246459944 0.0235656449411046 0.0737887543034778
"avtA" 0.439436757809156 7.83371149805266 5.18373730377381 0.0235736954230618 0.0737887543034778
"xdhB" -0.531090075085102 2.64302086274001 5.17399187269537 0.0237037352993264 0.0737887543034778
"sslE" 0.297790489311914 7.20287716363485 5.17351514336686 0.0237101157937173 0.0737887543034778
"rluD" 0.292427903734563 7.54200490439194 5.11201771069197 0.024548411517884 0.0761668236521659
"dppF" 0.514228593618269 6.70877698419585 5.10000441792259 0.0247157510333642 0.0762399553721745
"rpsE" 0.601518575046478 11.1202036344247 5.09326909305502 0.0248100916992996 0.0762399553721745
"truB" 0.333926184738436 7.50604887376506 5.0906989907425 0.0248461897963562 0.0762399553721745
"udp" -0.53428662438443 8.86294816961369 5.08908236086854 0.0248689240990053 0.0762399553721745
"fepA" 0.788511974394386 10.562768281275 5.08055631600991 0.0249891839376773 0.0763806306666506
"insL1" 0.363543410797253 8.57372628136991 5.05645913962285 0.0253323705569903 0.0770971881833366
"rpsD" 0.557834169027356 11.830790971568 5.05357614100424 0.025373758136288 0.0770971881833366
"cspD" -0.712220609069191 10.5851213727039 5.04657019783022 0.025474628363829 0.0771695797734881
"rplM" 0.552580726325302 10.8622779119586 5.04150170084701 0.0255478647740856 0.0771695797734881
"sad" -0.295582202104286 5.16217322326701 5.03462047428106 0.0256476462194424 0.077243790813394
"lpd" 0.535983524291605 11.2477075313153 5.02652072425748 0.025765618965478 0.0773721949635844
"fusA" 0.66132362429269 13.4764122481941 5.01057466658553 0.025999533496698 0.0776378785934405
"zapE" 0.338806779418192 6.02875924255671 5.01018430756964 0.0260052874743364 0.0776378785934405
"yeaQ" -0.719494094409167 6.14742639429871 4.99898445209059 0.0261709440825052 0.0779059697760373
"nusB" 0.373332387470321 7.77254013020744 4.98682031859306 0.0263521136945558 0.0780307823446957
"rplK" 0.551681971501504 10.4449848984007 4.98596973465896 0.0263648310356469 0.0780307823446957
"brnQ" 0.323273102668846 7.94136227992394 4.9505371792853 0.0269003373354369 0.0793869150675105
"rpsI" 0.567530149709548 10.5853100495357 4.94459941745566 0.0269911842804542 0.0793905512144031
"atpE" 0.441846943277105 9.11817776095124 4.94036435766959 0.0270561761684918 0.0793905512144031
"rpsR" 0.504430654106408 9.40175184413835 4.92956249130395 0.0272226857077962 0.0794594125094394
"purK" 0.588967600263285 7.85715195237391 4.92880614352655 0.0272343848133619 0.0794594125094394
"ybiX" 0.610854112645408 7.33244980494578 4.9175869274626 0.0274085415525232 0.0797409976613069
"deoB" -0.612846868734009 11.3927433265614 4.90854925560904 0.0275496813785629 0.0799252055813111
"torI" -0.593594359011776 3.81363791935187 4.82617499759915 0.0288717251608242 0.0833293695879031
"rpsC" 0.617539004080252 11.4808004089487 4.82534670095677 0.0288853510937619 0.0833293695879031
"glpD" -0.884963562138395 9.70005110874855 4.81155123580191 0.0291132872204822 0.0837516693989781
"rsuA" 0.339861396556651 6.75322513071045 4.80199482838504 0.0292722876151181 0.0839738530187886
"yfbV" -0.37230943163416 7.85335342411371 4.78546791616492 0.0295494151512623 0.0843591871870711
"gadX" -0.491356658389432 7.85146509093479 4.78419382578641 0.0295708932690804 0.0843591871870711
"rnb" 0.523847600391605 8.86194085684446 4.77909486554955 0.0296570134542003 0.0843705064195672
"rplC" 0.662367090721499 11.6767704112128 4.76678396054603 0.0298660269773857 0.084730413551865
"fabB" 0.454136265836143 10.2921836174876 4.73443628525119 0.0304226164409181 0.0860716999581898
"cirA" 0.869237290567384 11.4006032668496 4.69606134365212 0.0310970518423736 0.0877381105552684
"apaH" 0.278543564452492 6.75422122629869 4.68563967879612 0.0312829067886996 0.0879328045199448
"rplB" 0.621839434582694 11.7410329583854 4.6780653562879 0.0314187147808658 0.0879328045199448
"fimA" -0.429623548736286 9.022840524841 4.67892175207701 0.0314229204078089 0.0879328045199448
"cyoA" 0.515430321052324 9.98274800212571 4.66448242059592 0.0316638095008244 0.0880434352605661
"yggX" -0.335271226562363 5.92774657847547 4.662982574472 0.0316909959537111 0.0880434352605661
"arcA" -0.502749144304475 10.0240245430215 4.65845621854739 0.0317731900568777 0.0880434352605661
"bsmA" -0.79353343920465 8.80715736421417 4.65668747207759 0.0318053695050341 0.0880434352605661
"purC" 0.549649838081398 8.79808211089695 4.65057406654919 0.0319168566494445 0.0881145477929556
"nudB" 0.30318756438477 7.3330409143351 4.62886022850642 0.0323161692620762 0.0889777636250732
"ybhB" -0.332197624112212 6.68450655582909 4.57158236251141 0.0333948773226378 0.0917019759635002
"rpmA" 0.453569295320464 9.51796595466281 4.53943597117206 0.034016802849794 0.0931606840713025
"yggU" 0.393353178684726 4.37738415940186 4.51665251344538 0.034464952532152 0.09413698470883
"rplY" 0.656054987657754 8.92886074987973 4.48316997535444 0.0351348542339072 0.095712189119954
"rpsG" 0.547104049577508 11.3054124263133 4.45580131677496 0.0356926055751222 0.0968908238144796
"trpE" 1.29720652299818 11.0370727779208 4.45270915572075 0.0357562046988196 0.0968908238144796
"atpD" 0.503306323176713 11.0218546200581 4.4289492909521 0.0362488923148499 0.097967401071976
"iscR" 0.377774131107424 9.04457957843193 4.41997001379828 0.0364369443870766 0.0980168372731789
"ubiE" 0.253429916355215 7.44212953364657 4.41883540780639 0.0364607793308491 0.0980168372731789
"yeaE" -0.31326451793346 6.00937782661067 4.41165584701643 0.0366119833114197 0.0980168372731789
"tktA" 0.582150842631633 10.6062192874176 4.40648471811567 0.0367212980987819 0.0980168372731789
"pdhR" 0.51687229128593 7.52736780864858 4.40539471569095 0.0367443839826425 0.0980168372731789
"nuoF" 0.379680007933036 8.59203773681705 4.39224908359579 0.0370240112265091 0.0985068899731212
"argS" 0.358435213101394 8.20944628246272 4.37775116565908 0.0373350051781847 0.0990776494005056
"puuD" 0.522105941257577 5.93885857877171 4.36534917600684 0.0376032240737582 0.0995322451643034
"yfhM" -0.320884106187706 9.06339971439547 4.35333907720205 0.0378649037583342 0.0999672394853707
"sufS" -0.476923510341412 8.80998538069608 4.34258121376024 0.038100929376886 0.100332447359133
"ptsG" 0.461852988162096 9.75608489868916 4.3270407672741 0.0384446266608936 0.100416143177039
"glmS" 0.357139217835052 9.57118366082201 4.32566198249162 0.0384752777884504 0.100416143177039
"rimM" 0.501640234446553 10.8676872279655 4.32521662502228 0.0384851838304002 0.100416143177039
"sucA" 0.541188399361561 10.6327025231019 4.32348088756606 0.0385238173434794 0.100416143177039
"rplJ" 0.530593294960098 12.0310549782714 4.30505139787382 0.0389365473077682 0.101235023000197
"nusG" 0.32947303139083 8.89420423770197 4.27940220557521 0.0395187437998812 0.102489267379995
"amiA" 0.292336237210564 6.01563077974327 4.27268168318812 0.0396728030124523 0.102629644064959
"rpsA" 0.608353923145688 12.8758570615416 4.26824190056589 0.0397749268496494 0.102635301192437
"accD" 0.352303203591933 9.0388116449612 4.21896685802626 0.0409271682603461 0.105343864168861
"obgE" 0.377991338259006 8.7996654650992 4.20676667111568 0.0412178660329728 0.105826871039658
"bcsC" -0.304740433178225 7.48332146535568 4.18185402623924 0.0418182650815771 0.107100643986982
"fdhD" 0.28757833076385 6.05526159357979 4.17300669547154 0.0420337056063271 0.107384616063925
"dadX" -0.438191934438197 9.31906050976271 4.14097608490291 0.0428235470696605 0.109130974790425
"gltI" -0.381420688866669 8.31613441569261 4.13518911114067 0.0429679141631161 0.109227841201783
"tufA" 0.545894834427279 12.9676440886909 4.1262397427738 0.0431921878358241 0.10952685656146
"deaD" 0.48738338499925 9.91724688113891 4.1215589278027 0.0433099833308275 0.109555056356551
"clpA" -0.5274687391311 11.3826983646624 4.10706760904541 0.0436768261409735 0.110211549009287
"hspQ" -0.539442079440592 10.5763289540254 4.1023165669657 0.0437978117542731 0.110245962430486
"rpsK" 0.489563477979757 11.1992849315156 4.09678725414689 0.0439390628562389 0.110331094262487
"ybdD" -0.458248662985047 6.17773493157575 4.05663607559452 0.0449793383870914 0.112505060530146
"rpoA" 0.566026373939561 12.6235766051845 4.05378568024088 0.0450541740538491 0.112505060530146
"atpH" 0.413111189706064 9.22559815112885 4.05077044987501 0.0451334809526974 0.112505060530146
"trpA" 0.942746549814689 10.2755763627341 4.04387299097388 0.0453154552447054 0.11268516352618
"aldB" -0.804430822369237 9.8437960872472 4.03037591333477 0.0456737986779033 0.113087679084429
"rplI" 0.468799899945732 10.2661894057956 4.02948517527083 0.0456975528919553 0.113087679084429
"rplT" 0.453926869167972 10.6954063513094 4.00635829460922 0.0463189067198362 0.114257279728
"dgkA" 0.263086501787124 5.30122079850136 4.00363418802798 0.0463926832001714 0.114257279728
"purL" 0.553578544651198 10.0943131105101 3.98619973420017 0.0468678177078321 0.115151312885032
"rpsB" 0.52619741145354 11.8887202273149 3.96569560984336 0.0474332213465076 0.116262334899435
"rof" -0.34805743598466 6.48263219426364 3.94723540108666 0.0479484561500974 0.117245391586071
"dctA" 0.64056124346864 9.2396733172685 3.9382089015094 0.0482025499805013 0.117545876526722
"dnaA" 0.283073271193098 8.79283572828402 3.9347515068536 0.0483002530616131 0.117545876526722
"can" 0.356153611407354 9.3010773720743 3.91467389811906 0.0488718009156908 0.118638962157659
"glcE" -0.542573477995217 5.2229532261001 3.91088550753812 0.0489804478625582 0.118638962157659
"sgcR" -0.606717298128109 4.38159263792014 3.87106852056236 0.050138002036223 0.121157007273414
"ygjR" -0.470966939968414 8.02369175581437 3.86062947830494 0.0504462703573259 0.121615773842661
"mqo" 0.390645538200846 9.27751227920365 3.85250022960846 0.0506877250376205 0.121911694645518
"nuoC" 0.401794881699311 8.8139047717696 3.79636765236897 0.0523888895472318 0.125708854123848
"cpxR" -0.241726479718326 7.9610668424887 3.78524888367866 0.0527330095491393 0.126128237444321
"rplA" 0.542454874317779 11.4975106725792 3.78279462650724 0.0528092912376418 0.126128237444321
"hisD" 0.393257164689431 8.06324171154387 3.74456230074296 0.054012901989378 0.128703597083738
"rplN" 0.482342319736127 11.0845082390609 3.73707471272137 0.0542520263584842 0.128974145995748
"msbA" 0.296632186058239 7.82236663097799 3.72825086053825 0.0545352749129486 0.129169961724246
"wcaN" 0.269488855082284 8.98317351964114 3.72667758544865 0.0545859429292335 0.129169961724246
"rplX" 0.498151132273605 10.7989234742312 3.72057287626806 0.0547830234310965 0.129338310491347
"fabH" 0.27277308097061 9.07028812593025 3.70293384667507 0.0553567455101403 0.130393067979161
"sufC" -0.447615560806083 8.22956924435719 3.68977249607403 0.0557890009720715 0.131110535465257
"der" 0.267817304747852 8.66797049436403 3.68222666482587 0.0560384499154023 0.131396091468306
"yiaJ" 0.300831849797241 5.46973279981437 3.66616068211831 0.0565735300914682 0.132348554450883
"mglB" 0.832206120624685 7.47518320557907 3.63293812756531 0.0576973911820027 0.134468934858055
"ppk" -0.272238797303953 8.74440187636881 3.631640389866 0.0577417724171395 0.134468934858055
"yrbG" 0.234584040088414 5.94928553676415 3.62704434849502 0.0578992456022759 0.134530600075876
"rplW" 0.542950796451088 10.3574740948833 3.60161465355354 0.05877887152286 0.136129650940093
"yegQ" 0.362043618011346 7.70747639322982 3.59950322709677 0.0588525462681609 0.136129650940093
"rnr" -0.29799322035116 9.39590615052529 3.59276812034191 0.0590882171336599 0.136367638193862
"gatY" -0.699642033512803 12.3963565344917 3.57939202928634 0.0595592625962559 0.137146553108419
"trpD" 1.14177284334943 10.8895903446647 3.5535828441196 0.0604795348105644 0.138954098994294
"guaA" 0.448031833765916 9.73944170102775 3.54263776363522 0.0608743846787477 0.139549091663111
"potC" 0.291355122665697 6.13204627913406 3.52556582703147 0.0614957831663907 0.140659619848292
"rpsH" 0.472273276689678 10.5334194528861 3.52034386524809 0.0616872102255521 0.140783922003649
"rplR" 0.454196029262421 10.3535661922214 3.50164590843769 0.0623778924391522 0.142044557727293
"exuR" -0.28367752400382 8.66308356259016 3.47224194040739 0.0634808588067973 0.143790811710666
"valS" 0.35488078257596 10.086038692824 3.47113989214164 0.0635226018669154 0.143790811710666
"hemH" -0.246582165149831 5.99432732555819 3.4700271599702 0.0635647794709273 0.143790811710666
"ygdH" -0.362202478813251 8.71276562432236 3.46551615993699 0.0637360747462203 0.143818385235006
"tufB" 0.474723245788489 12.4547359158071 3.46071366485952 0.0639189830734379 0.143818385235006
"hisG" 0.372293661032772 7.56958208369672 3.4586675942761 0.0639970808689366 0.143818385235006
"deoA" -0.390863541712731 8.84706024396887 3.43056727003483 0.0650800800930085 0.145932843352663
"entC" 0.514479378520575 9.33571971874696 3.4245886909019 0.0653130248123314 0.146136114340445
"clsA" -0.210111519775544 7.40803256103369 3.41450764869597 0.0657078442546786 0.146699904455554
"deoD" -0.417561241583197 9.82053362697499 3.40272294226808 0.0661726386088282 0.147417136336804
"asnS" 0.410339900972778 9.95536211461909 3.38024361643943 0.0670690562804034 0.149090737662282
"yfjK" -0.235242414857868 6.10782013273152 3.37119895062911 0.0674334080037639 0.14957691148999
"pfkA" -0.351903111554359 9.9783036914552 3.36490633143558 0.0676881521332762 0.149662431848606
"purB" 0.46973596696235 8.87074514170067 3.36305199376331 0.0677634185098362 0.149662431848606
"rsgA" 0.25167923914117 7.95679352093102 3.35486244871507 0.0680969048773743 0.150076225985115
"rpmH" 0.446194787993086 7.71402645166626 3.32754876538694 0.069221967830567 0.15222903846251
"guaC" 0.306170946010524 7.98605001062403 3.30080013454522 0.0703431652165575 0.154364168114112
"znuA" -0.649922131208 11.3003521936469 3.29525641371331 0.0705779735034519 0.154549208503294
"cusR" 0.313013487451191 4.6119875645299 3.28801345349491 0.0708860272304859 0.154893510565338
"hemN" 0.237967874597048 7.59425122434682 3.26847864228213 0.0717241173885566 0.156392077617936
"pspD" -0.541566734594387 7.71051118430349 3.24732537435061 0.0726437041220725 0.157760165824125
"trpC" 0.931040973801395 10.3776194626639 3.24698118568695 0.0726587716015688 0.157760165824125
"trpB" 0.858097918590688 10.8044629118225 3.23296480693646 0.0732752370756854 0.158763013663985
"trmD" 0.477856289806118 11.1050060304838 3.22116635669523 0.0737985293805763 0.159560188787057
"ybgL" -0.214071963723541 6.35328063777912 3.21614130611639 0.0740226271258715 0.159708483315693
"zwf" -0.281393767362296 9.05482350974832 3.17231555809868 0.0760085318253965 0.16364939661359
"nusA" 0.328669513395134 9.44464447108953 3.16223872119605 0.0764732436546075 0.164305483751636
"mntS" 0.592321313021379 7.41780847334216 3.14129942143494 0.0774487534006363 0.165824321528795
"aspS" 0.316673963197702 9.61938297814844 3.14014146890271 0.07750309088006 0.165824321528795
"ybaY" -0.412929472405667 9.76164174327449 3.12467978968428 0.0782326042385246 0.167037182022796
"slyD" 0.310228288845906 9.85051532950765 3.11854307188561 0.0785242044607766 0.167311946019124
"yqjI" 0.248508121745898 6.25302588100656 3.11211351917432 0.0788309822376531 0.167617844219606
"recR" 0.252764116061851 7.67449139242343 3.1063826427486 0.0791055177456124 0.167854063480876
"rhlB" 0.250060443312621 9.24616241922339 3.08243433161468 0.0802640118662013 0.169961113786781
"cydA" -0.354707990399018 10.1128435232615 3.07395885789974 0.0806784053376337 0.170331742417176
"mpaA" -0.2653200536455 7.34887304062073 3.0690583565824 0.0809190646534521 0.170331742417176
"yieP" -0.23802984263369 6.2072671727675 3.06870186389042 0.0809366020443835 0.170331742417176
"puuR" 0.3456107064633 5.91245756323527 3.05585443647512 0.0815713809646746 0.171316581289818
"cydB" -0.286640147643625 9.12102314074613 3.04801811040718 0.0819612165307329 0.171784019136863
"pyrC" 0.469328877553359 8.86983893110435 3.00339020431006 0.0842202432651281 0.176159246096307
"rpsJ" 0.507041633009253 10.8445413650302 2.9826790795637 0.0852915266866207 0.178037394120243
"yniB" -0.321686053568719 7.24190236106586 2.97670752206283 0.0856031507888056 0.17832542770812
"uspA" -0.40330588973417 10.3207071736974 2.96020091119793 0.086471005760357 0.179768669870216
"glpQ" -0.406523448864126 6.45569126572404 2.90968936829709 0.0891867620994766 0.1848721709618
"ppiD" 0.276497946949723 8.66896389643734 2.90787768954611 0.0892858780886588 0.1848721709618
"adhE" -0.521729480731939 12.1633064942387 2.89780450182443 0.0898391720049231 0.185134139480821
"gltB" 0.447816072426113 11.2486145279339 2.8967610192318 0.0898967011743132 0.185134139480821
"lpoA" 0.208607636321998 7.72319746205034 2.89573694812304 0.0899531992219374 0.185134139480821
"amiD" -0.278416821521799 7.1908064854417 2.88559364709004 0.090514902269646 0.1855072920642
"rpoS" -0.446431715726449 12.4370895810807 2.88548853037845 0.0905207432889902 0.1855072920642
"gsiA" -0.4268003110284 8.15053002967236 2.88269004793726 0.0906763978736403 0.1855072920642
"ompX" -0.494823404530475 12.6167078132991 2.87540089857068 0.0910832011719149 0.185969080722777
"lrp" -0.274972223886765 8.53782502345283 2.87127144262602 0.0913145474331162 0.186071508360735
"dgt" -0.226572907389056 6.1010888555925 2.85709201702059 0.0921138244399519 0.187328510296694
"yffR" -0.418213301144579 5.06826192797662 2.83086341839671 0.0936125194320416 0.190000113550804
"dnaQ" 0.207682585806011 6.75829590520255 2.82750151852376 0.0938065367915 0.190018369398167
"gshA" -0.2598158672281 9.22468411490323 2.81098647017056 0.0947660392671844 0.191584099069682
"acnB" 0.429592761693597 11.1100136555732 2.8024476190991 0.0952663422976467 0.192217158231205
"yebF" -0.307013836397103 7.45294590964052 2.79565039417181 0.0956666678886575 0.192646407689512
"gltS" -0.295412137420141 6.73233277739121 2.78929965037764 0.0960423625947217 0.192671055171332
"uxuA" 0.310155765311755 7.74922983039157 2.79022637477496 0.096054119033809 0.192671055171332
"ghrB" -0.309426838293505 8.12388410413877 2.77164664726499 0.0970951877057377 0.194379644783221
"ybcH" 0.458428307413009 3.71496092394829 5.68489606852327 0.097774608616315 0.195013107444698
"sucD" 0.346186606721052 9.38957295447709 2.76008817966112 0.0977913829932031 0.195013107444698
"bcsZ" -0.305523953047017 3.39658834430571 2.74949737204641 0.0984341008650498 0.195713641687461
"nagC" -0.182931726340378 7.48699146470226 2.74802516629202 0.0985238098855089 0.195713641687461
"mepM" -0.434648196094895 9.35794128661738 2.74055378524732 0.0989804640676836 0.196241190342685
"hofB" -0.308723562536387 3.83799713851431 2.71959497764264 0.100273920618936 0.198422575097586
"mlaC" -0.211662163798282 8.11319176551851 2.71140393811142 0.100784458791224 0.199049306112667
"lptA" -0.205457484416458 7.70399140245481 2.70441911334811 0.101222071197255 0.199529879308216
"ydcS" -0.586874850955453 8.07586652437604 2.69232129738011 0.101984971112833 0.200648592591724
"slyB" -0.317417737054048 9.90169686253737 2.67391512275386 0.10315783734159 0.202568066825646
"rplS" 0.374998905622915 9.75499638882536 2.65524899369175 0.104362444100205 0.204454160246266
"ppa" 0.311364930517951 9.76458739723635 2.65287909166515 0.104516488928228 0.204454160246266
"lsrA" -0.894647755688584 8.69076999873134 2.64338821105146 0.105135915555278 0.205274876949184
"infB" 0.37685623432093 10.7316565058419 2.62679021044943 0.106228937658493 0.207015406025184
"yeeX" -0.318846901923358 8.29732684119968 2.56377092936193 0.110494562993976 0.214920295823511
"livF" 0.300038247904905 4.96326354392247 2.5422055057399 0.11199746698492 0.21743175537526
"hisH" 0.271955258155719 6.47405920380962 2.53852804461381 0.112256001351976 0.217522478091471
"relE" -0.340641145684366 9.25863190232738 2.52449960876584 0.113248319741989 0.219032060969911
"ydhP" 0.272746198662122 5.16920710159112 2.51556373931128 0.113885473242481 0.21985034026321
"hipA" -0.209799099142275 5.6725877734189 2.51047907522243 0.114249797221708 0.220139853183292
"secY" 0.451454529072005 12.6281249966758 2.48542785361231 0.116063727476585 0.22284791646246
"rpsQ" 0.362702562461734 9.79287794741813 2.48476695206991 0.116112013227731 0.22284791646246
"rseB" 0.208062387542611 8.41121420735237 2.48118769335963 0.116373903076119 0.22284791646246
"Actuator_YFP" 0.82245804123412 15.8093120560282 2.48481904431704 0.116523204615717 0.22284791646246
"hupB" -0.333633442780948 8.67698518835875 2.47361837702561 0.116929902917809 0.223210056313364
"metK" -0.450190422809785 9.47131949930579 2.46223031310587 0.117771973191123 0.224400401609061
"gyrB" 0.256732548949896 9.53782240030243 2.42881858961168 0.120281696842577 0.228757967883937
"ileS" 0.334743095644804 10.7564553787929 2.42488973734049 0.120580701826526 0.228902737108766
"rspA" -0.67105097447656 9.59327067837824 2.41809587265095 0.12109970304171 0.229463828457261
"topB" 0.224584505244418 7.67112653598426 2.4117818281667 0.121584280733769 0.229957746433851
"def" -0.240140720080064 8.54950822549054 2.40498706670625 0.122108166014117 0.230524056059739
"pfo" -0.315633068743667 9.53058843625815 2.38042379698405 0.124023126041724 0.233379403402826
"rhsC" 0.24649612619334 5.63901515727793 2.37935592679295 0.124107134038304 0.233379403402826
"dnaJ" 0.388522413653147 10.5232122958631 2.37687729564527 0.124302369679986 0.233379403402826
"yidJ" -0.350634032732994 3.07371737445576 2.57664367145414 0.125011967727706 0.233890852215169
"kdsB" 0.209503188996579 7.51961731563405 2.36767444337492 0.125030260823883 0.233890852215169
"ytjA" -0.377806724767411 8.67029310261864 2.35284977761985 0.126212835665896 0.23528155458807
"radA" 0.239704434372524 7.10263308810205 2.35261236144518 0.126231875927971 0.23528155458807
"plsX" 0.228609022246734 8.50354242729579 2.34100818436857 0.127166431118946 0.236594066592677
"sbcC" 0.223063462630577 6.17032105566863 2.32722420177805 0.128286608355298 0.238246558374125
"pnp" 0.344262789268385 10.9729284288712 2.30877919031471 0.129802888078381 0.240627375553244
"cheZ" -0.293642031685948 3.2705389072417 2.29797485695331 0.130700380684394 0.241659254532223
"nhaA" -0.290283038125542 9.260757709038 2.29641974720703 0.130830131957075 0.241659254532223
"uvrA" -0.278086268903076 9.78249254740457 2.28036769560626 0.132177916325548 0.243710448952132
"priB" 0.353860403465088 9.83380672266404 2.26124117325814 0.133804229985072 0.245219770915294
"mutY" 0.190756184835363 6.86351376912336 2.26062176456509 0.133857272208824 0.245219770915294
"ybeX" 0.286250574607012 9.69664584290146 2.25788116870929 0.134092243094137 0.245219770915294
"creC" 0.211647333368466 4.73020075288895 2.25647249843451 0.134213198777694 0.245219770915294
"fumA" 0.389119845023911 8.30189671452329 2.25641833664251 0.134217851835071 0.245219770915294
"gmk" 0.189256764179394 8.05261034101214 2.25180313854036 0.134615011757286 0.245219770915294
"yihY" -0.246001488952169 6.4053141888775 2.25118950789228 0.134667917036247 0.245219770915294
"murF" -0.203672441257058 7.8333601472777 2.24589799937962 0.135125105174089 0.245616784095203
"bisC" -0.176887602424323 7.0782082130939 2.24138453888505 0.13551644920651 0.245892921086723
"yfjL" -0.194912680990312 6.17930678516288 2.2359620015685 0.135988302504402 0.246313909474464
"trmI" 0.1822177378559 7.30890256634453 2.2235975120437 0.137071154101142 0.247838160672311
"infC" 0.367876519588825 11.6102761545827 2.2125872860551 0.138043579705625 0.249157744038096
"sufB" -0.350112139483612 9.58495662883728 2.2065419065395 0.138580812910005 0.249367469906575
"rpmG" 0.349672235564263 7.57436101762789 2.20415436823407 0.138793634469016 0.249367469906575
"ydcH" -0.480175025528253 6.46040984052932 2.20299374175491 0.138897224031979 0.249367469906575
"atpG" 0.331812732772947 10.1922771320356 2.19884034705534 0.139268642368991 0.249367469906575
"hisS" 0.245057468266093 8.84784802471895 2.19766630620802 0.139373834202896 0.249367469906575
"guaB" 0.402713725609756 9.33151875648019 2.19452792830053 0.139655467130606 0.249436808248926
"nrdA" 0.279205336981551 8.66268570953761 2.16251050038977 0.142565660935874 0.25419259337004
"hslV" 0.337077080811045 9.64084951129631 2.12997770038155 0.145593114067822 0.259140603375482
"galM" -0.203626251967907 8.08009584084714 2.1173529192098 0.146787510738069 0.260814487072659
"rpsM" 0.361111153580504 11.2308530756212 2.11396063296313 0.147110336255658 0.260936641337757
"araB" -0.752029222789617 10.6497649761508 2.08599257346232 0.149802822111503 0.265254307428472
"dadA" -0.385022859289303 10.6773725193076 2.07995895111362 0.150390991619602 0.265837432690759
"frdA" -0.267850499739777 7.57984928317872 2.04980439066368 0.153370167765621 0.270637735902565
"potD" -0.260559740783783 8.59854834472125 2.03960584937669 0.154392914836858 0.27197516901793
"selD" -0.209932901354927 8.50910492192859 2.03391298551535 0.154967195833009 0.272519366644692
"purA" 0.337555328175654 11.0424839818547 2.02315102406744 0.156059503259682 0.273971127944775
"yihW" 0.223548516587343 5.42173281546509 2.01748789254336 0.156637821208603 0.274461211904069
"pflB" -0.394024155479399 12.4107751192349 2.01519022395871 0.15687315617107 0.274461211904069
"ybgF" 0.232548666386744 8.64129009826201 2.0044793192402 0.157975546418191 0.275702544519195
"lpxA" 0.191450331072854 8.64639870374102 2.00308628253592 0.158119570323083 0.275702544519195
"rpoE" -0.290540529221484 9.85391843124449 1.99487970039804 0.158971089429057 0.276717472616342
"rsmA" 0.184648164969537 8.00251363019232 1.98381101171993 0.160127903639332 0.278259487373256
"elbB" -0.174877758226289 6.2786773904612 1.92478689338119 0.166461969197895 0.288419644891875
"nuoL" 0.289438644417597 8.41041850714658 1.92410901487241 0.166536367498424 0.288419644891875
"yshB" 0.263434258926787 6.24487484960772 1.91646918024099 0.167377502460457 0.289388375466144
"iscA" 0.212649620207398 8.46492685416711 1.91054484397612 0.16803313002631 0.290025744500597
"yrbL" -0.288327372909528 10.5657744025263 1.90804246632761 0.168310948123034 0.290025744500597
"gatD" 0.448704489512413 8.0652118270868 1.89616453377092 0.169636893881249 0.291820921299903
"glgB" -0.250495423601992 9.79094426467734 1.87705861762234 0.171795058790967 0.29503934009753
"aroB" 0.190517261501815 8.74315306574283 1.86263804466432 0.173444982074633 0.296392825918597
"ybhQ" 0.375324402420714 6.17349568415048 1.86196959533924 0.17352190539233 0.296392825918597
"barA" 0.193578490979271 6.03610056580224 1.86154336272181 0.173570975668947 0.296392825918597
"ispE" 0.204144563319435 8.04299504272476 1.85811354014396 0.173966420571367 0.296392825918597
"entE" 0.406206908993117 9.66666009029265 1.85759611959306 0.174026167506245 0.296392825918597
"queG" -0.20058648009026 7.07872835508232 1.84912587116416 0.175007616471149 0.297570897542831
"yecN" -0.183698446888754 6.05531856294117 1.84585945313108 0.17538780719717 0.297724426432221
"yqjA" -0.171642211841203 7.46712646567398 1.82577062504007 0.17774716899759 0.300689194616303
"ftsA" -0.179206471591004 8.54645272303962 1.82504292742432 0.177833322589459 0.300689194616303
"gpr" -0.431160599877999 7.77447091090237 1.82352922793432 0.178012687757266 0.300689194616303
"fruA" -0.421706106443855 10.7631545986231 1.78732916572833 0.182365445372328 0.307535816744468
"gss" -0.229964579771739 8.63266587572312 1.78418522358352 0.182749285417798 0.307677895285375
"glgX" -0.229080653626508 9.02261057205082 1.7607196384827 0.185644091464918 0.312040068632522
"bax" 0.220838000005404 7.93632191707488 1.75232077821318 0.186693180823127 0.313290680891097
"dcyD" -0.357967347399632 7.55676382148258 1.744443991378 0.187683355307605 0.31443850881062
"ypfJ" -0.17603646102769 8.13741998341185 1.73383675615444 0.18902648482662 0.316172964034103
"yphH" -0.199924499117441 4.8192991853027 1.72674065566445 0.189931299378077 0.316893111681134
"rpmI" 0.301657624068607 10.6470023909186 1.72562391643191 0.190074154620817 0.316893111681134
"astD" -0.398967158456253 6.82136412441666 1.70348900558865 0.192931840940739 0.321136143672835
"kup" 0.171767812351799 6.13709687396792 1.67891906524601 0.196163149775433 0.325916654171588
"azoR" -0.243006554167313 5.37011806546918 1.67684690249418 0.196438567606829 0.325916654171588
"bamB" 0.21292271350974 9.33853110944318 1.65298144716968 0.199643659426328 0.330641686414987
"fhuF" 0.267754811300855 10.0902414556112 1.65086862579632 0.199930367345382 0.330641686414987
"sufD" -0.29301166023296 9.02000767984288 1.6257072992944 0.203382395079253 0.335321990011139
"yedQ" -0.191885562139405 7.45386343797254 1.62548333521221 0.20341343697852 0.335321990011139
"grpE" 0.301703274889349 10.2861605636882 1.62256781223403 0.203818046767092 0.335450535304172
"lysS" 0.267633304215706 9.743600768403 1.61591744967302 0.204744540538115 0.336436229012231
"psd" 0.169724749971813 8.00089451744424 1.60573318814112 0.206173049878631 0.338242367772131
"rspB" -0.665764963147154 9.52470928925865 1.59789620537363 0.207292347854644 0.339536269930972
"tusB" 0.20529231398621 6.68030638729688 1.58923525866075 0.208512329568527 0.340990704565092
"pncB" 0.261584510256152 9.07812271175584 1.58650411624523 0.208902619251748 0.341085834612949
"argH" -0.372970278944353 7.84870780824582 1.58141005061813 0.209632902049905 0.341734905405162
"pheT" -0.30349961027343 10.7982508000002 1.56590240270018 0.211874845782978 0.344522200710491
"ugpB" -0.343953840865438 7.7469885322597 1.56494863451161 0.212013661975687 0.344522200710491
"yegH" -0.15612196909376 6.48844898870903 1.54377722836907 0.215123168263574 0.348922779913111
"pepN" -0.244399508557165 9.95955741484151 1.54190196634388 0.215401209800304 0.348922779913111
"pck" 0.320669205051414 8.7787503022031 1.53417662434207 0.216551171391147 0.350233154360171
"tamB" -0.152236653299922 7.92430676357725 1.53143591093942 0.216960905957689 0.35025443394
"rpmF" 0.243533417488302 9.80739118511973 1.52952976037069 0.217246421051393 0.35025443394
"surA" 0.191703885913427 9.00594519040181 1.52116956477852 0.218503988893728 0.351726057910947
"mpl" 0.176652176458477 8.07006760477444 1.51891804768716 0.218844158719664 0.351726057910947
"entA" 0.351965119331363 8.45108100886113 1.50812004115217 0.220484424524749 0.353808599979558
"mlaA" 0.166734840796822 7.54907906966336 1.49899385301522 0.22188224939102 0.355496209242711
"mfd" 0.206583045178562 9.43183900009586 1.48785114232795 0.223603405077692 0.357695789742663
"yeiG" 0.18890614729407 7.2494402809546 1.47690491256495 0.225309879082106 0.359865079031606
"rpoH" -0.271133050410254 10.3171371061113 1.46219667156504 0.227627621996207 0.363002434456685
"proS" 0.232072542438725 9.42958830466849 1.44656704774709 0.230122187965654 0.366256207042774
"bioA" -0.175110412686159 7.74194660050784 1.44495585974477 0.230381216893507 0.366256207042774
"dnaK" -0.429653280142954 14.2030921872551 1.44033222445968 0.231126515848446 0.366737018686656
"zapA" -0.267999680611241 9.469668391842 1.43865344426648 0.231397846259935 0.366737018686656
"serC" 0.233997148921807 9.8166941939175 1.43075900489204 0.232678960838897 0.368136286502829
"nlpD" -0.307132462691048 11.6375672154073 1.42724906399464 0.233251317368386 0.368136286502829
"glmU" 0.187284434699846 9.00065318582357 1.42660757601565 0.233356107607927 0.368136286502829
"ackA" 0.291189196208759 9.88010369359525 1.41007602276328 0.23607644695962 0.371856612005414
"sapD" -0.162513801943596 6.5988148199509 1.3900409266497 0.239425213216621 0.375725014669282
"hisA" 0.196217350459844 6.72437512406671 1.38951400816074 0.239514063616368 0.375725014669282
"nrdF" -0.322948622731425 7.91290735425202 1.38849766258967 0.239685556174536 0.375725014669282
"yijO" 0.194732031327044 4.26618326374606 1.38547772032041 0.240196009471458 0.375725014669282
"ybdH" -0.240205008505473 6.13520326006581 1.38449990078616 0.240361572188625 0.375725014669282
"topA" 0.251579980843816 10.4830579738281 1.37514156730951 0.241953181236285 0.377638171929582
"gcvP" 0.235456138281798 9.68785418139688 1.3584005607101 0.244832676078599 0.381552592310654
"argP" 0.132340166027395 6.61464922741484 1.34845117240463 0.246563897108145 0.383585970498745
"nudL" 0.150797890153156 5.41956409462677 1.34661836985307 0.246884446445638 0.383585970498745
"entH" 0.308759131752578 7.60228990049362 1.32983565778982 0.249843619207392 0.38759727632325
"rpoB" 0.321741148669882 12.8567848930857 1.32022634301437 0.251557619660999 0.389101326731444
"cstA" 0.323000444556335 9.13171445520953 1.31879395027309 0.251814353421225 0.389101326731444
"yeeO" -0.301115705619148 6.1865603596663 2.82908841041775 0.252105627146849 0.389101326731444
"ilvX" 0.298403608229214 2.77370264530162 1.31593016732739 0.252328611103351 0.389101326731444
"uidR" -0.161537042080765 6.16086434246727 1.31099133876796 0.253218539699072 0.389888216298271
"lsrB" -0.458153530413791 7.89664822631899 1.29120672898523 0.256822670502442 0.394529117526831
"ybeY" 0.175140662451379 8.64637919355531 1.28944864220207 0.257146001545474 0.394529117526831
"uvrD" 0.179906630592162 7.82338196129818 1.28815026645029 0.257385110752655 0.394529117526831
"pyrG" 0.245448680080232 10.5071523749251 1.28013969974878 0.258866453904846 0.396208417526494
"melA" -0.256760268127899 6.32218547916506 1.25597569651583 0.263399593640319 0.402352141764963
"yafD" -0.191114715620071 9.37155912146314 1.25458195214355 0.263664061740818 0.402352141764963
"dppA" 0.297903615371024 10.4929914587874 1.25031322679909 0.264476131355041 0.402992562168587
"serS" 0.229039054559449 10.186540081057 1.23462467011551 0.267487643564636 0.406977496208713
"mtr" 0.517244337572875 10.9925210206005 1.21424763302054 0.27146352522605 0.412415740247269
"lptC" 0.16037342438893 7.45566580513212 1.21073102999579 0.272157156343107 0.412535486622871
"lpxC" -0.310132540148854 12.0381387432239 1.20977696139691 0.272345725345966 0.412535486622871
"ettA" 0.167695953020079 9.20530430883864 1.2075362546442 0.272789241265925 0.412598749307961
"marC" -0.200394522788767 6.56996447295653 1.19767770447895 0.274751433257732 0.414955473464251
"yagN" 0.190990100794841 5.62418258659815 1.18685010952374 0.276927042622 0.41762712595124
"malP" -0.189464081755478 8.60493788010335 1.18215719919762 0.277876752748043 0.418371900263744
"mreD" 0.154386869279321 5.79975757483618 1.18038903678334 0.278235645452909 0.418371900263744
"malT" 0.245630168723504 8.52986892453578 1.1642281509534 0.281543244849197 0.422726480204862
"rpoC" 0.29405989534906 12.7371452721091 1.14748057049292 0.285023736698815 0.427327558525085
"insH1" 0.209283889331645 9.84093071885421 1.1406693859024 0.286454891829265 0.428847192286669
"ihfA" -0.238229835407838 10.1634878894637 1.12093059003364 0.290654494576811 0.434500969330982
"secB" -0.161715525636783 8.87628663082936 1.11768135694713 0.291353326742126 0.434912596750237
"ispH" 0.154066980653084 7.36345961409168 1.11171680491555 0.292641772020031 0.436121296761331
"exuT" -0.256961127045853 7.5175336227447 1.11000748414505 0.293012361017837 0.436121296761331
"pka" -0.249198268009408 8.80182726960398 1.10544317630986 0.294004880920574 0.436965286114948
"mntH" -0.321553108543016 11.0099299435223 1.097911346638 0.295652160520949 0.438778567709559
"wbbI" 0.211881007124214 6.54212280399218 1.09177935361424 0.297002061255763 0.440145911846564
"menC" -0.156058406552117 6.92131343391196 1.08930898562499 0.297590584994271 0.440382609206219
"ptsI" 0.27763918862233 11.6554366899188 1.08262490041179 0.299032145776962 0.441879156421497
"ybeQ" -0.2199299678143 4.87694933970244 1.07827639086171 0.300002742586212 0.442676460683965
"nrdG" -0.225649166540852 5.04262952711744 1.07591265052112 0.300532042707798 0.442731516488017
"ulaR" 0.171272989379139 4.20750882523351 1.07426263439266 0.300902238080463 0.442731516488017
"rsd_Part2" -0.216425193154905 5.87122818559621 1.07405825465676 0.301667216650343 0.443222076537772
"sstT" -0.225849537242404 9.40787267743701 1.0671147024999 0.302512771373369 0.443829451714928
"pdxH" 0.177323780733609 6.66857352659431 1.05697782184275 0.304815968186297 0.446570612449824
"ybiH" -0.181381554066943 6.8219050615887 1.0524290098936 0.30585690250055 0.447457320324879
"kdgK" 0.130642805878122 5.9618560232391 1.04683877331814 0.307142493073421 0.448698919468569
"gntT" 0.214287314882675 5.90659426017462 1.03167196031301 0.310666064303505 0.452610847870415
"ydjN" 0.39904448200347 8.59332657320186 1.03072448326821 0.310887930390738 0.452610847870415
"tpiA" -0.182145535537049 9.86241977154184 1.0296388035675 0.311142413433801 0.452610847870415
"ycfH" -0.195382419694455 8.92736856526271 1.02311252812534 0.312677927221941 0.453299713083544
"ghrA" -0.126847268617202 6.58796876699858 1.02162349092113 0.313029659748882 0.453299713083544
"csrA" -0.229365095659947 9.91871406934646 1.02023216898583 0.313358779100618 0.453299713083544
"pssA" 0.143709472944022 8.61632879249415 1.02013620645081 0.313381495900016 0.453299713083544
"dapD" 0.174507905086874 8.88982513222743 1.01819589806018 0.313841280245938 0.453326293688577
"uxaA" -0.197645833249478 8.02609123300858 1.00401388797361 0.317228951242611 0.457573661751914
"mtlD" -0.213682280429301 8.42964044908894 1.00158721347268 0.317813423335149 0.457573661751914
"nagE" -0.216898412239063 7.3653455135186 1.00032331953887 0.318118397751574 0.457573661751914
"wzzE" 0.132166721854391 7.00220041748844 0.997527474808805 0.318794399135899 0.457787833909417
"hflX" 0.162163136707514 9.69003512190784 0.996023598744563 0.319158801440255 0.457787833909417
"yccA" -0.175625064218768 9.52632566634648 0.990709479807793 0.320450869051376 0.45900005929674
"rne" 0.177838649791594 9.72869457642773 0.978351382062879 0.323482442289928 0.462697030963449
"kefB" -0.132844172299649 6.1832962402498 0.975313711042063 0.324233424071566 0.463126184313628
"polB" -0.139855783890043 7.31614999810475 0.970313411134288 0.325494258164543 0.464281393243035
"hemC" 0.137325452149115 7.97117913216209 0.96245229695628 0.32743882678386 0.466407316375901
"ppx" -0.137941020675797 7.79724065035331 0.957557630713009 0.328669775562711 0.467512270779646
"pta" 0.214728576606404 9.36381333682038 0.947902342758104 0.331116110739334 0.470340588837201
"serA" 0.244503663588086 10.7738043347933 0.944518890995679 0.331979119656467 0.470915132440872
"yhiI" 0.145505169987662 6.78576296099787 0.93342742687886 0.334829394373239 0.474303155891471
"trxB" 0.162395198622969 8.01719122686024 0.923953129012512 0.337290150137015 0.476890710874914
"pdxB" 0.130851778126725 7.97983291672891 0.922825070885763 0.337584758331122 0.476890710874914
"aceE" 0.270711555606585 12.0669326681125 0.911141251613818 0.340656646756111 0.48056919810237
"fruK" -0.319435772477011 10.150919374352 0.906484672256625 0.34189146272774 0.481649564089696
"fadD" 0.297794984823988 8.24770086526898 0.902044409701268 0.343074562426746 0.482053735949842
"wecD" 0.147181325527721 5.30058979107313 0.90162235733287 0.343187305826958 0.482053735949842
"proX" 0.15823913141142 7.39437674222661 0.900129494644395 0.343586499235915 0.482053735949842
"hslU" 0.241160312194802 10.9916136764638 0.897155223301451 0.344383701515012 0.482513044278195
"Sensor_AraC" 0.425967687819956 12.1845440783205 0.881309706920986 0.348864092919231 0.488124555079088
"prpR" -0.338010040827475 7.00218505633122 0.877369101888032 0.349789619396225 0.488489901944149
"pgi" -0.20341730000829 10.467811764867 0.875637422964158 0.350226758010692 0.488489901944149
"rpoD" 0.220417368250857 10.901291655004 0.874453524426515 0.350552149691176 0.488489901944149
"hisF" 0.152236081267506 7.03700990276599 0.864971687584794 0.353173187816285 0.491475425321579
"rpmJ" 0.201091062339163 9.6549243828067 0.852887773650444 0.356552607372357 0.494081512649374
"ppc" 0.219543230276682 10.4856483871387 0.852690937504707 0.356608022259355 0.494081512649374
"katG" -0.140380081821561 8.50418446995616 0.85157694798888 0.356921865005048 0.494081512649374
"ypjA" -0.136545943893758 6.29173410709292 0.851405201631478 0.356970284698963 0.494081512649374
"eda" -0.15194133695769 7.43510132643314 0.831220128955265 0.362724706170527 0.500732776170224
"secA" 0.155229472916129 9.40376139098667 0.829943897608492 0.363092840009489 0.500732776170224
"aceF" 0.240944173419728 11.3191950588698 0.829439496597247 0.363238479305566 0.500732776170224
"clpP" -0.171844327825091 10.0883529777474 0.824514355705049 0.364664821338561 0.502025162888341
"dksA" -0.16984011256926 9.50594072158226 0.822661363129478 0.365203470626461 0.502093660419513
"prlC" -0.184954604298594 9.9856250573891 0.809276223860946 0.369127528305837 0.506810122419912
"yqjK" -0.187235505906669 7.82813004291654 0.791456768450256 0.374443650097527 0.513422735180454
"recJ" 0.122784691938982 7.49058405501117 0.782584975364114 0.377130569224698 0.51575633513735
"metH" 0.135988847119144 8.42330146389737 0.782521278071095 0.377149958800535 0.51575633513735
"dapA" 0.157625470988261 9.30869857385241 0.77431747812251 0.379659032623667 0.518497109713438
"nrdE" -0.245217736468829 9.70660096138136 0.753929944869415 0.385997858014381 0.526453917902749
"ftsH" 0.220885204458268 11.6507008766764 0.751614263207743 0.386727355704371 0.526749329321471
"acnA" -0.218377301833099 10.461957832812 0.748046404100134 0.387855183246288 0.527211171632988
"rpmC" 0.196266779339365 9.19725802791206 0.747295556281664 0.38809313121182 0.527211171632988
"miaA" -0.208451288316129 11.0503781705746 0.742627044718888 0.389577311764752 0.528092361076824
"map" 0.139039279407061 8.26739952087556 0.740824772690423 0.39015245527618 0.528092361076824
"maeA" 0.123847671138849 8.47406593153847 0.7389787419796 0.390742827601396 0.528092361076824
"yihI" -0.129340951070582 7.85184261629538 0.73880445682973 0.390798631371359 0.528092361076824
"secF" 0.135927236455954 8.23205874005459 0.735911820405017 0.391726489946281 0.528650598127242
"rseP" 0.119743723261494 8.7555174086498 0.734072786233428 0.392318037414274 0.528754100294566
"hokD" -0.182172811618656 9.36610669089351 0.72883970672784 0.394008377003726 0.530336308234373
"araA" -0.384404575740734 10.6946294066015 0.726697925130997 0.394728703258598 0.530610442731126
"nrdH" -0.226346330176926 7.61546812916626 0.712939139883274 0.399209483125628 0.535932208065385
"wecF" 0.104063235760975 6.13050838558463 0.704617969902667 0.401971149835178 0.538841041188344
"glyA" 0.23713475866309 11.027080903808 0.703256682032412 0.40242558772294 0.538841041188344
"fabI" 0.147797584141404 9.61174706493382 0.701651884477346 0.402962279816197 0.538857111160461
"ftsZ" -0.161770507066496 9.86297703166579 0.697200116195917 0.404456569242758 0.540152011199366
"ycdX" 0.119458864303346 6.7360343317532 0.692821440225014 0.40593424752554 0.54142139247887
"rpoN" -0.123982158368563 9.31367303416511 0.682990492828519 0.409280909327986 0.545177034863608
"yagE" 0.286246699433982 7.23730576115128 0.681377743958247 0.409833796466336 0.545206358770631
"ompT" 0.201350407269748 10.0949102804771 0.668289209939718 0.414361931324683 0.550517080815588
"stfR" -0.258375146135906 4.0068887442929 1.76763713346093 0.418526538732571 0.554512389762803
"hns" -0.173468078595327 10.6024695071757 0.656308470273469 0.418572175877221 0.554512389762803
"gcd" -0.174862339313303 9.8907522466335 0.654151525075815 0.419336932031081 0.554512389762803
"waaL" 0.165054986495264 5.22932159803164 0.65361116069851 0.41952884795102 0.554512389762803
"fhuA" 0.147887838100061 9.70725462321689 0.649148888552289 0.42111870264625 0.55589833884023
"sdaA" -0.185547289932972 9.69290790592145 0.646080937356726 0.422217017179223 0.556632704291479
"sodA" 0.183735951294553 11.1915355372016 0.641744085900298 0.423776940726226 0.557972971956197
"macB" -0.14508924632104 8.58545406728172 0.63794540300833 0.425150420218326 0.55906463708607
"ydcJ" -0.307761645484995 8.76869065486314 0.628532226247732 0.428582988467235 0.562857709917967
"glyQ" 0.125950203548851 8.86771682157521 0.625576784052925 0.429669356735015 0.563231371721759
"moeA" -0.116302562541209 7.39537043370653 0.624776194940155 0.429964357770067 0.563231371721759
"bepA" -0.104009984656187 7.63274519809182 0.620134788843185 0.43168069806072 0.564759333641222
"leuB" 0.175038117284717 6.91295704282989 0.612322955734419 0.434616191043315 0.567876371757614
"rfbC" 0.169112667325101 5.48974623207794 0.605974785619096 0.436981918124497 0.570241969394991
"crr" -0.191129548125861 10.7051605192906 0.596586506215218 0.440551882092017 0.574171044300129
"ygiC" 0.0979906106506435 8.2192911724735 0.594927558435513 0.441187375257352 0.574270512533967
"hisB" 0.140498594982745 7.92320757357504 0.593086482293885 0.441894293728628 0.574462581847216
"rcsD" 0.109062115405377 8.01698268743185 0.589220476328808 0.443384433497322 0.575671065994626
"prc" 0.111968796192388 8.8458155308023 0.574720888780517 0.449043287913049 0.582282142281189
"tpx" -0.157253967363171 9.86404675544793 0.56660815358089 0.452258803547803 0.585712220988139
"cspE" 0.347275063053714 11.0026536940569 0.545556197729766 0.460773965474361 0.595988491866712
"rmuC" 0.142509653303793 5.67339010013212 0.543603250115963 0.461576757766353 0.596275887076785
"talB" 0.166638799165398 10.3301090619622 0.525281593555017 0.46921837938146 0.604850671054727
"ygdD" 0.117884328288188 4.43541850054945 0.524869968358543 0.469392390292715 0.604850671054727
"ypeC" -0.159480217856112 8.31566488344465 0.523428672101811 0.470002507021777 0.604859618867429
"hrpA" -0.0874440060366324 8.29918749493085 0.522073702087495 0.470577249732304 0.604859618867429
"yjbH" 0.130236104386139 5.37169665540195 0.518728441573263 0.472001099091513 0.605931410958729
"ompA" -0.234670994356559 14.5757089258946 0.516467479785824 0.472967393482942 0.606272935795509
"gpsA" 0.117360160363567 8.89842700065924 0.512693453446388 0.47458751603664 0.606272935795509
"srlR" -0.120977200557612 5.61702197783235 0.511445110906245 0.475125394721438 0.606272935795509
"mraZ" -0.105304062004113 7.52564817491739 0.511317251900911 0.475180541919112 0.606272935795509
"viaA" -0.0906985705674602 5.78871338525707 0.511228551683227 0.475218805565126 0.606272935795509
"fadB" 0.274845588131612 6.7103523342026 0.500405725859779 0.479925626023481 0.611518136384758
"fadE" -0.207762365521653 8.98855257526374 0.495989742348586 0.481868123715014 0.613232420142898
"CamR" 0.111288005201592 6.80588237821296 0.495554675055964 0.483020169726027 0.613937765233453
"clpX" -0.165290900896082 11.1476090864369 0.487928243304187 0.485447819774742 0.616206599976414
"rfbD" 0.116837830066521 7.54537208099735 0.486681853224703 0.486005205434173 0.616206599976414
"cdsA" 0.100382786965483 7.39617810926221 0.47681665196698 0.490454736376682 0.621081398592913
"bglA" -0.108046041324444 7.83377840087798 0.469954103226656 0.493590277450554 0.624282284410983
"ygbN" 0.140190004726797 3.70863859452503 0.465181015751685 0.495791051420712 0.626182708046579
"manZ" -0.153967835458575 8.96764192910316 0.462879343382933 0.496858229162102 0.626182708046579
"rlmE" 0.140209963048014 10.2699578967134 0.462742040656762 0.496922012714666 0.626182708046579
"ycjX" 0.136408242358621 8.97834147653369 0.460405892941682 0.49800939046123 0.626783877455494
"glmM" 0.106548290013753 8.46922078067696 0.457903541675365 0.499178609795947 0.62748645319515
"narZ" -0.129122436595917 6.49104903617289 0.455618664902965 0.500250292386038 0.628064853643596
"cspC" 0.178993101375769 9.69889059909005 0.449802148192498 0.502996191953085 0.630741256576091
"ycdZ" -0.100773305012165 6.22224067920643 0.444766091544671 0.505394531818965 0.632975834363509
"asd" -0.145179419535518 10.1142448617114 0.439730828472499 0.507812199506828 0.635229146033511
"speB" -0.0961389814098072 8.18694654675826 0.437349698437695 0.508962446226185 0.635893469920063
"leuS" 0.131909379162696 10.3773727174082 0.430988945946298 0.512057342169631 0.638982855903051
"argA" -0.202606016967279 6.76756645789339 0.427053872595205 0.513988413198306 0.640479574419182
"zapB" 0.142316306556795 8.09339125362639 0.426007503222283 0.514504039820668 0.640479574419182
"groS" 0.179584950004516 10.3000384169718 0.414851921032083 0.520058109175151 0.646609779809783
"usg" 0.101188022636873 7.2136549242839 0.412702524355224 0.521140376064275 0.647171905946809
"dmlR" -0.168296314654171 5.41963201356516 0.40033986046076 0.527443658337711 0.654185013196192
"entB" 0.193817535779084 8.92789316745793 0.399141855668151 0.5280617097757 0.654185013196192
"pntA" 0.100534645944363 9.1610278299954 0.397697840584685 0.528808406320234 0.654320763001061
"dcuA" 0.0835581475303529 8.06001013085567 0.389010143471263 0.533341208064888 0.659135283613286
"cysJ" 0.311946222757718 9.3736022170466 0.37450393778847 0.541068990425897 0.667882035056967
"yfgJ" -0.0938590214765529 4.74149231652297 0.367644026587472 0.544795380843646 0.671674497150569
"lsrC" -0.301157008907421 7.32922842425133 0.362408552436935 0.547677060555628 0.674417675288526
"opgG" -0.082674079204413 8.93162003333337 0.352433011817325 0.553230880553129 0.679952673897843
"racR" -0.102737059050084 6.09900991591963 0.351961924746246 0.553496042238166 0.679952673897843
"pspA" -0.187854765098612 11.26551096481 0.347468986700333 0.556037124849053 0.681388066824647
"tyrS" 0.108841968620988 8.99575775570016 0.347370681116152 0.556092971029261 0.681388066824647
"groL" 0.205091631987413 12.7568167691759 0.346382555159562 0.556654905614293 0.681388066824647
"fucR" -0.0934259669658288 4.83527791082973 0.340464505725086 0.560043199977094 0.684719483781518
"yebZ" 0.0969389310824487 6.24599940056977 0.33826276335394 0.56131386403523 0.685457001622095
"mrcB" 0.0856787053654278 7.64219008543854 0.336456055758178 0.562360689763655 0.685919748678472
"ydcT" -0.224278767279729 5.92248599105278 0.333524805844368 0.564067110281801 0.687184961161814
"ycbZ" 0.081012508171998 8.51395252097041 0.331341232047084 0.565344788028797 0.687925470741202
"yddE" 0.0736959755269039 6.12951749194943 0.32366358551349 0.56988220108748 0.692626059783245
"truA" -0.0738156987858681 7.72940870576311 0.320079619830698 0.572024738635228 0.694221206036726
"lplT" -0.0819048471975899 6.32097395615334 0.319210652887404 0.572546603226005 0.694221206036726
"cmoB" 0.0773271576796304 6.00598556419141 0.300884454998604 0.583776993004236 0.707003504499234
"ydcY" -0.100528722877862 6.27599582486348 0.296375941655768 0.586607952648662 0.708787416842393
"pgm" -0.0884907054246052 9.30237211694297 0.296340548795684 0.586630286578417 0.708787416842393
"yebC" 0.0742623403065415 8.03254972823796 0.293159821214189 0.588644518386245 0.710385335349792
"glyS" 0.106217077402527 9.81860940242466 0.291846180372062 0.589480523870606 0.710559269970789
"yfeX" 0.0735902950031558 7.3356774129815 0.289551819638966 0.590946513937469 0.711491289347926
"rseA" -0.113273855600315 10.2900335907571 0.288184099873985 0.591823992485819 0.71171339611585
"murC" -0.0791200752257322 8.04158973855148 0.285647279560544 0.593458653057346 0.712472954576894
"nlpI" -0.107224753187488 10.1484903773567 0.285052775732347 0.593843085801189 0.712472954576894
"rbsC" 0.109842218788279 6.69450639738626 0.282821236441069 0.595290713218103 0.712855585090179
"fadH" 0.230672462682714 6.30306525723769 0.282422368520796 0.595550235644959 0.712855585090179
"oppA" -0.137344657051356 12.5846526777162 0.281096389628035 0.596414674209437 0.713059220504182
"uxaB" -0.170508433360288 8.4549700157173 0.273258830717432 0.601578228888566 0.718396326823903
"ygeV" -0.183077422490813 7.10482849765422 0.268576386103715 0.604708311266385 0.720965972359082
"bamA" 0.101677468973535 10.5674205368628 0.267943472674844 0.605134048854458 0.720965972359082
"pheS" -0.14708479981834 8.34560121534599 0.263721213058697 0.607990647285675 0.72344263818572
"pepD" -0.0941797818835115 9.92333918017417 0.262794254731654 0.608621654715153 0.72344263818572
"hisJ" 0.111587885516661 7.06437134491564 0.253295708373556 0.615169992051784 0.729298218897
"waaQ" -0.0732985446523595 6.73523040418162 0.251896769780859 0.616147390715965 0.729298218897
"htpX" 0.102002087250988 10.6642337674029 0.251141891428409 0.616676215687809 0.729298218897
"hflK" 0.0891368253307411 9.89944575259178 0.250257948699764 0.617296721956825 0.729298218897
"rng" 0.0575720960607662 7.93445596570491 0.249581149785992 0.617772745596273 0.729298218897
"htpG" 0.150570082415587 11.688632543084 0.249165897311358 0.618065211242733 0.729298218897
"aspA" -0.17064855612077 9.85205415360798 0.2485228126717 0.618518742608848 0.729298218897
"ispG" 0.0596086848091756 8.9330770565129 0.245887787137265 0.620384768412766 0.73065958389898
"kdsA" -0.0622505334766851 8.05123296285394 0.242409011373655 0.622867491390365 0.732017948563243
"manA" -0.0680169757826493 7.36313750677271 0.242274869328642 0.622963668008057 0.732017948563243
"yncE" 0.139379352768611 10.0369345675664 0.241100067754274 0.623807389682419 0.732171644804393
"proA" -0.0610083252087282 8.00872591744053 0.231171307396677 0.631041959960228 0.73972117601933
"lon" 0.122001285079674 11.358837640115 0.230307857300062 0.631680108441044 0.73972117601933
"opgH" 0.0755719276075147 8.89006320586937 0.227436443093576 0.633812926688428 0.741199200498435
"fliY" -0.188344728688528 9.31488807026295 0.22666910716742 0.634385683776168 0.741199200498435
"yhjK" -0.0538272890039202 6.5897562898425 0.219901583692501 0.639489355996473 0.746313146145884
"ytjB" 0.0641942497010545 5.35204452454687 0.21848551007332 0.640569377094499 0.746725028690182
"truD" 0.0593974851395495 6.77310073556312 0.208412203799074 0.648377934160186 0.754970678438221
"glnH" 0.0989216945463267 8.62083814776606 0.338645861186921 0.651190231069485 0.757190843574222
"ahpF" 0.0619547750243758 8.43275678717119 0.204139283233 0.651759207127178 0.757190843574222
"lsrK" -0.127051759429435 7.87377631706635 0.203182015555324 0.65252255495595 0.75722108919747
"cpxA" -0.0612464751336363 7.80797232938052 0.193367632067678 0.660476499966458 0.765586191270375
"minC" -0.0549110247760989 7.59882182562499 0.1812525349473 0.670634638776109 0.776484525392406
"pykA" -0.0710198896119947 9.28726911899882 0.177117284661052 0.674193672734206 0.779726240876159
"tmk" 0.0552590655632435 5.97836390580905 0.172118866796412 0.67856152594531 0.783895036159543
"lsrR" -0.113301327029363 7.53895661494859 0.168745449147012 0.681551583660476 0.786464580246415
"mukF" 0.05521213504064 6.88172702175087 0.165954045339399 0.684052303269562 0.788464327113177
"mppA" 0.0587012055644255 6.60833493272107 0.163887551295079 0.685919450258824 0.789441950502592
"ubiC" 0.0573434735851726 5.68954767699685 0.163316488698067 0.686437840115691 0.789441950502592
"yjhU" -0.0459138282803107 6.87063782145397 0.160166549382713 0.689316360736381 0.791865662725126
"yhhX" -0.046835281706523 7.59320597931893 0.158669927437697 0.690695546138834 0.791941767638711
"mdh" -0.0716931329543974 9.95204495716839 0.15842188505701 0.690924852779246 0.791941767638711
"ampD" -0.0553829208780911 5.6414154426334 0.156619804553018 0.692597092926894 0.792973483206154
"ytfR" -0.151243080213151 7.75280227660741 0.153633432139368 0.695392978524832 0.795287960963254
"rpiA" -0.0535498436705149 8.01649513253186 0.151327124654366 0.697573715285576 0.796894555726681
"maeB" -0.0690505275593393 9.08039208762744 0.148669223242636 0.700110774998781 0.79890418435972
"acpP" 0.0834570855082602 10.7070359202404 0.146120408777976 0.702568304655437 0.800818700201037
"hemD" 0.0444126825644694 6.67436927531529 0.133632906659053 0.714977878487393 0.814060178721233
"tamA" -0.044574804928515 7.22158618869536 0.131727165112848 0.716928921197758 0.814843211555303
"skp" 0.0599909808953204 9.39585522021297 0.131412648908657 0.717252447172341 0.814843211555303
"ibpA" 0.0904274328041669 9.45683561267925 0.129373181434984 0.719361046853222 0.816335685213546
"nfuA" 0.0716547310344701 9.34422349971191 0.162251801353543 0.721276399218002 0.817202859770256
"fabG" -0.0695534386580707 10.390476261425 0.127116099015516 0.721716644412485 0.817202859770256
"astC" 0.122210928567812 7.59585294594547 0.124739515714103 0.724222585700355 0.819137219729366
"bioB" -0.0574863973976457 8.16244184578072 0.11933885231785 0.730018832469166 0.824784753515768
"relA" 0.0483709330598494 8.43135393481179 0.116477696516944 0.733149222488869 0.827407287938122
"gltA" 0.0753778860773697 10.3504486800306 0.115750794550314 0.733951352786396 0.827407287938122
"fnr" -0.0565219714027075 9.42681046247742 0.11451966649869 0.735316329744768 0.828011622299105
"intA" -0.047171413974485 6.10442528603237 0.113816235162318 0.736099913494725 0.828011622299105
"ilvE" 0.0586470541696779 7.0200466778908 0.104256548992597 0.747027481401193 0.83938427067727
"acrB" -0.0576584502842817 9.84730275452381 0.103226818665962 0.748237118152361 0.839712922011505
"lpp" -0.126914429224353 11.8945320150882 0.102333824895096 0.749291530943559 0.839712922011505
"moeB" 0.0432668609132689 6.04331005366197 0.101927585604919 0.749772881679211 0.839712922011505
"acs" 0.126607631146741 9.91787079558161 0.0999903022991224 0.752091267099549 0.841391864173461
"sgcC" -0.129236637566348 6.38374232631983 0.0982108913225052 0.754226708737217 0.842862709328751
"rffH" 0.0459380081087034 6.51494733210494 0.0974910981914699 0.755099913110507 0.84292131604836
"cysH" 0.145311333131518 8.06317447379676 0.094347253758331 0.75895589343307 0.84630586596717
"gatZ" -0.113921671484565 12.0825502706733 0.0913565189818887 0.76268991407598 0.849547225331922
"hupA" 0.0589160750637511 9.05088458831727 0.0890223940166329 0.765650755367791 0.851921263014866
"gdhA" -0.0649383666035231 8.81012578478284 0.088020162422046 0.766935062200971 0.852426741212552
"speA" 0.0583469778430405 10.202279135839 0.0839434921160599 0.772242813620255 0.857182476653648
"pgk" 0.0728783942618561 11.1129889192701 0.0834587774310561 0.772883128900952 0.857182476653648
"sodB" 0.111350471543426 7.09831239734118 0.0824257305461588 0.774254555489685 0.857777161259877
"potG" -0.0574553557792368 6.30298323823176 0.0791697241565868 0.778638998461828 0.861705012306355
"allR" 0.0622704986006816 9.29836433394435 0.0763796189507587 0.782474163244846 0.865017185847639
"pspB" -0.0759437595832871 7.74828655973121 0.0745946787544758 0.784967366493137 0.866840306869303
"fabD" -0.0465454419286238 9.29881040583792 0.072964594750768 0.787272431996972 0.867638896421968
"gnd" -0.0639542854360587 10.9687264572859 0.071806286829846 0.788927212578495 0.867638896421968
"yadE" -0.060589058847685 4.34686583873584 0.146663202411297 0.788963481806221 0.867638896421968
"rcsB" -0.0356216672063685 8.22816780210535 0.0717069136533674 0.789069843484048 0.867638896421968
"dauA" 0.0401611586865445 6.07299398422879 0.0698108236167964 0.791811869041588 0.869722769524824
"thrS" 0.0566709058732701 10.8244581676578 0.0668873375308173 0.796118905250111 0.87351935437165
"mtlR" -0.0426719250004202 6.99630094619135 0.0651647208665043 0.798703929993759 0.875420422735956
"yobF" -0.0765810333526661 8.61834519259176 0.0617537184818875 0.803932210432838 0.87948437172345
"yhbJ" -0.0347060668781384 8.29772438498166 0.0616301461261489 0.80412446450664 0.87948437172345
"dhaL" -0.038713182489887 6.82160010553406 0.0605978794982945 0.80573852498051 0.880312196973387
"aceA" -0.0652451419653739 10.4660321140562 0.0583304874713219 0.809335796327051 0.883302723515283
"crp" -0.0355403145747303 9.20766262629307 0.0565084128243157 0.81228055810813 0.885461272009784
"lsrD" -0.109910166403328 6.67286865600232 0.0560459177427855 0.813037954727581 0.885461272009784
"gloA" 0.0328555085142693 6.70615597667365 0.0535580270486881 0.817157258808228 0.888384374502663
"cysN" 0.117168908332564 9.73533177317513 0.0532296353336716 0.817708731065145 0.888384374502663
"fbaA" 0.0573556362276591 11.3242228272728 0.0528686215996045 0.818317057721051 0.888384374502663
"yheO" 0.0302238851252887 7.26054697672397 0.0506828370861028 0.822047826699405 0.890962258847015
"hemE" 0.0320145714453412 7.5946009613871 0.0500904219082592 0.823073483880161 0.890962258847015
"hemX" -0.0272504184188392 7.49976246053885 0.0499633929472411 0.823294239187748 0.890962258847015
"aas" 0.0254797992956671 7.16241585564179 0.0449028783483567 0.832340909579252 0.899804330671465
"ytfQ" -0.0875070786511493 9.1129216294993 0.0435697734142213 0.834811833966694 0.901526554662245
"folE" -0.0381050784226785 8.28648219982039 0.0426372851870133 0.836563745902232 0.901650441926031
"mukB" 0.0339417692306805 9.20883360591458 0.0425744857927725 0.836682445136813 0.901650441926031
"tolB" 0.0396683278448203 9.7309991958236 0.0419947642091587 0.83778253481529 0.901889584125055
"mdlA" -0.0282078039803755 5.3769587323467 0.0390890562588143 0.843419541232361 0.906662495906039
"nudF" -0.0220894150380283 6.43320486938705 0.0383477361765436 0.844892282812901 0.906662495906039
"orn" -0.0273542893683615 6.1099924538969 0.0379337552318813 0.845721155130455 0.906662495906039
"glnD" 0.02875399528432 7.48406677472075 0.0379206410475887 0.845747488878272 0.906662495906039
"degP" -0.0387631476648813 9.65264446719706 0.0364329119965768 0.848766193093757 0.908829485717642
"metL" 0.0395007450905285 7.79644601413333 0.0360571219311147 0.849538759775011 0.908829485717642
"pepA" 0.0274984485186048 9.05418535285943 0.0339346165045354 0.853982790903902 0.911766834288345
"yjhQ" -0.0535360791400513 2.06202331802397 0.0338982952172625 0.854060072624525 0.911766834288345
"lacZ" -0.106096790954731 10.9338193963119 0.0325978687252553 0.856855770014336 0.913801532507501
"cysK" -0.0680267653700434 11.6212300597942 0.0309826961795062 0.86040955890592 0.916639644187116
"rhaS" 0.0526321794828975 2.3065913402072 0.0300310901974124 0.862548187762894 0.917965791536261
"oppC" 0.0343807454867717 8.94119791759168 0.0295959146874464 0.863537824411702 0.918067645621965
"ftsX" 0.0200874104324356 7.30487437405402 0.0271361338160869 0.869278084666675 0.923214677303697
"gpmM" -0.0251594223457598 9.35336896811535 0.0254846391109832 0.873283488346275 0.925805344676136
"ppsA" 0.0299987816883852 9.03560994569628 0.0253886505977792 0.873520330079042 0.925805344676136
"gpmA" -0.0399147324072115 11.5389690255836 0.0236153286171537 0.877981323584867 0.929574040537792
"polA" -0.0190333591348519 8.72672863686034 0.0226369160362381 0.880516262480528 0.931297838895471
"fhuE" -0.0418544570322569 8.31493148961297 0.022050838153516 0.882061617312782 0.93197251129653
"proP" 0.0311546456672057 10.3969973879417 0.0210471894851339 0.884757579391702 0.933860261084561
"ybbN" 0.0248758454847649 9.76731423441188 0.0201535335110376 0.887213879739567 0.935491431717182
"cysW" 0.0678108988746067 7.2990735046599 0.0197954731161247 0.888213607450501 0.935584999847861
"dhaM" 0.0211935188993078 7.84293799918232 0.0188763462305203 0.890822897896253 0.937372045224849
"aceB" 0.0341886520584366 10.5841642757453 0.0177995029460097 0.893963699334062 0.939694239931749
"pepP" -0.0221525063628355 8.8887100763668 0.0174981867555139 0.894859753313778 0.939694239931749
"pntB" -0.0223260793948072 8.91105285173255 0.0165159281969038 0.897836643032714 0.941269170941693
"lptD" 0.0227200700660203 10.3285038511537 0.0164004108517525 0.898192587656144 0.941269170941693
"oppD" 0.0251423489011353 9.45944687433781 0.0160752766104959 0.89920132331837 0.941365707490282
"rbsD" -0.0431363323367999 7.77096431937675 0.0141128450941586 0.905523202342259 0.946714138016717
"ycjF" 0.0217622984203217 7.61860467790244 0.0139179087634076 0.906174906863606 0.946714138016717
"entF" -0.0381984168854969 10.5478561671442 0.0135028663430529 0.907578057601659 0.946714138016717
"eno" -0.0316327581183331 12.1282219419815 0.0132305280890601 0.908510670320644 0.946714138016717
"cycA" -0.0251408471110119 8.37064974315868 0.0128573579387316 0.909804517703715 0.946714138016717
"cyaA" 0.0239088664753054 10.1325654819297 0.0128468731080405 0.909841143351996 0.946714138016717
"icd" 0.0311806478821053 11.6274432276892 0.0116651028987891 0.91407101632875 0.950152766973306
"hemL" 0.0151520657877845 8.53823970766281 0.0107828950488131 0.917372032541844 0.951756132316252
"pepQ" -0.0136178303755407 8.19852027820053 0.0107580432448703 0.917466962992298 0.951756132316252
"yphB" 0.0171286130307245 3.93929667900902 0.0103696571640355 0.918965201335999 0.952348397348205
"ssb" -0.0157200090567518 8.5082954891943 0.00891120372938547 0.924861354993753 0.95666311224554
"rffG" 0.0136146133279931 6.83966682394021 0.00888022286471919 0.924991694702844 0.95666311224554
"ftsK" 0.0127332306969608 9.15691912145527 0.00850540496304293 0.92658714460807 0.957349092064877
"kgtP" -0.0210424912671352 10.5952656285163 0.00786709413855539 0.92938806514851 0.959277932570372
"ahpC" -0.0182048355807682 11.1124215340689 0.00612653693591852 0.937668899669019 0.966853373453898
"asnB" 0.0173246471242212 8.45462149587182 0.00590057667737292 0.938826842612215 0.967076396552402
"yifE" 0.0155017234893265 6.93208454148657 0.00481208182077106 0.94474657699787 0.971457994835702
"csrD" 0.00875732324337229 6.98909119411306 0.00477278506797745 0.944972285142031 0.971457994835702
"ybiV" -0.0595631830479329 5.50236631488881 0.123373287394312 0.946766365904837 0.972329057784267
"ybeZ" 0.0128596160324098 10.0917530684945 0.00400115375241874 0.94961002028831 0.974197142550242
"hldD" -0.00811271891941017 8.82891714538685 0.00373601208628674 0.951306056063581 0.974197142550242
"hldE" 0.0191775723944695 7.85212349710292 0.0193495991451258 0.951431094428328 0.974197142550242
"oppF" 0.0108039786326323 9.55191807734003 0.0029313913350037 0.95686139049083 0.978781521946297
"hslO" -0.00847727175468757 8.93003551440167 0.0024124471570902 0.960862251921648 0.979940775366555
"yfcH" -0.00731272806412358 8.08779558496807 0.00212381505853322 0.963276316254314 0.979940775366555
"oppB" 0.00957004524794216 9.02512992220448 0.00210287116864711 0.963457711228728 0.979940775366555
"cohE" 0.0071840005812342 5.26617231068479 0.00202938128816602 0.964103393205849 0.979940775366555
"dsbC" 0.00503166246499266 6.68922084168404 0.00197761315473155 0.964562001923739 0.979940775366555
"pal" 0.00793244628080817 9.68088964605857 0.00183739487651286 0.965840622835464 0.979940775366555
"gapA" 0.0125672633558549 13.2304156208023 0.00181859008889846 0.966015767307383 0.979940775366555
"smf" 0.0667582040781399 5.98733422355492 0.179091703255837 0.966242387788647 0.979940775366555
"tusE" -0.0061136575768145 5.33710737008688 0.00175842834878125 0.966582283784148 0.979940775366555
"pspC" -0.0115133053838506 8.468978370662 0.00164671901969442 0.96766057508376 0.980066479892526
"yajC" 0.00554442909035324 8.00909936659161 0.00118908142052172 0.972517161966905 0.982732279102319
"mipA" 0.00737955575277119 8.90782448273595 0.00109400432464111 0.973638373214818 0.982732279102319
"yhdP" 0.003856705962748 7.55691480352233 0.00100164590478388 0.97477527116 0.982732279102319
"sapA" 0.0041823304457214 7.49856170101246 0.000991696513881554 0.974900821194686 0.982732279102319
"sohB" -0.00440075278021227 7.23915889116136 0.000977810126968728 0.97507711042382 0.982732279102319
"dsbG" -0.00399480991289905 5.79810284871354 0.000865616429873422 0.976550044497537 0.983251858528402
"fldA" 0.00973690433047183 7.93287868623178 0.00415438998505889 0.981568780852356 0.987337059682047
"wbbJ" -0.00411572641952808 5.91868572207093 0.000454199619100841 0.983012379667458 0.987821637885009
"pspE" 0.0042400691656844 8.87677540430259 0.000305512396268614 0.986067328975005 0.989922919704135
"yhdX" -0.00399593976338488 3.10472773156064 0.00022241123520789 0.988112121372369 0.991006981102953
"trxA" 0.00164828245879264 9.20444426769138 0.0000906386038677267 0.992410866757343 0.994299285440361
"ddpX" 0.00356225140490994 3.9551238573593 0.0000699891658106866 0.993331126447722 0.994299285440361
"pykF" 0.00136407341157437 10.8904506228875 0.000032830504679696 0.995432500030015 0.995432500030015
