"logFC" "logCPM" "F" "PValue" "FDR"
"putA" -4.30376565225529 9.37745448704455 238.942699982112 0.00000000000000000000000000000000000000329977775840142 0.00000000000000000000000000000000000113842332664849
"ynfM" 2.40501402326712 7.7987704585365 149.680944056506 0.000000000000000000000000000917532748143069 0.000000000000000000000000158274399054679
"uxuA" -1.95837200685817 7.74785124315709 137.895162824609 0.0000000000000000000000000803375279999909 0.00000000000000000000000923881571999895
"prpC" 2.19972267496316 4.50618771638581 84.1665188478032 0.0000000000000000154558862239836 0.00000000000000133307018681859
"mprA" -2.13120466495647 7.78347276805273 73.8341409290341 0.000000000000000651576978569252 0.0000000000000449588115212784
"metH" -1.31937322129412 8.42379434295467 60.4073247721811 0.000000000000155237695568054 0.00000000000892616749516312
"murD" -1.09668274286943 7.75138995482498 52.9897474790891 0.00000000000353798098058118 0.000000000174371919757215
"cra" -1.19115473126825 6.58498684557424 49.4627497401751 0.0000000000160804536473448 0.000000000693469563541742
"fimA" -1.86294357264445 9.02318419684012 44.1268705383021 0.000000000170303951120783 0.00000000652831812629669
"cyoB" -1.7933071363962 10.6858052926191 39.4732546786904 0.00000000129869510854308 0.0000000420298523865051
"yfgO" -1.09584172702997 6.12573167753211 39.4031863895737 0.00000000134008225000451 0.0000000420298523865051
"ispG" 0.767672172848772 8.93322890184537 38.8477133210183 0.00000000171896168980297 0.0000000494201485818355
"bhsA" -2.45311199073668 5.44068483827254 36.587283782295 0.00000000476068536437091 0.000000119459021838708
"alaA" -1.47999559734934 7.23802769554872 36.5473085545341 0.00000000484761248041133 0.000000119459021838708
"dfp" -1.11982257254137 6.96956704024862 35.666786442761 0.00000000722657861592389 0.000000166211308166249
"rpsP" -1.51638651543038 9.3708470084152 34.3863218172378 0.0000000129470360093156 0.000000279170463950867
"purA" -1.43606827198009 11.0430901732986 33.9463274382424 0.0000000158301525803581 0.000000321258978836678
"cyoC" -1.69884308057727 8.75178667072542 32.937101776741 0.0000000251387564151439 0.000000481826164623592
"selD" -0.940735894733787 8.50958444999837 32.6878089151317 0.0000000281893427947695 0.000000511859119168183
"mioC" -1.40237245527958 7.32321992158685 30.7641460881399 0.000000068489915185557 0.00000118145103695086
"trkA" 0.676180480945456 7.38076800341491 29.6590728680893 0.000000114421773797064 0.00000187978628380891
"yrfF" -0.997163815472368 6.94123483945208 29.0978576438665 0.000000148628323313803 0.00000233076234287555
"insH1" -1.01736498656159 9.84143509066696 25.6222875310861 0.000000761790537083794 0.0000114268580562569
"hflK" 0.94835568794316 9.90001816858403 25.2217433623471 0.000000921186227303304 0.0000129684414253221
"grxB" 1.13839648769753 9.23642444963167 25.1797414525758 0.000000939742132269721 0.0000129684414253221
"rng" 0.637751176271429 7.93493425955703 24.1539309914108 0.00000153134717358356 0.0000190962690691762
"uxaC" -0.957743234114789 8.64485542896519 24.1510912944245 0.00000153342359453359 0.0000190962690691762
"secA" -0.901820957236681 9.40429239131063 24.1287732615242 0.00000154984212735343 0.0000190962690691762
"lpd" -1.21799224550117 11.2481468720638 23.7180811187777 0.00000188577631913478 0.0000224342355207413
"yibA" 1.25941221985439 3.6544151569992 23.1705844876693 0.00000245097085079976 0.0000281861647841973
"rnc" 0.694998571965428 7.61118973721897 23.0966403394449 0.00000253943815147588 0.0000282614891051348
"acnA" 1.12209405321888 10.4623622388834 22.5141890707514 0.00000335919171217294 0.0000362162856468645
"iscA" -0.737950876803833 8.46505924260574 22.2452048723937 0.00000382351647225002 0.0000398509553384961
"adk" -1.44262960715551 8.86679796139588 22.1895879180668 0.00000392734052611266 0.0000398509553384961
"cspD" 1.35891789287294 10.5855134719971 21.8130583417113 0.00000470932092680091 0.0000459721588598453
"ydiK" 0.647277364007687 7.29387331739744 21.7748057107504 0.00000479709483754908 0.0000459721588598453
"hrpA" 0.591922526917326 8.29951525501338 21.356075494198 0.00000587316072812137 0.0000545213359259635
"hflX" 0.782648839459649 9.69062588941781 21.2653171734066 0.00000613687891287907 0.0000545213359259635
"aspC" -1.23176717625763 9.49325423169388 21.256448790761 0.00000616328145250022 0.0000545213359259635
"ypfJ" 0.592239392537718 8.13720079236907 20.4033365497256 0.00000932334798175981 0.0000804138763426784
"aceA" -1.19943152422304 10.4665199219193 19.7100413208162 0.0000130695396750553 0.000109975394826684
"aceK" -0.91667500485538 7.95875926443245 19.6143324453267 0.0000136947462786188 0.000112492558717226
"rpsO" -1.29446986279646 9.11641518799335 18.6998400400854 0.0000214291105950262 0.000171931236169397
"ptsP" -0.756774021940024 8.85620075230281 18.6264436015575 0.0000222153953267974 0.000174188895176025
"bolA" 1.17883191240458 9.28657604345548 18.4479616174193 0.0000242514761920566 0.000179735245890114
"aas" 0.545908136051059 7.16257803320984 18.4312780372362 0.0000244511947754201 0.000179735245890114
"hpf" 0.732786338789121 8.36461591998714 18.4284119953097 0.000024485671179233 0.000179735245890114
"sdhA" -1.20435261532251 9.2896875445466 18.1490332102019 0.000028093822543989 0.000201924349534921
"yaiA" 0.934576476502133 7.65184136288921 17.8620250721162 0.0000323624460192564 0.000227858038298846
"rplV" -1.45614403532493 10.4441165020572 17.6039614095507 0.0000367591622138264 0.000253638219275402
"wrbA" 1.06640807429263 9.87164657084555 17.5399522138305 0.0000379403395838648 0.000256655238361438
"bamC" -0.805508200240561 9.07755664888025 17.2099502826225 0.0000446683311245807 0.000296357196884237
"hspQ" 0.99278694430152 10.5768490113762 16.8584299997616 0.000053171415051321 0.000346115814956712
"slp" 1.08782862377015 9.38044588298352 16.8024444711509 0.0000546696682265434 0.000349278435891805
"rpoS" -1.05938663220511 12.4376387419174 16.5252889002843 0.0000627410917059693 0.000393557757064716
"ftsY" -0.664475869827718 8.12595889623938 16.1148839990758 0.0000769667556928911 0.000474170191322275
"rodZ" 0.620742202258737 8.85726429031364 16.0286464074327 0.0000803492702131956 0.000486324530237763
"gmk" 0.513046976457749 8.05302987911507 15.0677363211535 0.000129965944637833 0.000773073291380214
"nrdH" -1.08026161602717 7.6153214571497 14.9292863685856 0.000139325997204055 0.000814702865006764
"sspA" -0.604002992293274 9.13404670040688 14.5852774307967 0.000165654204749186 0.000952511677307819
"maeA" -0.61532545965758 8.47451439875826 14.5160406368824 0.000171535288539082 0.000970158599114478
"osmY" 0.955639327275224 11.210351295074 13.6989366154607 0.000259257014173359 0.0014426398369324
"rplB" -1.14410001289908 11.7415140263457 13.0938603973477 0.000352587062566983 0.0019049527177363
"seqA" -0.45671488795758 7.5060208266467 13.0894360837697 0.000353382533145285 0.0019049527177363
"fimE" -1.3680177665483 3.2127389496749 12.9317274147894 0.000385857371645479 0.00204801220334908
"mreB" -0.770021810612164 8.98593352037095 12.8776645871603 0.000393668894600926 0.00205781467632302
"ldtE" 0.977251412301132 10.4351312210515 12.8430163750191 0.000400691072699281 0.00206326000121271
"cytR" -0.692980713948162 6.15665258682353 12.6702388453852 0.000437654663991976 0.00222045380995929
"gshA" 0.5706319941251 9.22514531788611 12.3342808697953 0.000519757543223998 0.00259878771611999
"chaC" 0.621430517806203 7.04285218982896 12.2041942034021 0.000555609010570015 0.00273835869495222
"ytfP" -0.639812860012724 6.69591154342901 11.1298011064923 0.000966654441544205 0.00469712369482747
"wbbH" -1.44766065207927 5.53925474404939 11.0522304046446 0.00100629537805563 0.0048218320198499
"otsA" 0.686266524417779 9.73403065838413 10.8163883759635 0.00113728854793961 0.00537485683615297
"gabD" 1.03861201708784 9.95929329357454 10.7248638205671 0.00119268900601756 0.00556050955508185
"trkG" 1.66917353590609 3.44010965148748 10.1693471346898 0.00159332220916071 0.00732928216213927
"ycfL" 0.492977082146932 6.62051968602674 10.0429139920649 0.00170227059278726 0.00772741255936322
"gltB" -1.00435727383775 11.2491879518797 9.84508475351954 0.00188821156598186 0.00846016870472393
"yafK" -0.77814898844769 7.15952979529912 9.52453556861975 0.0022346235188566 0.00988391171801957
"yrbL" 0.598863275679268 10.5664997677985 9.21676420496265 0.0026283734942923 0.0114783399434284
"pheT" 0.711735501299691 10.7988511110345 9.08068930399729 0.0028244172925059 0.0121802995739317
"atpA" -0.850335107732868 11.2701996477535 8.95343597880301 0.00302127645162181 0.0128683997013521
"ybeZ" 0.577582499052692 10.0922344673347 8.74855318574582 0.00336819074794847 0.0141710464395393
"flgK" 0.673128885136338 4.18498998136282 8.51754496698442 0.00380859923522486 0.0158309245319588
"fpr" -0.589586958035765 6.64011348536444 8.40511292660245 0.00404386111271456 0.0166087152843634
"lhgO" 0.926411604937095 9.48854262445718 8.35233548380907 0.00415937989344112 0.016882188979261
"mepH" 0.807393961291564 5.14344428823721 8.28866050252445 0.00430326296676431 0.0172630898085313
"selB" -0.672039632396731 6.7936778398324 8.11923044832009 0.00471148090502981 0.0186834587613251
"mnmC" -0.564454072071129 6.18236564030101 8.05956844554595 0.00486450383265604 0.0190628160322502
"ldtB" -0.520279465067619 8.0284647074505 8.03929506072384 0.00491765399092832 0.0190628160322502
"clpX" 0.642245693328078 11.148181426182 7.99310927386072 0.00504097322073299 0.0192322959931783
"dinF" -0.771771126252289 4.72704670530628 8.30133018861108 0.00507286647936008 0.0192322959931783
"rplM" -0.755418498330288 10.8627675457798 7.94520017569999 0.00517224851641288 0.0193959319365483
"yohD" 0.471849930404223 6.20786970033691 7.86356011157345 0.00540408706451468 0.0199368697276738
"yciY" -1.51942832228857 3.94558141631044 7.85533719627687 0.00543207465043865 0.0199368697276738
"dapD" -0.579278541540322 8.89045919550362 7.70091426278969 0.00589828426881101 0.0214200849762084
"yphH" 0.511529262813609 4.81822680879306 7.33803814853921 0.00717529762850113 0.025786225852426
"ccmH" -0.730438830902919 4.05003494490259 7.14803655306464 0.00795413911039714 0.0282428195816021
"lptB" 0.338801154198958 7.6984064358799 7.13226081636888 0.00802259802607828 0.0282428195816021
"arcA" 0.599232303972737 10.024450381009 6.94582846624146 0.00887912621184512 0.0309424095261269
"pgpC" 0.425119269216333 6.81669192822984 6.90656254874679 0.00907122918599343 0.0312957406916773
"lptD" 0.455600264816132 10.3290094152466 6.88773349211074 0.0091648618935787 0.031305716369155
"rluA" 0.392348919969549 6.31157152845307 6.51491943405262 0.0112389294952462 0.0380140262339209
"xylH" 0.577702089450989 3.84464376356637 6.38561401858703 0.0120667626465505 0.0402081865659409
"ygaU" 0.658206631850509 9.85797177555791 6.37750555603592 0.0121207287039358 0.0402081865659409
"rpiA" -0.419030774933864 8.0172148367664 6.30041942132438 0.0126464095618627 0.0415524885604059
"yeaH" 0.717082060891961 9.78351420683112 5.93326650538669 0.0154939712520384 0.0504284913391816
"gltA" -0.514295383497236 10.3509962926479 5.60068343660114 0.0186476433624043 0.0601255790656963
"ldtD" 0.468881383385761 9.45477881675681 5.55677140711356 0.019111316599606 0.0610500391376304
"yeaG" 0.800059758223908 11.9963273990751 5.53871463552315 0.0193054437582961 0.0611043862074511
"garR" 0.489349977046051 4.52815528973376 5.37547219626045 0.0211563982234184 0.0663541580643577
"yhjX" -0.971037694481635 7.91436000252972 5.32062887015347 0.0218189532252206 0.0678156654297397
"yaaW" 0.612317028799775 2.80848762513312 5.26240994472169 0.0225459937583663 0.0692670480076982
"fhlA" 0.384724698068541 6.61729422600416 5.22882900262225 0.0229767973042884 0.0692670480076982
"evgA" 0.919094682558768 5.8104798594362 5.22457923115736 0.0230319255666155 0.0692670480076982
"wecF" 0.33793186938444 6.13072082796795 5.22018936574607 0.0230890160025661 0.0692670480076982
"avtA" -0.592223043879558 7.8342888796727 5.16035271012802 0.0238820850231685 0.0710286149395958
"cfa" 0.539652174418596 11.0153684169492 5.08538053482568 0.0249160724343875 0.073470469998835
"ahpC" -0.528280182241089 11.112980608205 5.0571590775129 0.0253173090082281 0.0740209458291415
"lacZ" -0.940840198964542 10.9343032211333 4.95274054661485 0.0268615626807665 0.0778759590324744
"yafV" 0.314708443131133 6.5912738742432 4.92967770803624 0.0272157324438805 0.0782452307761565
"zitB" 0.31499972090874 6.63441888658861 4.88686226740125 0.0278862538064658 0.0795103930845513
"rpsU" -0.735933767995196 9.18711564849364 4.83852046134068 0.0286641544169271 0.0810584694577037
"sfsA" 0.49607470818317 7.97383188061845 4.82011695463844 0.0289662404316599 0.0812467719424607
"glyS" -0.472829701428021 9.81916660935099 4.802707329125 0.0292550829173834 0.0813951903749779
"yjjI" 0.354196425978055 6.10334520287852 4.77507497780594 0.0297197429435869 0.0815301074398405
"rclA" 0.617809767756394 4.79286414720478 4.76475984607671 0.0298951770920082 0.0815301074398405
"mrp" 0.371849934603614 8.15869471071742 4.75789498299479 0.0300125323039413 0.0815301074398405
"yehX" 0.492234923124532 5.41517781904285 4.49605509006132 0.0348697759031041 0.0939849428638353
"tsaC" 0.332825860455031 6.2866420850869 4.47230539146611 0.0353494603842014 0.0945392545158876
"ugpQ" 0.360083018980947 6.28630153265731 4.40718959227776 0.0367006035620947 0.0973977556070976
"tig" -0.541015783367456 10.7463725416154 4.32249503966431 0.0385399088744405 0.100640534397381
"rhsA" 0.307187913248474 5.40895883778542 4.31188335725227 0.0387771222864559 0.100640534397381
"ptsH" 0.45629614868999 9.79793390886968 4.31096804022759 0.0387976552894252 0.100640534397381
"tabA" 0.433867234365779 5.42457577157822 4.23976095856375 0.0404307186677532 0.103828862515686
"metK" -0.793942936846496 9.47181551273886 4.23133592045106 0.0406286853322248 0.103828862515686
"ribF" -0.277350714771772 8.3322236365034 3.89680413455622 0.0493802095803709 0.125265972832558
"malZ" -0.34753433298288 6.10753526821253 3.82183082178369 0.0516033822512835 0.129950123187539
"yjdM" 0.450516311004021 5.67726591134478 3.77372160919684 0.0530858586135712 0.132714646533928
"lysA" -0.670622364282315 5.51907583978474 3.73997197669518 0.0541528759668523 0.133937266160313
"rpmH" 0.580866262225533 7.71481884376737 3.73377232634493 0.0543513543838952 0.133937266160313
"prs" -0.446789094224709 9.43263552528179 3.69322969458047 0.055668574293358 0.13534502468573
"accA" 0.358728656971838 8.56001197318213 3.69205548886838 0.0557072275518077 0.13534502468573
"yjeJ" -0.734859677136828 4.58036023817867 3.67526381900923 0.0562631301343035 0.135739719554788
"nirB" -0.614507422128086 8.19418306775407 3.65159798156613 0.057056681518123 0.136685525991467
"bglA" -0.379659836403157 7.83450915421202 3.6400703662161 0.0574475399094573 0.136685525991467
"rcsC" -0.279924455186499 7.20914870194744 3.55596101124364 0.0603874402519378 0.142696348540538
"mtlA" 0.454676397024986 8.62494900508541 3.50724627504082 0.062163448477632 0.145893807651585
"nagB" 0.366243914731649 7.52911858177455 3.48700679038673 0.0629177021053595 0.146666265042899
"elfC" 0.561345025849608 3.39786163470531 3.4902164460655 0.0637736991706043 0.147424161929915
"yegE" 0.240690828771629 6.8066734126872 3.45586517914066 0.0640974617086586 0.147424161929915
"fdoG" 0.57119104100207 10.695536068045 3.37261303772441 0.0673694810465862 0.153923648748823
"ompA" -0.59735705714831 14.5759066598837 3.35910997323496 0.0679168883446769 0.154153463677063
"mhpR" -0.381115122584002 6.70631863343372 3.26422659043041 0.0719010444386169 0.162129806087077
"yaaX" -0.802676096533765 4.11806329244103 3.19914907387125 0.0747789185263562 0.167524200594759
"gpmA" 0.456125506031167 11.5395709449417 3.17045824658225 0.0760869794037728 0.169354889640656
"lspA" -0.247183866434407 7.43904255489128 3.02261716865296 0.0832317359508039 0.184070185275816
"gltS" -0.317246799797007 6.73197800743162 2.89067318774506 0.0902259951879237 0.198267314266457
"puuB" -0.901951848145955 5.1655415299213 2.87455578074593 0.0911233459788436 0.19897186305507
"dgt" 0.386281230587929 6.1023780998195 2.83131924277496 0.0935790783869083 0.201153413474195
"nagC" 0.198435646375922 7.48730351333607 2.82458422097903 0.0939680804300547 0.201153413474195
"dcuR" -0.447578424265508 4.82293060263375 2.94036508550337 0.0940542574508476 0.201153413474195
"ytfE" -0.323919114820502 4.99360825170969 2.8162028134189 0.0944546463270135 0.201153413474195
"cpxR" 0.214674523856283 7.96134795148349 2.73981673802422 0.0990184338959226 0.208456005032856
"yhhX" 0.212782071744521 7.59371328007735 2.73861512686559 0.0990921299286621 0.208456005032856
"metC" 0.398426893543534 6.69363720429362 2.71124418357785 0.10078723044788 0.209009885992214
"yieP" 0.315439730499142 6.2082733815928 2.70850980625554 0.100958313998103 0.209009885992214
"araA" -0.662448044564908 10.6950370220342 2.70570494160275 0.101172901335362 0.209009885992214
"sapA" 0.210539733352695 7.49821287188794 2.66289407546781 0.1038599832683 0.213283894211688
"ychH" 0.551024195110836 11.0172086131195 2.49703777885479 0.115211866579784 0.235195822307843
"dnaE" 0.233336380216733 8.63118548472312 2.46007870945781 0.117924564626289 0.23923917546732
"speC" -0.476193004067305 6.40737268247223 2.45129811694216 0.118579417405541 0.23923917546732
"hscC" 0.693460097940009 2.94966043234418 2.41499924061515 0.121329826496401 0.243365058960804
"rplQ" -0.39644132199418 10.5844291729858 2.39530497118244 0.12285175953839 0.244993393299101
"adeD" -0.362538176340401 4.93857302118647 2.25015419416158 0.134749989243029 0.267176702809454
"htpG" 0.413457959628569 11.6892003609097 2.22486223001383 0.136952712676037 0.269992490704188
"bamE" -0.339208528494373 7.38426875496876 2.19616110113677 0.139501600824966 0.273454842526212
"uvrA" 0.261193747937786 9.78284322936377 2.13057371244355 0.145529794677839 0.28317080847243
"dgkA" 0.250490278652384 5.30130048470889 2.23219597607699 0.146099721472732 0.28317080847243
"ynfF" 0.373866242329633 4.31448782468771 2.10910201610015 0.147566911701611 0.283861541113463
"oppB" -0.436763005263471 9.02558196711517 2.09548689564916 0.148875390321911 0.283861541113463
"waaU" -1.37750208903551 3.39794547202547 2.09497894848518 0.148924460700107 0.283861541113463
"hha" 0.454162742524557 5.71329213468525 2.06393882386224 0.151958272854596 0.288052769971625
"yhiJ" 0.570728374415561 2.61030684954965 2.037347075799 0.154613321645213 0.290795288629512
"rpsD" -0.360053410569584 11.8312611212459 2.03261988696437 0.155090820602407 0.290795288629512
"puuC" -0.643656752167585 5.80381690436285 2.0132478013556 0.157065272752268 0.292905508646122
"pgi" 0.303848089350963 10.4684548874573 1.97609223678113 0.160933188591534 0.298505107871393
"nrdA" -0.337818849759324 8.66330260403753 1.91470999642523 0.167564795120574 0.309143605971112
"lpxT" -1.12352792705953 4.09025201683071 1.90331578837695 0.168830082197539 0.309821161479526
"fnr" 0.235279191959685 9.42726695522138 1.8891989561683 0.170413004765225 0.311071357904776
"edd" -0.336249710813988 6.56859572150563 1.85673382104132 0.174118753730476 0.314931364920695
"raiA" -0.413364660099022 10.3849959901158 1.85358265757493 0.174483377802378 0.314931364920695
"rhmA" 0.373566552298592 3.9359785990958 1.84684341818224 0.175266150912387 0.314931364920695
"evgS" 0.592851936477964 5.92163714057261 1.81586026466214 0.178917649697795 0.319826886765488
"asnA" -0.905670924491539 7.98518362975499 1.79871070385378 0.180976726625395 0.320446452853277
"clpB" 0.415232328387599 13.0739024102516 1.79358621816965 0.181597338122357 0.320446452853277
"glnB" 0.311420973264001 6.04189430399152 1.78184323948976 0.183028858287398 0.320446452853277
"glsA" 0.32015514660618 9.21399701110419 1.77705336854357 0.183616534058234 0.320446452853277
"mqo" 0.304131762377671 9.2778634186596 1.77468114628034 0.183908399028837 0.320446452853277
"gapA" 0.387294458851561 13.2307890270832 1.76210542596877 0.185464708059966 0.32153429286778
"ybhF" 0.238573534486811 7.64460351988356 1.70867128011228 0.192251410453316 0.33163368303197
"yhfS" 0.384731525660921 3.33396254411177 1.66876938677301 0.197509685201685 0.339009161167072
"dam" -0.278612594920134 6.76098624525816 1.67915244077606 0.201289979435864 0.343787341115708
"dnaK" 0.421351081117059 14.2033517407892 1.53588452805348 0.216289640322818 0.366120066509183
"rpmI" 0.275522065502268 10.6474988970571 1.53455247567127 0.216488387153256 0.366120066509183
"sdaA" 0.269030155922818 9.69330696341304 1.51353068044831 0.219654052192963 0.369475504723584
"dsbA" -0.249778588023825 7.75401068719328 1.50722539812689 0.220614359342198 0.369475504723584
"gatY" -0.400847142149647 12.3967574028182 1.44649984749821 0.230126455461612 0.38354409243602
"hsdM" 0.342060811208893 6.34073245869758 1.4392399195449 0.231331505224545 0.383698890877251
"fhuE" -0.490543542780161 8.3158851250878 1.43032830576869 0.232742599990214 0.384192330127387
"ydhP" 0.300599278096344 5.16976552699663 1.40515854821843 0.2368866094711 0.389170858416808
"yjiR" -0.389894967557433 4.96579786194976 1.39287244688979 0.238988635090209 0.390763408085886
"sra" 0.450695954569203 9.84690495020832 1.37210015150665 0.242466819281441 0.394580437038195
"yhbX" 0.541000594422332 2.57788012357936 1.35411050654042 0.245570956627064 0.397755774818484
"poxB" 0.291843299072523 10.1090071107848 1.29473312478574 0.256169394774231 0.412983370079951
"gadE" 0.45221688544437 6.88090026980201 1.28160805659205 0.258587905462603 0.414652171352276
"yegI" 0.288893679505495 4.02462329605831 1.27439512863776 0.259929071567482 0.414652171352276
"pepB" -0.216635865075364 7.88593736480635 1.26968142019598 0.260810206328823 0.414652171352276
"ygcE" -0.460301772601279 2.82200609321895 1.23015663248314 0.268347031394269 0.42091733827771
"pta" 0.246746048963464 9.3641375376359 1.22972954810473 0.268429946370354 0.42091733827771
"insB1" 0.243808397263123 6.96226708450061 1.22439748421296 0.269467830783175 0.42091733827771
"gatZ" -0.379920435629533 12.0829875231379 1.22356100919107 0.26963110654891 0.42091733827771
"fkpA" -0.172761314228548 8.88796061137594 1.21436202724825 0.271434917543666 0.421824534020563
"yniA" 0.23278834886355 8.8302759823556 1.17831152258489 0.278652077995852 0.430137570000739
"dctR" 0.481839630863975 5.03546476097473 1.17524194155775 0.279277726609175 0.430137570000739
"yadD" -0.347326603757034 3.73716472897982 1.19669311690872 0.286303890251248 0.438999298385247
"manX" -0.260853233726403 9.3760678544971 1.10285899168603 0.294562913494997 0.449664624583071
"agp" 0.279669803875621 8.6114185385918 1.00870530809106 0.31609743938399 0.479118788419319
"manY" -0.238509488704253 8.80329073029284 1.00646265149473 0.316635025390159 0.479118788419319
"ybeL" 0.238507940683116 8.48053416545127 0.98954622724398 0.320729101839596 0.483194498404632
"nth" -0.382030174040242 4.76765283487504 0.956743138851756 0.32886978193386 0.493304672900789
"dtpD" 0.224852441962965 4.75713621291175 0.951056802857703 0.330308798700874 0.493318335722085
"dinB" 0.140575479675293 5.57808803293967 0.926150457167063 0.336711942971352 0.500713880711709
"ygiV" 0.190346277097884 7.14592723268287 0.910712880917327 0.340764698493742 0.50374838110612
"rcsA" 0.612675721099819 4.39806672015487 0.906360800475886 0.34191911621494 0.50374838110612
"cysJ" -0.51465437913117 9.37418967421857 0.901806092019031 0.343132955246198 0.50374838110612
"fusA" 0.270887031235443 13.4767566262151 0.853350880729144 0.356417164618606 0.518559521955794
"copA" -0.149640852927786 8.80914926217115 0.851164484231313 0.357033059434026 0.518559521955794
"bioA" -0.142232711616175 7.74197908607571 0.848693393106091 0.357730916595591 0.518559521955794
"sgrT" 0.392483708882765 4.59283978188223 0.826771909950566 0.364060922988611 0.525527273770171
"thrB" -0.224659415075412 8.07961453643375 0.815540522973215 0.367278784468919 0.527963252674071
"frwA" -0.272930038418959 3.16166376906865 0.766178694075259 0.382166821648863 0.545915869431667
"rhtB" -0.502400539165503 4.36137039773919 0.789978071702909 0.384514653812326 0.545915869431667
"nrfD" -0.527570290532459 2.31860027064404 0.828167817592733 0.384514655860566 0.545915869431667
"fadL" 0.261262707078758 8.14696808246061 0.733335340156844 0.39255090054038 0.555041232321439
"proX" 0.285522510115151 7.3949730827972 0.702614494375129 0.402635633720912 0.56697670870904
"rho" -0.178649624785995 9.78767959945424 0.665306043197378 0.415399904060935 0.580121948943708
"potA" -0.232848392233665 7.35040958020883 0.660868547291053 0.416957771448942 0.580121948943708
"lsrR" 0.17850904255648 7.53671398895601 0.660705442369309 0.417015198081274 0.580121948943708
"caiC" -0.353197495859408 3.45287844877055 0.699577392446816 0.427402293630851 0.591048590832762
"ytfR" -0.245706995859557 7.75121315268414 0.622346482940463 0.430857252395156 0.591048590832762
"aspA" -0.24147583902331 9.85214437142695 0.620919023844671 0.431385682050505 0.591048590832762
"waaH" 0.470711459835494 3.37050495638669 0.639944122090399 0.431722448956104 0.591048590832762
"yceM" 0.129572942115431 6.67359878317541 0.608207756870104 0.436135117516241 0.594729705703966
"ugpE" 0.341937445295036 3.76839026001052 0.598002743422648 0.44000628677282 0.597155739880799
"wcaM" -0.406050291583119 3.82463087197746 0.599137591535236 0.441643812258982 0.597155739880799
"ydhR" -0.202706699330356 6.54905914393217 0.586742889580687 0.444339357194511 0.597155739880799
"opgC" 0.268677774567248 4.24774961923556 0.585458655397715 0.444837754056131 0.597155739880799
"astB" 0.170088664141244 6.63145940331941 0.573794394063169 0.449404601237471 0.600948013282664
"yigB" -0.204521998335198 5.93231218828885 0.564381945952805 0.453143428298976 0.602297796995318
"cstA" -0.202801011954784 9.1317230841266 0.562478164531524 0.453905586141399 0.602297796995318
"glrK" 0.114033218212489 6.26447121461495 0.76991511609512 0.456669533309588 0.603643635983938
"yeeX" -0.172983122359056 8.29809533196086 0.546975220680518 0.460188061901537 0.605692329169774
"pitB" 0.393478362487758 2.03956063680496 0.543219805128507 0.461730674120726 0.605692329169774
"tnaB" -0.28609121166021 2.43819716603299 0.528824696677279 0.467720947666204 0.611226238427426
"ggt" 0.176352598330704 8.10654373571594 0.509891562332058 0.47579234350317 0.619427767956957
"envC" -0.184902856783914 6.86429243744135 0.495269856229508 0.48218225399574 0.625386758001994
"typA" 0.156291744056761 10.7342042969233 0.48245303366938 0.4879005742808 0.63038240245111
"mdtF" -0.192260015685703 7.86162432432578 0.472746084907058 0.492306899598017 0.63038240245111
"apbE" -0.407652955979763 4.28615142482476 0.471128969022656 0.493047440250089 0.63038240245111
"yjjB" -0.303434840998551 2.44939485663025 0.523998022768248 0.493342749744347 0.63038240245111
"wecC" 0.169805264237657 7.16368771227731 0.45261297412822 0.501662470143112 0.63864779409363
"zipA" 0.101224090533997 8.43446895261861 0.44273102058928 0.506365754299579 0.642265386887333
"fdnG" 0.176752913254263 4.30719452510328 0.427469490725213 0.51378040713723 0.649282932096499
"yeeN" 0.480237502517804 6.01182144600146 0.420390936047026 0.517283872819008 0.651324584388896
"phnP" -0.104931608546518 5.31187821916027 0.416443514866723 0.519255865654068 0.651430086002377
"thyA" -0.125839941156103 7.21061567789896 0.387014092794899 0.534389327359254 0.667986659199068
"adiA" -0.14080193938668 4.5327319864408 0.41493085072106 0.537693812025691 0.669690848912864
"waaA" 0.109919130938649 6.22903735522127 0.363163917133622 0.547251665942675 0.67723003162013
"motB" 0.245614420341547 2.39698645245178 0.362232081716876 0.547765813606637 0.67723003162013
"ydbC" 0.129864658583921 6.82763866213861 0.358856370835033 0.549635967691699 0.67723003162013
"prfC" 0.155172872778931 7.9648519324211 0.338482630851711 0.561183716815426 0.688997801784064
"iceT" 0.113678321125463 4.53821603789754 0.331929826275773 0.564996856710568 0.690137214579542
"astC" -0.151365707571779 7.5939017225179 0.330028652825257 0.566112555727567 0.690137214579542
"yieE" 0.0921203343242051 6.21627603804952 0.306432168207567 0.580328308003134 0.703583761182454
"lhr" 0.09552431999373 7.3209618225588 0.3038326005715 0.581937877771457 0.703583761182454
"hsdS" -0.422434581301606 4.78029270199301 0.301757072026643 0.58326074115415 0.703583761182454
"trpA" 0.345969070588819 10.2761328582835 0.283772956218416 0.594669710527872 0.714846864571833
"wcaI" 0.159581468691114 3.47082868382753 0.275214365884616 0.600278446919994 0.719083556206243
"hldE" 0.0860575956329706 7.85269496161619 0.267810158773426 0.605221178753018 0.721941796980444
"kbaZ" -0.212387438877214 2.64829389197894 0.295666513425745 0.60684962644733 0.721941796980444
"cdaR" -0.131219533374175 4.78284305605295 0.249134586037112 0.618084756684859 0.732780897100606
"ygiC" -0.063283860042483 8.21958079678139 0.233045368913359 0.629659510473468 0.743947024360775
"nemR" 0.101698638974458 4.06104242575112 0.226932911028418 0.634186252003009 0.746738078297059
"glnS" -0.0765854513258589 9.45106437462236 0.214658868528123 0.643507093679969 0.755135875236699
"exuR" 0.0685111658182189 8.6632888179231 0.207953789256447 0.648736400741542 0.758691722901126
"flgA" 0.232912512668735 3.00318948700108 0.200134043870433 0.654965366721462 0.763388687563867
"rapA" 0.108808588191981 8.45816757068773 0.499614144234092 0.675058082077705 0.784158378171072
"trpE" -0.4403923612666 11.0377205817384 0.161772171431479 0.687843046046581 0.796328358678089
"recG" 0.0890249325917874 6.80529512986978 0.155895192694671 0.693270701780175 0.799927732823279
"dadA" 0.0945208475999303 10.6777428365929 0.145517978253259 0.703150885035337 0.807482182314131
"mrcA" -0.105049823699731 6.61657318773694 0.144133864163873 0.704498947468271 0.807482182314131
"gspE" 0.189485384764051 2.50001958835272 0.124637405939833 0.726474796196319 0.829913260555398
"iraP" -0.0906246939011893 5.09516811694357 0.12026007294061 0.729018203694175 0.830070231929012
"ldrB" 0.131411855900852 2.2790036222268 0.117273754157775 0.732272328137969 0.831032740814472
"allS" -0.147092500219861 1.81845947449372 0.114907245430253 0.734884100606524 0.831234900998433
"yheS" -0.0729958226564958 7.06739930815312 0.209577056080637 0.73726921653774 0.831234900998433
"fadH" 0.0920953034400618 6.29753732170535 0.105461354788346 0.745618969647375 0.836129220768185
"glnE" -0.0517362092921068 7.95632794028977 0.104742479115346 0.746457391294495 0.836129220768185
"trpB" 0.194333975565458 10.8049885567645 0.10008914881813 0.751963045442004 0.839570390542043
"mdtA" 0.0529227915606822 5.26931089669766 0.090163808912377 0.764196215234869 0.850476433083967
"yedV" -0.178506619289859 3.81013140575677 0.0875789582567491 0.767501554286004 0.851408476619522
"pth" 0.0771201409630698 5.55958822969128 0.0778068721079768 0.78050173171146 0.863054799488633
"ytfL" -0.0443692690836835 6.12802113747552 0.0746987981726738 0.784819761747081 0.865056925887358
"fimD" 0.140101612152619 4.89388656777067 0.0714096248311117 0.789509977610063 0.867455230176662
"soxR" 0.0458516539662102 4.66907028964142 0.070538545564419 0.792078038132727 0.867514041764415
"rpoB" -0.0724981620677658 12.8572544371111 0.0677628687658615 0.794817426310222 0.867759531889325
"glcB" -0.044894791912016 7.42195257857169 0.0652570365367458 0.79856327462838 0.869098832008805
"ydcR" 0.0654827538556556 5.19876168643858 0.107777560208537 0.819303601827019 0.886472067898324
"dnaG" 0.0741948125828512 8.67741682705597 0.212273525458469 0.821726729762507 0.886472067898324
"rplJ" -0.0570585045267935 12.0315385539243 0.0505738655526298 0.822234961528881 0.886472067898324
"tdcG" -0.0609812383163232 3.53641403773063 0.0413183470249923 0.839075217509182 0.899366744369576
"spy" 0.036266629250901 8.09948900287414 0.0388801933395587 0.843832079449634 0.899366744369576
"nuoL" -0.0481104485375997 8.41093234477806 0.0377660016729142 0.846057461368762 0.899366744369576
"yafC" 0.045012288802079 5.42514299924968 0.0636486584331337 0.846434717363932 0.899366744369576
"znuA" -0.0698124416023075 11.3010257195226 0.037185928585315 0.847229541797427 0.899366744369576
"yghA" 0.0448484476981578 8.20048389159378 0.0338392962986207 0.854184841332138 0.903968620428183
"rhaS" 0.067161250159581 2.30525157079088 0.0270846762550726 0.869400202321635 0.917257094192551
"hslO" -0.0234852475649936 8.93016052545114 0.0196564809650202 0.888603516750169 0.934659186825635
"yfgD" -0.0426654323135881 6.40267350979606 0.0278439687579285 0.898026855750124 0.940881200502096
"acrF" -0.0286356196852897 4.51693292310372 0.0215512931715978 0.901516862547369 0.940881200502096
"leuS" 0.0241744187246441 10.3779837858635 0.0146806468885441 0.903649976905908 0.940881200502096
"ynjA" 0.0372384951287688 3.61931798327843 0.0141413604913428 0.905427705990423 0.940881200502096
"dppC" 0.0754977915812243 6.01245453750402 0.0123497433243561 0.911594921887411 0.943235760932943
"glpD" -0.0403924880154319 9.70045982757835 0.0109668451298728 0.916672298078418 0.943235760932943
"entE" -0.0353522915614768 9.66727088420785 0.0106172303093683 0.918006480342664 0.943235760932943
"gnd" 0.0250943422719324 10.9692297135543 0.010455903386699 0.918629610647736 0.943235760932943
"fiu" 0.0410264953024736 10.7764222319235 0.00732339780297056 0.931865163986214 0.952412270767163
"tehA" -0.0187703757539793 5.05258527071838 0.00706227761860987 0.933087963824062 0.952412270767163
"yihV" 0.0169469246787651 3.52231890359487 0.00576458898146347 0.939874259496749 0.95650920214271
"clsA" -0.0303842691618587 7.40850664592104 0.0581393808359711 0.94813845787874 0.960478611391246
"kdpD" 0.00788943601328278 6.85431908175821 0.00404374141389292 0.949342627491057 0.960478611391246
"kefC" -0.0157494443523549 5.58295850995292 0.00644487631798928 0.960721863053951 0.969149247817582
"malP" 0.0276084830171066 8.60567790630432 0.0195025803239234 0.963684977468488 0.969304131856059
"rpoC" -0.00889337173482479 12.7376331596149 0.00105660454189854 0.974092581708832 0.976924246190544
"corA" -0.000782209530056271 7.08319646368392 0.0000154745173020607 0.996864173077471 0.996864173077471
