"logFC" "logCPM" "F" "PValue" "FDR"
"lacZ" 7.44214345467953 10.9333773866765 169.141348909731 0.00000000000000000000000000000203778571727716 0.00000000000000000000000000185438500272222
"cynX" 3.29454046603765 3.67688803185848 135.799266551054 0.0000000000000000000000000969356384543804 0.0000000000000000000000441057154967431
"galE" -2.02596237748493 6.7069058711286 116.127378765355 0.0000000000000000000000855969846278543 0.0000000000000000000259644186704491
"xylH" -1.15867903554692 3.85261829884196 43.8279958946371 0.00000000018954580465017 0.0000000431216705579136
"xylA" -1.02784409354811 7.21549663873642 37.9053274613978 0.00000000264468087270963 0.000000481331918833152
"xylB" -0.716853482688498 6.04141580966176 21.3747373650854 0.00000583528809937552 0.000885018695071954
"galM" -0.691616403203562 8.0797979401406 19.9815484592174 0.0000114744570373863 0.00149167941486023
"glcD" 0.499092911965309 6.40913321982597 6.64402829418722 0.0104740201169348 0.999845557585657
"purL" 0.768676097385595 10.0938884765878 6.05294672305024 0.0145030591868923 0.999845557585657
"allR" 0.530865173335545 9.29815091602488 6.02559014116562 0.0147244825988746 0.999845557585657
"argG" -0.624596115967127 8.28501157210685 5.6309809213988 0.0183388677120456 0.999845557585657
"pheS" -0.779261597238289 8.34508969904301 5.19945529979094 0.0233654567608611 0.999845557585657
"yodC" 0.605834334987552 7.57093145394618 5.11433637269905 0.0245161797061802 0.999845557585657
"fetA" -0.698044071676321 4.1019097346011 5.38895770892333 0.0310380466642921 0.999845557585657
"ygiF" -0.285927670074512 7.01218157483953 4.23452495412064 0.0405595141505564 0.999845557585657
"astB" 0.493107448905384 6.63660074720831 4.06829804016293 0.0446744407146209 0.999845557585657
"cybB" 0.597733785294092 5.85278482238761 3.95485623274454 0.0477349492695133 0.999845557585657
"yciG" 0.532817845042521 8.65434295749447 3.94977976281284 0.0478770010035175 0.999845557585657
"ybgL" -0.276930311676354 6.35263013861396 3.94486259667318 0.0480150228340268 0.999845557585657
"lolB" 0.24942124310507 7.37485719873819 3.91475721262556 0.0488693248170613 0.999845557585657
"iscS" -0.404269523180121 9.80595590738743 3.87759800594649 0.0499461124091379 0.999845557585657
"astE" 0.500209371695341 5.16125050590136 3.87726352409922 0.0499559186218045 0.999845557585657
"fimA" -0.45360831983154 9.02254090169182 3.68487872383706 0.0559740143992906 0.999845557585657
"hisG" -0.420699250296727 7.56910630456372 3.56188595135596 0.0601817295393551 0.999845557585657
"groS" -0.512784311626507 10.2996893972506 3.53718647074204 0.0610719767819673 0.999845557585657
"kdpA" 0.577999831609247 2.49072898261907 3.74420068141091 0.062157754771745 0.999845557585657
"cbdA" -0.373135490814121 6.0607292484101 3.49465178974613 0.0626382773373109 0.999845557585657
"lepB" 0.28999369290361 7.96604899297931 3.45968873247563 0.063957995793608 0.999845557585657
"ompC" -0.548872870113946 11.8024248266648 3.33453312098406 0.0689322914408796 0.999845557585657
"iscR" -0.3317739482324 9.04424186200821 3.26878164429596 0.071710938636238 0.999845557585657
"rlmI" 0.289876845026501 7.28362310512178 3.12495840250688 0.0782192937014863 0.999845557585657
"manA" 0.271507269130186 7.36249795631446 3.06570905538867 0.0810838936696153 0.999845557585657
"umuD" -0.487559215414923 2.65603800904044 3.03457253981397 0.0826347149122153 0.999845557585657
"ydcF" -0.276894303182887 6.62158653085475 3.02695529994288 0.0830189895043878 0.999845557585657
"srmB" -0.244081787054408 7.39402709558983 2.93440785882953 0.087846239015491 0.999845557585657
"tyrB" -0.51407979694585 8.65804932181 2.86110815027388 0.0918865655656928 0.999845557585657
"yphH" -0.288986783332441 4.8202565550648 2.7909157591503 0.0959465024801212 0.999845557585657
"csrD" -0.217934781720196 6.98862230785905 2.73386292108858 0.099391282100625 0.999845557585657
"uidA" -0.351926248505911 5.84460112009966 2.73245241657248 0.0994781471544555 0.999845557585657
"pheP" 0.440798555476063 5.64469611815604 2.57586434594208 0.109661434159004 0.999845557585657
"metG" -0.366726944264938 8.97127053964717 2.51819990803455 0.113696991667066 0.999845557585657
"pgpA" 0.214774958727797 7.21401537684399 2.48833050238165 0.115851819373477 0.999845557585657
"argH" -0.457117162845755 7.84855490636668 2.48304646273731 0.116237714478729 0.999845557585657
"murI" -0.257438946964249 6.07128828004311 2.47834872609387 0.116581990017478 0.999845557585657
"chbF" -0.546448701371021 3.09794987831916 2.60682494783032 0.11908823103267 0.999845557585657
"groL" -0.533043092564991 12.7564375030947 2.43874306657952 0.119529960417392 0.999845557585657
"baeS" 0.285639611715039 4.59792780474275 2.378532046245 0.124171888017653 0.999845557585657
"yeeA" 0.230570826820544 6.09542398839813 2.35751365424927 0.125839349831771 0.999845557585657
"deoB" -0.402962781717709 11.3922197984238 2.35003534185728 0.126438650945457 0.999845557585657
"lpxA" -0.217937492593407 8.64593187676044 2.26501195452964 0.133481730333298 0.999845557585657
"selB" -0.308380517128738 6.79204237534137 2.25121662184264 0.134665476059109 0.999845557585657
"rna" 0.180988775293145 6.89182740156698 2.23412044304906 0.136148867024199 0.999845557585657
"yidD" 0.864977885649887 5.63072742258262 2.2091090414857 0.138352290006373 0.999845557585657
"pphA" 0.232382899970512 5.50482329723696 2.20804294649101 0.138447098163412 0.999845557585657
"ybfA" 0.444109970498418 6.46767053170429 2.20359952319233 0.138843042632143 0.999845557585657
"yejG" 0.364841595060923 7.23430422459708 2.19320333285324 0.139774424185413 0.999845557585657
"osmY" -0.367908052035743 11.2094592045571 2.02348097906579 0.156025781983095 0.999845557585657
"malI" 0.313446430734895 4.39435237568575 2.19953040858245 0.161884694652073 0.999845557585657
"acrF" 0.243922033020667 4.51969085148884 1.95480267442729 0.163205554217866 0.999845557585657
"mtr" -0.731943263095498 10.9919521359362 1.95047412819874 0.163670599327848 0.999845557585657
"mukE" -0.284094468871983 6.48515594707957 1.93706029135356 0.165121429553721 0.999845557585657
"rpoH" -0.295441403353872 10.316736007857 1.9304396931895 0.165842950287137 0.999845557585657
"yheT" 0.208986678229391 5.64753077538614 1.92990779122678 0.16590107469224 0.999845557585657
"ydfG" -0.226316054060134 8.17296202038134 1.92619061760909 0.166307928955462 0.999845557585657
"hemN" 0.188973803892131 7.59397245051418 1.9206865760125 0.166912469797252 0.999845557585657
"ecnB" 0.472152622839938 7.64859406926189 1.89680135766239 0.16956539956875 0.999845557585657
"holA" 0.204439705343436 6.78063747794731 1.86909772348145 0.172703547358221 0.999845557585657
"pepQ" -0.198450141615562 8.19804427672443 1.85941656247625 0.173815964766598 0.999845557585657
"hupB" 0.335216836209858 8.67640438195756 1.83211205467356 0.176998340022841 0.999845557585657
"ykfB" 0.195982724603166 7.13181413661259 1.83106726558413 0.177121445764845 0.999845557585657
"dsbA" -0.264631928672685 7.75225913717056 1.82388010026966 0.177970993135373 0.999845557585657
"dnaK" -0.45871553605072 14.2028638899681 1.81470941258239 0.179061873320246 0.999845557585657
"yggS" -0.262670817963465 5.61863988487782 1.79872327749516 0.180982092540102 0.999845557585657
"argD" -0.376246049694579 7.13356257300595 1.78750018709725 0.18234449351746 0.999845557585657
"ppiB" -0.236806038772792 8.54884303220651 1.76951266895545 0.184553031510616 0.999845557585657
"emrB" 0.21616559796144 6.32767694609006 1.72735155393499 0.189853107275803 0.999845557585657
"yqjK" -0.283509464956892 7.8279405931796 1.72542679454543 0.190099285771471 0.999845557585657
"cfa" -0.316906489783952 11.0141481277075 1.71614766457679 0.191291354002689 0.999845557585657
"rspA" -0.373537855443675 9.59327143793365 1.70080810387338 0.193281265845978 0.999845557585657
"nrdA" -0.286472002182536 8.66213545401693 1.69781779561418 0.193672004734638 0.999845557585657
"ytfK" 0.416799176217349 9.14747734425282 1.67992928663925 0.196028945399152 0.999845557585657
"purD" 0.391954790376383 8.46139306228081 1.62616567404003 0.203318784415059 0.999845557585657
"araB" -0.480468323210778 10.6494135789253 1.61256625740489 0.205213205017735 0.999845557585657
"gltD" -0.32484152037018 9.74253441066141 1.61165018683466 0.205341565138532 0.999845557585657
"ompA" -0.413206095117669 14.5755352775825 1.61128541639687 0.205392703386582 0.999845557585657
"ybaP" -0.193279068445768 5.75373378622256 1.61119574139034 0.205405277503021 0.999845557585657
"lptC" 0.184863281740411 7.45600115507129 1.61086090128556 0.205452236426021 0.999845557585657
"clpB" -0.394824361605136 13.0731120745887 1.60707019380984 0.20598474462058 0.999845557585657
"yajQ" -0.19609901462138 8.12488935391575 1.60321803905034 0.206527562435801 0.999845557585657
"glsA" -0.298703889492124 9.21289108602702 1.58109727601353 0.209677744537341 0.999845557585657
"bcsC" 0.185274563901277 7.48370241509283 1.57544955915128 0.210491158772628 0.999845557585657
"gcvP" 0.292008903892887 9.68739416907905 1.54532619520303 0.214893734391533 0.999845557585657
"rpoS" -0.3256168238423 12.4365998651973 1.54155158707488 0.215453112693279 0.999845557585657
"araA" -0.439974518984795 10.6942595468902 1.52227684704683 0.218373001822915 0.999845557585657
"maeB" -0.229364101377644 9.08019884455402 1.52044149160757 0.218613825918231 0.999845557585657
"yhjK" 0.143704764954461 6.59003468159241 1.51853700129128 0.218901697487852 0.999845557585657
"phoR" 0.206552034261437 5.38591929728357 1.50378437777027 0.221147085542746 0.999845557585657
"ahpF" -0.18227491619251 8.43228248682867 1.47782106578914 0.225166360894805 0.999845557585657
"atpB" 0.283072328535807 9.35759212940132 1.47676538058016 0.225331639246463 0.999845557585657
"guaB" 0.36117232047452 9.33105333712219 1.45218562861672 0.229221554671201 0.999845557585657
"hldE" -0.188705122692534 7.8516150422048 1.44912843806105 0.229711028369207 0.999845557585657
"potF" -0.247533284483035 7.63671880044779 1.43732304475425 0.231613051788314 0.999845557585657
"cyoC" -0.296389324076205 8.75101826612272 1.39753498265105 0.238165794637313 0.999845557585657
"mdlA" 0.186634945118716 5.37689654545945 1.35974663085911 0.244599512023845 0.999845557585657
"yqeG" 0.231214922230972 4.96075718065238 1.35335912625915 0.2457079389664 0.999845557585657
"atoS" 0.243205848040037 4.83203450034208 1.34141352270706 0.247797456851244 0.999845557585657
"astD" 0.29794997402918 6.8236340710868 1.33897686189727 0.248226352983497 0.999845557585657
"ispE" 0.1865238414577 8.04255018300451 1.33560092885383 0.248822087416655 0.999845557585657
"purB" 0.349035324426075 8.87035006907114 1.31186308395797 0.253061089218583 0.999845557585657
"yjbJ" 0.409459968208153 9.90702919658682 1.3003948580053 0.255140955429861 0.999845557585657
"aceE" -0.335788536715194 12.0665013579689 1.28791697119435 0.257428015142141 0.999845557585657
"purA" -0.278731697603926 11.0419370749646 1.27949935219559 0.258985237152884 0.999845557585657
"poxB" -0.290693026164696 10.1079077212135 1.27890417591009 0.25909578407713 0.999845557585657
"rpsR" -0.280643094813956 9.40134430683852 1.27290750268908 0.260212871926793 0.999845557585657
"ompX" -0.322643953195545 12.6162697454879 1.2617582681333 0.262305767168039 0.999845557585657
"accC" -0.263138553539961 9.67546063593305 1.26039464900797 0.262563176896767 0.999845557585657
"sad" -0.19742681493644 5.16149352897718 1.25824288384951 0.262970005039336 0.999845557585657
"aceF" -0.308603533579552 11.3187309300258 1.24669982150721 0.265165888212045 0.999845557585657
"fepD" -0.23482043090487 5.5146015370338 1.23144392808491 0.268103339215013 0.999845557585657
"mreB" -0.217051719193188 8.98486416187461 1.22080651488798 0.270175656989253 0.999845557585657
"sfmD" 0.435796634774938 2.36468757092801 1.21771350237786 0.270781986393102 0.999845557585657
"proA" -0.149790219507049 8.00847695777103 1.19796925712473 0.274693063799557 0.999845557585657
"yqcE" -0.470889534714105 2.27849618518608 1.19640078442089 0.275006797504561 0.999845557585657
"frwA" -0.320855410159436 3.16658059951408 1.19599666937601 0.275087703772679 0.999845557585657
"apt" -0.271210575760293 7.24930996051005 1.19523982958953 0.275239308405456 0.999845557585657
"yfiF" -0.171409865227909 7.36185023444477 1.19068276379689 0.276154377496682 0.999845557585657
"ssb" -0.18745842172322 8.50809939525023 1.18189052894353 0.277930757352082 0.999845557585657
"tonB" -0.199300005344187 7.76789440046202 1.18159092309214 0.277991543602736 0.999845557585657
"flc" 0.195554473974608 5.75751101616944 1.18089665522903 0.278132466416568 0.999845557585657
"yfdK" 0.274238415661602 3.24741019752474 1.17684605841257 0.278956462221375 0.999845557585657
"hslR" -0.184225789725785 7.93086095436989 1.17107781257069 0.280135212208412 0.999845557585657
"tabA" -0.202626039205799 5.42381331445967 1.16275636521597 0.281846856205458 0.999845557585657
"gadC" -0.381508671984962 10.485782912766 1.15308162599944 0.283853582147466 0.999845557585657
"pyrC" 0.390862116089641 8.86954975436903 1.1525404501097 0.28396636776348 0.999845557585657
"malQ" 0.172574800123688 7.98541696883842 1.12045399110678 0.290756781931835 0.999845557585657
"cvrA" 0.151030569093073 5.87603391247514 1.11728070655385 0.291439562906283 0.999845557585657
"gcvA" 0.137821986386889 6.03374943181412 1.10653858116784 0.293766206531146 0.999845557585657
"yebV" 0.342416054109379 10.3103142739296 1.09579534475125 0.296117001840755 0.999845557585657
"ygiW" -0.304725321143373 10.2796209482374 1.08573238379425 0.298340949641474 0.999845557585657
"rluD" -0.140744246274638 7.5419041722125 1.08042993487239 0.299521477246482 0.999845557585657
"htpG" -0.293878143254915 11.6881210351287 1.07779060564962 0.300111341804951 0.999845557585657
"gspO" 0.183939507849432 4.52713186450844 1.06877549951068 0.302137494685391 0.999845557585657
"topA" -0.221782826183183 10.4825622320997 1.06762761285558 0.302396752630812 0.999845557585657
"asnB" -0.269370830119804 8.45422091950714 1.05322763465243 0.30567373318736 0.999845557585657
"soxR" 0.164823998844743 4.67472891236584 1.0529137285452 0.30574568066048 0.999845557585657
"panC" -0.194201107747212 8.24544572374592 1.04484205321686 0.307603304192099 0.999845557585657
"yegE" 0.133246154256803 6.80740181759484 1.03715596557164 0.309385876336615 0.999845557585657
"ymdF" -0.250668297048295 8.94370477086911 1.03383184030149 0.310160988525476 0.999845557585657
"gltB" -0.279118393631872 11.2480969440891 1.00459908028092 0.317088138679581 0.999845557585657
"gatY" -0.335604546923075 12.3959980758511 1.00003075780249 0.318188968332607 0.999845557585657
"maeA" -0.157678457280672 8.47366262650743 0.995609952524613 0.319259049250012 0.999845557585657
"yicC" 0.152333750066211 7.76351255214112 0.987330601171699 0.321275920416346 0.999845557585657
"rplJ" -0.254610343333544 12.0306205124435 0.984747327565059 0.321908656796017 0.999845557585657
"nfuA" -0.178447470640689 9.34380852018464 0.982107457630059 0.322556959678314 0.999845557585657
"folE" -0.201600394540416 8.28602896627865 0.973025980274006 0.324800452633841 0.999845557585657
"proW" 0.286970331526887 6.92114671859914 0.970755422620295 0.325364604085964 0.999845557585657
"pncB" -0.213925052960667 9.07760858836724 0.970512990146415 0.325424916625609 0.999845557585657
"cyoB" -0.264384194354089 10.6849082539162 0.969171959475954 0.32575880763097 0.999845557585657
"gpmA" -0.254571037633424 11.5384280916868 0.95952196694902 0.328174952735097 0.999845557585657
"yjdN" 0.216584265743598 8.40447626655074 0.958637193568413 0.328397672491417 0.999845557585657
"ysgA" -0.205525667221796 8.32479800296133 0.954340461927317 0.329482137311179 0.999845557585657
"sspA" -0.152751681879653 9.13319653986234 0.951367690151806 0.33023524085339 0.999845557585657
"pepA" -0.154686050602799 9.05372465714433 0.949627322735673 0.330677201313267 0.999845557585657
"lon" -0.242721323428442 11.3583090068849 0.945958283671285 0.331611533541825 0.999845557585657
"btuB" -0.19908881813183 7.10190146532415 0.945133349115341 0.331822091448062 0.999845557585657
"gadX" -0.225859078038713 7.85127330572348 0.941487232028619 0.332754878649017 0.999845557585657
"murA" -0.195671575215222 8.07070912303716 0.939012527355473 0.333389983572875 0.999845557585657
"aspC" -0.234489144687483 9.49233823562812 0.930473224868201 0.33559401688505 0.999845557585657
"yfaD" -0.226530317442629 4.54117529159132 0.928727207847396 0.336047078339392 0.999845557585657
"hdeB" -0.299636905347793 9.42925424957979 0.924864076240698 0.337052420244351 0.999845557585657
"ldtE" -0.261894837841124 10.4342428883482 0.923654031626375 0.337368154248256 0.999845557585657
"clpP" -0.180690471775575 10.087822204298 0.921690591483592 0.337881317417116 0.999845557585657
"hemC" -0.13898349028922 7.97125309885739 0.91098872386625 0.340696922884685 0.999845557585657
"pgi" -0.207754490502476 10.4672291622364 0.902778519395014 0.342878503487317 0.999845557585657
"pgm" -0.160328046881791 9.30195647671395 0.901794023535845 0.343141367647118 0.999845557585657
"atoB" -0.19965707914941 3.93220839229047 0.895089071676606 0.344938901036088 0.999845557585657
"yibT" 0.22044990848674 8.22446006702452 0.894188917064223 0.34518119581331 0.999845557585657
"syd" 0.179450105009836 5.33000070569518 0.892633571237865 0.345600393494299 0.999845557585657
"murD" -0.142801212816783 7.75046553559511 0.890062655557894 0.3462948260636 0.999845557585657
"ansP" 0.318824826063215 4.29803128110253 0.888809057247472 0.346634124807609 0.999845557585657
"fmt" 0.14660870403366 8.8590759874768 0.876644521507709 0.3499502104404 0.999845557585657
"fumC" -0.165835876928352 6.79577075132978 0.873575612119639 0.350793635104841 0.999845557585657
"ahpC" -0.224314749957584 11.1119171228835 0.86652369208862 0.352742266189422 0.999845557585657
"yheO" -0.131118057667002 7.2602412655374 0.865856256567293 0.35292746317238 0.999845557585657
"miaA" -0.219355408528388 11.0498149369288 0.862933031029948 0.353740158512597 0.999845557585657
"ycjX" -0.174420986587544 8.9782380919484 0.862112035846275 0.353968867551419 0.999845557585657
"ybbN" -0.15998386042826 9.76679691093144 0.860272080872684 0.354482171112002 0.999845557585657
"yifL" 0.163202347199215 6.44134609216805 0.858709772377373 0.354918820432824 0.999845557585657
"gapA" -0.271278997280961 13.2300845463507 0.852698643063132 0.35660578017375 0.999845557585657
"rpoC" -0.254761235339056 12.7367109068187 0.850887767959896 0.357116144728692 0.999845557585657
"rsxC" 0.23151989513189 6.79978706779997 0.850647899189372 0.35718382310635 0.999845557585657
"gsiD" 0.356167230033275 5.07790635660968 0.846686032228824 0.358304215059899 0.999845557585657
"sseB" -0.223380595240776 6.31275724221162 0.838024348651191 0.360770633934492 0.999845557585657
"hcp" -0.383965595680218 2.4493605264689 0.834544709395779 0.361768072551117 0.999845557585657
"talA" -0.25407306082424 10.3152568499921 0.833913097149567 0.361949533487741 0.999845557585657
"rseB" 0.126618628234365 8.41078363990847 0.828588507457374 0.363484303813273 0.999845557585657
"thiC" 0.253563003904432 6.71863100051905 0.824038766740902 0.36480289440539 0.999845557585657
"fbaB" -0.252084054037277 10.6630467676342 0.823120664083385 0.365069781485111 0.999845557585657
"purF" 0.213628768330833 9.09935633359244 0.822613873111883 0.36521721896071 0.999845557585657
"acnA" -0.213856562412751 10.4615820399004 0.822373991388965 0.365287035100626 0.999845557585657
"ygeV" -0.246898697569827 7.1079170695276 0.822007216863039 0.365393818525844 0.999845557585657
"mpl" -0.144640844119798 8.06956862196933 0.819689456026273 0.366069621258721 0.999845557585657
"metE" -0.428611065544872 10.5584014363433 0.816347032641901 0.367047258894361 0.999845557585657
"gatZ" -0.31194915800762 12.0821576667917 0.814304004911548 0.367646624128852 0.999845557585657
"sra" 0.345808280546575 9.84544187524211 0.805299583292836 0.370304608031835 0.999845557585657
"hmp" -0.18514497609071 5.00110713576321 0.805242412275863 0.370321569848617 0.999845557585657
"araE" -0.177989774748175 8.93731328458159 0.802167105850539 0.371235574278137 0.999845557585657
"eamB" -0.260873636025304 3.61637730603301 0.800139895838063 0.371839805625 0.999845557585657
"fdhD" 0.121829016734318 6.05626066630163 0.79167376002929 0.374378200358437 0.999845557585657
"yggE" -0.139117717804622 8.50580293784094 0.78182020904849 0.377363389336403 0.999845557585657
"grcA" -0.194981959943596 8.63082505879788 0.781051611487908 0.377597650044897 0.999845557585657
"ilvE" -0.207929894148074 7.01913849351653 0.779093053661377 0.378195528018285 0.999845557585657
"dtpB" 0.138792670968595 7.14698185021668 0.778896368524008 0.378255642890225 0.999845557585657
"yhaM" 0.224736498998683 4.10203548852107 0.769369430273848 0.381183725641691 0.999845557585657
"pdxB" -0.129934547725639 7.97934856572603 0.767149279161856 0.381870698403524 0.999845557585657
"uspG" -0.174838423137949 7.33691527546138 0.762726188468019 0.383244570142369 0.999845557585657
"bfr" 0.180394485956642 6.69939400930257 0.756633576257838 0.38514856180106 0.999845557585657
"ompR" -0.143252599601293 6.74700648978563 0.754075548866952 0.385951986950966 0.999845557585657
"rspB" -0.280455084881115 9.52469188807443 0.753799888557772 0.386047181984798 0.999845557585657
"lpxC" -0.230721831149994 12.0376786625388 0.752369380179117 0.386489190959387 0.999845557585657
"ygaZ" 0.174501132292439 6.25470948550148 0.751399707497546 0.386794978087288 0.999845557585657
"ybaT" -0.18476187882901 8.39443908666044 0.749076243836543 0.38752909298172 0.999845557585657
"yjgR" -0.151764358272393 7.10519143563661 0.748630782214936 0.387670067372448 0.999845557585657
"cysS" -0.20064047451083 7.20217461825399 0.747334507863206 0.388080714582832 0.999845557585657
"dxr" -0.107778150383799 7.24172815570639 0.745043388740872 0.388808043704071 0.999845557585657
"tyrS" -0.16991915911178 8.99526148711869 0.741893715193645 0.389811118748363 0.999845557585657
"adhE" -0.259949360523065 12.1627836082831 0.740309097022891 0.390317175466814 0.999845557585657
"rplF" -0.231193827286452 11.2316577776915 0.738549380549593 0.390880256952322 0.999845557585657
"cohE" 0.171210659512216 5.26534934061939 0.737561859773689 0.391240562241154 0.999845557585657
"yoaD" 0.155689339485756 6.06036220081856 0.734578151274082 0.392155285770472 0.999845557585657
"gltA" -0.190005172518622 10.3499499898975 0.73456005307344 0.39216111018369 0.999845557585657
"yfeY" 0.170055901464721 5.92118350204064 0.721130333280357 0.396517730896187 0.999845557585657
"mdaB" -0.136677278713422 6.251416927321 0.714392042111971 0.398730052793972 0.999845557585657
"kbl" -0.130444834357201 8.06264550147153 0.711641253597598 0.399638345002922 0.999845557585657
"mraY" 0.133559300892469 7.16049088443491 0.711271236710702 0.399760751518506 0.999845557585657
"ushA" -0.132601696010515 7.70985085589038 0.691174950882533 0.40649187365641 0.999845557585657
"gshA" 0.131448097095762 9.22426163700864 0.688940608515314 0.407250479188736 0.999845557585657
"hyfF" 0.180891380061403 3.46391547756976 0.685072376038394 0.408568750976076 0.999845557585657
"fruB" 0.311529919899237 10.7054875596216 0.679111728595621 0.410612436714515 0.999845557585657
"yedZ" 0.17721877993132 4.52715087295584 0.677481492040002 0.411174010163575 0.999845557585657
"malM" 0.194846862057557 5.43435229983816 0.676559996065058 0.41149194309089 0.999845557585657
"rpoD" -0.185154770495896 10.9007928220669 0.67018938299195 0.413699899346402 0.999845557585657
"trkA" 0.102902647156029 7.38116703628111 0.670100504548294 0.413730827210275 0.999845557585657
"oppD" -0.179997192351579 9.45902634049765 0.668972747546628 0.4141235612403 0.999845557585657
"metA" -0.514607727251727 5.52065682808701 0.668122323243401 0.414420081724231 0.999845557585657
"ycaQ" 0.184201692156052 4.61013895134608 0.737460298614627 0.414607352784626 0.999845557585657
"rnr" -0.130899445291214 9.39550025040195 0.662240384678151 0.416479616534033 0.999845557585657
"nrdB" -0.155692822816827 7.53226993384906 0.656348564530892 0.418557917196876 0.999845557585657
"yciM" -0.102376374989672 7.56480598706077 0.656241363460921 0.418595874786711 0.999845557585657
"ulaE" -0.290368660810702 2.69611640712651 0.656176694772657 0.418618775060725 0.999845557585657
"ygfZ" -0.127297985761365 8.33557688782727 0.655356595088102 0.41890934850957 0.999845557585657
"lnt" 0.114496097381395 7.27566491310102 0.652055010897175 0.420082201920795 0.999845557585657
"clpX" -0.186367793501845 11.147090800891 0.647738271702786 0.421623103115507 0.999845557585657
"ugpE" 0.329820866929684 3.76646930200535 0.647059393548235 0.421866205475114 0.999845557585657
"gyrA" -0.175560133353789 10.3629196685586 0.646164210034582 0.422187086988844 0.999845557585657
"tyrP" -0.260647669947039 7.40163273990368 0.643770231013183 0.423047018347283 0.999845557585657
"mraZ" -0.123713203126751 7.52603636141684 0.643413491231135 0.423175386501063 0.999845557585657
"narL" -0.165400939992091 5.89871615132683 0.641898900876589 0.423721044360785 0.999845557585657
"fhuA" -0.148653926906377 9.70674757481201 0.641872855811849 0.423730436801915 0.999845557585657
"rplX" -0.21427856304646 10.7984479496782 0.641220462158678 0.423965806924471 0.999845557585657
"thrA" 0.250786155265016 9.67668556635514 0.636497043528241 0.425675803815922 0.999845557585657
"htpX" -0.156740832681663 10.6635661044178 0.631856002552579 0.427366126761917 0.999845557585657
"dbpA" 0.127154374139703 7.29103013508642 0.631758276981419 0.427401828501687 0.999845557585657
"yoaI" 0.4030317515248 1.7673580543644 0.626924570098929 0.42918099469008 0.999845557585657
"tktB" -0.244885494289954 11.3153898253936 0.62403598551455 0.430237322610368 0.999845557585657
"rplO" -0.221595948988005 11.2729165344558 0.623445785842066 0.430455206064753 0.999845557585657
"yiaU" 0.167227036435065 4.23745815842357 0.622711383386492 0.430726558752377 0.999845557585657
"yghA" -0.196748369497298 8.20075890749432 0.622335978101182 0.430865366754804 0.999845557585657
"artI" -0.147124091886466 8.38058842009504 0.622096180638811 0.430954068652313 0.999845557585657
"aroF" -0.496979190367274 11.2087135121243 0.61769043727294 0.43258872249937 0.999845557585657
"parE" -0.117922292550269 7.91088513588952 0.61721009755961 0.432767512314929 0.999845557585657
"aas" 0.097486098925479 7.16226289784197 0.614110951876457 0.433923774467056 0.999845557585657
"infC" -0.192444659696497 11.6097838094934 0.609175432994641 0.43577493093386 0.999845557585657
"osmE" -0.213274757084875 9.99772954394528 0.608099714714033 0.436180001656106 0.999845557585657
"mfd" -0.131842497017018 9.43148318665824 0.607487408935211 0.436410828061945 0.999845557585657
"yhcO" 0.184937385788038 6.23757327946514 0.605298913431444 0.437237376803963 0.999845557585657
"lsrG" -0.186791219183098 6.67396270047138 0.601527298619523 0.438667483714958 0.999845557585657
"dld" -0.156029045301029 8.62832480028107 0.599828675587428 0.439313909745382 0.999845557585657
"slyB" -0.150826072802296 9.90117740478523 0.595966190288664 0.440789281793017 0.999845557585657
"gadB" -0.277749325124251 11.1342138846436 0.595813793535103 0.440847650008993 0.999845557585657
"eno" -0.211782429886684 12.1277264430806 0.594186882268904 0.441471503535119 0.999845557585657
"nusG" 0.126840811810243 8.89384948881663 0.590149526118332 0.443025566454391 0.999845557585657
"tufB" 0.207762028024747 12.4543470041823 0.5897306384342 0.443187289282582 0.999845557585657
"ycfT" 0.361455745143817 2.16976848402501 0.589132713637607 0.443418292533855 0.999845557585657
"mlaA" 0.111173492313423 7.54887440988948 0.588582171479539 0.443631154778544 0.999845557585657
"nlpD" -0.194182271943731 11.6369913478001 0.58856055212125 0.443639516940483 0.999845557585657
"uxaC" -0.153109872597875 8.64515460862373 0.58567466357079 0.444757947408577 0.999845557585657
"rpoB" -0.215529887611524 12.8563675217339 0.585570411979854 0.444798432062828 0.999845557585657
"atpE" -0.191300846102483 9.11777036260867 0.58363738165581 0.445550134921637 0.999845557585657
"rof" -0.135684783571049 6.48358407150733 0.582953772087791 0.445816444332503 0.999845557585657
"yncE" -0.24691817963618 10.0364307811807 0.581447703787621 0.446404027338979 0.999845557585657
"gdhA" -0.194479095606449 8.80960896658796 0.579629912848829 0.447114832774344 0.999845557585657
"hflC" 0.122874045823968 9.030598371674 0.579188615039117 0.447287657929407 0.999845557585657
"ytfQ" -0.254930185430949 9.11311181608772 0.578428114116999 0.447585736636676 0.999845557585657
"asd" -0.174223165318297 10.1136671452393 0.571460930282812 0.450331013650362 0.999845557585657
"rbsD" 0.230874106567928 7.77227524323819 0.56990847302861 0.450946313817315 0.999845557585657
"yjgL" 0.412582109557512 2.35406174355676 0.564590501241847 0.453064056635155 0.999845557585657
"valS" -0.146547323333586 10.085589096543 0.564291343066031 0.453183652164852 0.999845557585657
"rimM" -0.187159539513821 10.8672502290723 0.559796409638396 0.454986603872525 0.999845557585657
"sucB" -0.169425899684687 9.96671144897664 0.556134612385872 0.456463748997736 0.999845557585657
"dadA" -0.190641842546949 10.6770290377109 0.554710277733785 0.457040363098895 0.999845557585657
"cyoA" -0.190099764964557 9.98234825079477 0.553328395610411 0.457600892811782 0.999845557585657
"ybiB" -0.124889910894166 7.54892304123011 0.545993017334337 0.460594650956389 0.999845557585657
"ldrA" 0.154047443611417 4.50938931391384 0.541904193283549 0.46227694158813 0.999845557585657
"yafE" 0.0937598833122706 6.08490008277311 0.540408166275788 0.462894909709451 0.999845557585657
"dinJ" 0.121127073600892 7.2528360496495 0.539535177796488 0.463256126989865 0.999845557585657
"pgaB" 0.370899635003736 2.67580771244625 0.535861919979068 0.464780961735108 0.999845557585657
"cdsA" 0.113464317089246 7.39576783764062 0.534990148415297 0.465144029083268 0.999845557585657
"miaB" -0.130891600650048 8.15785123106115 0.532920396868988 0.46600784295066 0.999845557585657
"yfcC" -0.210120237801096 3.10535178949301 0.532890619196508 0.466020289474818 0.999845557585657
"rpmC" -0.185281937002383 9.19684538805542 0.531955998671746 0.466411215131084 0.999845557585657
"yahB" 0.205703373327017 3.47818334154161 0.539648803863826 0.46710530273431 0.999845557585657
"yidC" -0.181328487610967 9.31850376969158 0.529424179787951 0.467472854296116 0.999845557585657
"rpsN" -0.197725743654707 10.9406689407864 0.528933456506723 0.46767907322362 0.999845557585657
"ybaY" -0.164527408174219 9.7612357093318 0.528375230430808 0.467913837165909 0.999845557585657
"atpG" -0.184131227618778 10.1918718450227 0.525165287553834 0.469267480952224 0.999845557585657
"lpp" 0.287069478976989 11.894080853782 0.524573759764602 0.46951761910556 0.999845557585657
"entA" -0.245562068522393 8.45033150137303 0.517880311005104 0.472363144559403 0.999845557585657
"glnS" -0.115202627448095 9.44992418593737 0.516757667867918 0.472843138215443 0.999845557585657
"fes" -0.185130773336047 8.30229933180815 0.514567214163188 0.473781963810285 0.999845557585657
"tig" -0.179220460770635 10.745592019608 0.513247840898969 0.474348908001492 0.999845557585657
"opgG" -0.104181920568723 8.93123572197951 0.512632284328922 0.474613794691894 0.999845557585657
"msrC" -0.126424664867974 7.23654202090753 0.5119037386226 0.47492761414861 0.999845557585657
"potA" -0.163115010542285 7.34912564553735 0.51110907047557 0.47527030115127 0.999845557585657
"ilvH" 0.233027801856181 5.70370781441952 0.565937385542038 0.476199690317098 0.999845557585657
"zapB" 0.165654131205107 8.09271000891188 0.505849838496559 0.477548457282462 0.999845557585657
"menF" 0.119409934845594 7.72469828057894 0.505189095106399 0.477842677324693 0.999845557585657
"rplP" -0.19526042599936 10.7568991332011 0.502683514975072 0.478928644969803 0.999845557585657
"rplE" -0.202856632900996 11.6005247890987 0.501493787877103 0.479448932366823 0.999845557585657
"alaS" -0.170033306542027 10.2074280449576 0.500871139285124 0.479721596672652 0.999845557585657
"cspE" 0.304584411699872 11.0021281289417 0.486877771942118 0.485917467450173 0.999845557585657
"yfeO" 0.0911076208317432 6.97977522967568 0.481237864294724 0.488452214402477 0.999845557585657
"yegI" 0.159473468259272 4.02692796700283 0.480970650849071 0.488572854015999 0.999845557585657
"ileS" -0.149496752105077 10.7559137076195 0.480867038619125 0.488619645485722 0.999845557585657
"kdsC" 0.0880191192477062 6.92266949184574 0.476755270154764 0.490482581903413 0.999845557585657
"trpA" -0.399289137438459 10.2750732577829 0.475404578775579 0.491097136783182 0.999845557585657
"iscA" -0.108872999471529 8.46479597148465 0.473824490208638 0.491817703610593 0.999845557585657
"clpA" -0.1791752982419 11.3821311022124 0.473449054237687 0.491989173968467 0.999845557585657
"yohF" 0.143938253913217 6.91850445814217 0.470047370256211 0.49354738605714 0.999845557585657
"priB" -0.1705385264949 9.83342742251132 0.465605628898758 0.495594549646121 0.999845557585657
"fdoG" -0.214204256735601 10.6948792410213 0.463279323200636 0.496672447362306 0.999845557585657
"yqgB" 0.339382631581971 4.55993339704028 0.460138854477147 0.498133891107668 0.999845557585657
"yedQ" 0.0985238329163141 7.45421215540862 0.459020794182297 0.498655949534093 0.999845557585657
"pflB" -0.181497479908199 12.4102798166536 0.440025764540285 0.50766998802254 0.999845557585657
"argS" -0.120864827635523 8.20913332755553 0.439452304151175 0.507946463900839 0.999845557585657
"rpsE" -0.183931978328907 11.1197173404602 0.438975735441635 0.508176424264635 0.999845557585657
"gsiB" 0.184406166438814 8.06737102995466 0.433880673503396 0.510646255539948 0.999845557585657
"rpsH" -0.170773393464402 10.5329436771867 0.422059692128623 0.516457550216749 0.999845557585657
"insH1" -0.128594840195593 9.84046973740712 0.415915935140621 0.519523775203571 0.999845557585657
"lysS" -0.141417644149455 9.74317147235457 0.414387117659777 0.520291762717849 0.999845557585657
"secG" 0.172077067488717 8.72981142600071 0.412942692013719 0.521019201035611 0.999845557585657
"degP" -0.14764981273536 9.65190188576153 0.407532562374722 0.523759916771827 0.999845557585657
"rplN" -0.163806969524535 11.0840326922132 0.407284976691636 0.523885953430448 0.999845557585657
"cirA" 0.300404763665237 11.4002179811931 0.406578554083293 0.524245863656338 0.999845557585657
"csrA" 0.140871514353681 9.91824502634865 0.405470477963503 0.524811296945729 0.999845557585657
"dapA" -0.118126672447845 9.3082054528743 0.401425449538868 0.526884673118442 0.999845557585657
"ispU" -0.121399494725079 7.61447990761005 0.394964424849941 0.530227007621224 0.999845557585657
"lrp" -0.110560336391288 8.5372778160008 0.393699136339652 0.530886016474475 0.999845557585657
"hda" 0.149377135687793 5.86712889573297 0.392143579306887 0.531698234717597 0.999845557585657
"degQ" 0.101296764562906 7.33656123744599 0.391362198906862 0.532107071643238 0.999845557585657
"holE" 0.143645701886319 5.16369802231271 0.389225201418608 0.533228108712271 0.999845557585657
"sufC" 0.15264735445138 8.22933365477758 0.387586106979856 0.534090856035315 0.999845557585657
"yfcH" -0.102462537502462 8.08832557093504 0.384516663110701 0.535713311291889 0.999845557585657
"cysA" 0.306721558356794 8.35457987751658 0.381565428505629 0.537281765183935 0.999845557585657
"yebF" -0.123697673955288 7.45232244043671 0.381428615965846 0.537354678356713 0.999845557585657
"pldB" -0.0765033456547385 7.19872475043422 0.381031159251151 0.537566602380588 0.999845557585657
"ybjT" -0.0881225731112669 6.77536270991266 0.379964380454668 0.538136165156556 0.999845557585657
"fpr" 0.106587623345157 6.63830488318892 0.379436394834198 0.538418469976233 0.999845557585657
"lldP" 0.144158289823204 6.39594350987814 0.379186189590515 0.53855234510321 0.999845557585657
"rpmB" -0.154986870567051 10.4984668640285 0.37898864860264 0.538658084695378 0.999845557585657
"prs" 0.137418886484447 9.43186326338557 0.378402578048882 0.538972020008481 0.999845557585657
"ycfH" 0.114526059705419 8.92732105423535 0.378092747378452 0.539138119823275 0.999845557585657
"metQ" -0.144337279888141 8.10449300547828 0.377637557227025 0.539382316960258 0.999845557585657
"pnp" 0.13999148018963 10.9724092394492 0.373088577099481 0.541833927752766 0.999845557585657
"yhbO" -0.128797616243739 8.21430579375775 0.372876848075106 0.54194853571435 0.999845557585657
"yejK" -0.113421324922076 7.09333211106134 0.372797160232158 0.541991681960593 0.999845557585657
"crp" -0.0979346450958882 9.20719787730126 0.370764281386985 0.543094512885682 0.999845557585657
"rpmA" -0.13796374967248 9.51753879774679 0.370110129297659 0.543450270534816 0.999845557585657
"mtlA" -0.151371222865651 8.62523668168925 0.369676967773456 0.543686080743824 0.999845557585657
"rpsL" -0.150976680765755 10.9373632789113 0.36731118911714 0.544977345365462 0.999845557585657
"kgtP" -0.139748994850831 10.5947876209241 0.364833504623726 0.546335803034166 0.999845557585657
"aspA" -0.192838457140734 9.85195065801802 0.364511564241808 0.546512777813323 0.999845557585657
"rplT" -0.1353068059985 10.6949807301167 0.364106533679373 0.546735579969252 0.999845557585657
"tyrA" -0.357331049970112 10.5294565744497 0.359841974971674 0.549091781352248 0.999845557585657
"rpsB" -0.159010482160832 11.8882811586873 0.359461801028259 0.549302751689633 0.999845557585657
"blc" 0.126614799589654 7.27528534923825 0.359374698139391 0.549351109157641 0.999845557585657
"deoD" -0.132714203678643 9.82015986391817 0.357345621482533 0.550479866290548 0.999845557585657
"flk" 0.148081052458463 5.45162809388459 0.373539564961114 0.550747402673534 0.999845557585657
"rcsA" -0.234274255284612 4.39269195481951 0.354963548081475 0.551810559879197 0.999845557585657
"serA" 0.158638383525114 10.7733502554764 0.353280708875995 0.552754295355486 0.999845557585657
"hldD" -0.0822497418075819 8.82851312640865 0.35298694690678 0.552919348893036 0.999845557585657
"gnd" -0.150082995940452 10.9682707820991 0.352781074325484 0.553035076191791 0.999845557585657
"secY" -0.170798541083177 12.6277159730536 0.352512084796135 0.553186352360754 0.999845557585657
"pepD" -0.112924961887346 9.92283112225937 0.351583459559261 0.553709199950673 0.999845557585657
"kefC" -0.11247743057327 5.58123305418238 0.347192995044188 0.556193895960718 0.999845557585657
"pykF" -0.139295005580088 10.8898397842148 0.345968645497921 0.556890568425617 0.999845557585657
"artQ" -0.0944922283710593 6.47633217420314 0.343471846165067 0.558316443257652 0.999845557585657
"yccA" 0.108755861445868 9.52565879564246 0.341732135594012 0.55931408322142 0.999845557585657
"insC1" 0.0815316948082945 7.24812088332083 0.338826920574575 0.560987709504037 0.999845557585657
"prfC" 0.138534549914684 7.96399628119228 0.338794757886588 0.561006291409542 0.999845557585657
"oppF" -0.129480348171951 9.55153663793982 0.338407483953761 0.561230130689385 0.999845557585657
"ddpA" 0.182490457310947 4.93852869424585 0.338087045810205 0.561415469472776 0.999845557585657
"trxC" -0.121377145589398 5.95807704119714 0.337422134115518 0.561800424399907 0.999845557585657
"uxaB" -0.137968675286362 8.45561530044127 0.334979658292607 0.563218882194444 0.999845557585657
"fadH" 0.186830620842662 6.30789470844821 0.333268643868806 0.564216667067449 0.999845557585657
"yegQ" -0.111391548092479 7.70724265381812 0.325162129731742 0.568990966847564 0.999845557585657
"yfdE" 0.129122093303704 3.56605618892322 0.317864675528447 0.573361896384961 0.999845557585657
"ybaE" -0.138062623856413 6.86093664601022 0.317435580287047 0.573615515658355 0.999845557585657
"rpsF" -0.149284061590798 10.8009577079675 0.315590353759132 0.574730900927382 0.999845557585657
"glnH" 0.104966654795567 8.62043599125874 0.313890422651628 0.575762264633161 0.999845557585657
"rplA" -0.160886630501917 11.4970612756598 0.313298116425581 0.576122484838051 0.999845557585657
"tktA" -0.16108733123008 10.6059203220929 0.312369223918825 0.576688307334384 0.999845557585657
"sucD" -0.118434595647816 9.3893105533473 0.31132844895652 0.577323595403204 0.999845557585657
"yfhM" -0.088226506539082 9.06296487189308 0.311206036600814 0.577398407339949 0.999845557585657
"ygiQ" -0.129373569619431 7.23872998894343 0.310326612243142 0.577936433070552 0.999845557585657
"fdoH" -0.165229176796118 8.41236314356592 0.308749513782193 0.578903799468311 0.999845557585657
"bepA" -0.079792290247551 7.63224847688168 0.308120222657589 0.579290699608762 0.999845557585657
"elaB" -0.165428076314151 10.2537362427383 0.307104335866069 0.579916378759768 0.999845557585657
"hdeA" -0.177020846569869 10.7057366374273 0.304575959936947 0.58147948809373 0.999845557585657
"trkH" 0.0641840158122712 6.87928618677973 0.303468151585102 0.582167034347997 0.999845557585657
"adeD" 0.149078911093844 4.94206538132072 0.303303439260656 0.582269400552824 0.999845557585657
"rplU" -0.135372976422081 10.2001147386059 0.302306685097527 0.582889642626904 0.999845557585657
"glmM" -0.0951004809188506 8.46874290498218 0.301229173596478 0.583561637440426 0.999845557585657
"ycbZ" 0.0788402206112782 8.51389736136041 0.299649632987836 0.584549558790208 0.999845557585657
"yraJ" 0.0912990296569188 5.86893626187615 0.296342479966283 0.586629028372628 0.999845557585657
"yejM" 0.0862354945214007 7.44551701986986 0.296283708683794 0.586666118440089 0.999845557585657
"gadA" -0.187909834873853 10.9025039964294 0.295227008406688 0.587333808671538 0.999845557585657
"gstB" 0.112300738262145 7.65496119957429 0.29491781136939 0.58752947181331 0.999845557585657
"typA" -0.123715328109656 10.7332747548142 0.29424406929775 0.587956283607312 0.999845557585657
"mtlR" 0.0884502721393204 6.99697524200555 0.294186564696556 0.587992741749596 0.999845557585657
"lpd" -0.134918239506509 11.2473085840142 0.293988502658623 0.588118349182854 0.999845557585657
"rplW" -0.167251365025544 10.3570340050217 0.293838486933712 0.588213522961743 0.999845557585657
"surA" -0.0866377990608789 9.00553349549953 0.292715960797908 0.588926681926674 0.999845557585657
"icd" -0.164455563457433 11.6270108104752 0.292505207849294 0.589060773842348 0.999845557585657
"tatB" -0.0903919988378989 7.23664769487395 0.290512543070597 0.590331707629136 0.999845557585657
"intA" -0.0831766981451553 6.10406409110383 0.289943515123687 0.590695670124707 0.999845557585657
"yqjA" 0.0696129258855771 7.46685894083509 0.289162824288171 0.591195767545751 0.999845557585657
"dnaB" -0.106800393237013 7.63799165371587 0.288104766486533 0.591874933270619 0.999845557585657
"manX" -0.138940542675265 9.3754053836354 0.287909734479273 0.592000299432066 0.999845557585657
"dnaJ" -0.125977529832327 10.5227814191637 0.287305366509218 0.592389133699978 0.999845557585657
"yghQ" 0.200675019153769 3.14519975517296 0.317989342570944 0.592761662263017 0.999845557585657
"ynbC" 0.134748667080565 3.25204958008518 0.300686769543624 0.593729306580691 0.999845557585657
"hscC" -0.155757302841207 2.95040864284266 0.284242328152289 0.594367949998357 0.999845557585657
"rfbA" -0.109951173596508 7.31910897966863 0.283891224239469 0.59459564815449 0.999845557585657
"hslU" -0.126793656052483 10.9910791429286 0.281659900724014 0.596046950148371 0.999845557585657
"adhP" -0.135262402815476 9.47477180412933 0.277103796118282 0.599033384734597 0.999845557585657
"dps" -0.190906285507136 13.313927094848 0.274304637127475 0.60088377054579 0.999845557585657
"uxaA" -0.0942718108403935 8.0265641405685 0.271726837181345 0.602598505147872 0.999845557585657
"patA" -0.147974194796675 10.8517897449357 0.270010029109849 0.603746264422731 0.999845557585657
"ahr" -0.117808541922815 7.88771166118977 0.265589221725818 0.606723250687847 0.999845557585657
"rbsC" 0.111204572098857 6.69564750144494 0.263942701074867 0.607840044575783 0.999845557585657
"dadX" -0.109262468846456 9.31897234533209 0.263606673783503 0.608068504560277 0.999845557585657
"gyrB" -0.0877638552975216 9.53735861004727 0.26169997522761 0.609368338059906 0.999845557585657
"ftsX" 0.065767129879848 7.30462753415189 0.261415789645488 0.609562584447008 0.999845557585657
"pepN" -0.102520095640945 9.95904599540138 0.260546286557067 0.61015773552896 0.999845557585657
"rpsK" -0.127106888582756 11.1988279335026 0.259688225856539 0.610746283784904 0.999845557585657
"fecI" 0.119282837138428 7.61116224333527 0.258431669473242 0.611610377628044 0.999845557585657
"rplV" -0.15468434464692 10.443154094663 0.256517430352189 0.612931836996915 0.999845557585657
"aroG" 0.0900307078380528 7.96710742902991 0.255401599493405 0.613704992411622 0.999845557585657
"ybhL" 0.0945907181587149 8.66254203804316 0.251392472409523 0.61650052669855 0.999845557585657
"bioA" -0.0755045201714876 7.74190552069094 0.249916035229573 0.617537068762147 0.999845557585657
"otsA" -0.102843245384486 9.73304608151644 0.248674315778876 0.618411794318117 0.999845557585657
"yceD" -0.115728535693416 10.5054431210127 0.248262514589613 0.618702488899317 0.999845557585657
"puuA" 0.133439194241155 6.9442259514974 0.247703315935864 0.619097715278845 0.999845557585657
"thrC" -0.131209501379899 8.48387231216019 0.247245736440064 0.619421534530383 0.999845557585657
"lptD" -0.122259288050021 10.3280430635316 0.48926666003064 0.623537211549464 0.999845557585657
"rsmH" -0.0731296792035399 7.67383216539306 0.241440237190205 0.623562788731082 0.999845557585657
"yqjI" -0.0793197999660561 6.25278776919037 0.237856235268237 0.626150347157764 0.999845557585657
"nrdE" -0.139406070102677 9.70600789863444 0.236247715901353 0.627319512821118 0.999845557585657
"katE" -0.119528255912859 10.0551886779958 0.235797929661438 0.627647324285042 0.999845557585657
"mdh" -0.0914528689644817 9.9516008202378 0.235720940657929 0.627703473854051 0.999845557585657
"msbA" 0.0819678171088358 7.8218280972267 0.23488228844014 0.628315854716093 0.999845557585657
"grpE" -0.110771533278027 10.2856793604731 0.232666679830162 0.629940207753865 0.999845557585657
"yqiC" 0.102842643374045 6.61799252076436 0.232238512506816 0.63025521368146 0.999845557585657
"ompT" -0.146185914689875 10.0944865121355 0.23192602192495 0.630485341423862 0.999845557585657
"ptrA" 0.0751542998913766 7.06344879798177 0.231402868409425 0.630871035985509 0.999845557585657
"rssB" -0.0830136700817877 8.52531496379331 0.231244146140684 0.630988160069298 0.999845557585657
"ibpB" 0.12887507009958 8.18905810551947 0.230662089283663 0.631418094743661 0.999845557585657
"fruA" 0.143625272633066 10.7626269319546 0.228252711558203 0.633204912220117 0.999845557585657
"fecA" 0.168482954529523 5.7663588496791 0.227611191160542 0.634108728818361 0.999845557585657
"serB" -0.0971281330371961 6.61869856482018 0.222210436659538 0.637737456496308 0.999845557585657
"nudE" 0.101032799357932 6.30999297043109 0.221721183207666 0.638107750693227 0.999845557585657
"ptsI" -0.125393449987614 11.6549622088739 0.221277861037662 0.638443713059362 0.999845557585657
"rpsA" -0.140215006334492 12.8754836301017 0.219201744104027 0.640022549526351 0.999845557585657
"sucA" -0.121201789908231 10.6322882101738 0.219120272547598 0.640084692371944 0.999845557585657
"rpsG" -0.122366489860142 11.3049490085633 0.218218936595892 0.64077313306066 0.999845557585657
"ibpA" -0.110449824597333 9.45654221704781 0.215664660687101 0.642733549853826 0.999845557585657
"sodC" 0.115489448733411 8.64887368192735 0.213913526362068 0.644085725878042 0.999845557585657
"lolA" -0.0644694272177685 7.22264003663376 0.212516538462736 0.645169268582294 0.999845557585657
"amtB" -0.0879741848011692 6.10031208683734 0.212350262244886 0.645298524545647 0.999845557585657
"recA" -0.0745423049998023 8.81053589830464 0.211687938813727 0.645813996266517 0.999845557585657
"bamB" 0.0752247645374885 9.33824585052151 0.207791626217305 0.648866366709731 0.999845557585657
"nupC" -0.084004474222835 7.24039428988145 0.207144882044761 0.649376366478509 0.999845557585657
"ydiH" 0.115157996270474 8.09182717514921 0.2070471542624 0.649453514779582 0.999845557585657
"nhaA" 0.0836384770021965 9.260508654406 0.205745031401872 0.650483541455374 0.999845557585657
"bamE" 0.0946388710867391 7.3827651793674 0.205121035066423 0.650978539404919 0.999845557585657
"recF" 0.090052651377942 6.38702990269766 0.204665651081813 0.6513403554273 0.999845557585657
"sdhA" -0.126897588800895 9.28950822883517 0.20438553662741 0.651563155688333 0.999845557585657
"pliG" -0.15837491150984 8.05226857157896 0.202182020311807 0.653322258254917 0.999845557585657
"orn" 0.0957421546805305 6.10909030020795 0.267600985893844 0.657328385487296 0.999845557585657
"pgl" -0.101063802234049 9.30240852211109 0.196722114942024 0.657731220776096 0.999845557585657
"yfeR" 0.0954759749511505 4.0071691246792 0.231254276826996 0.658152604867065 0.999845557585657
"roxA" -0.0596195917762533 8.649052691493 0.195389158678448 0.658818711452097 0.999845557585657
"gsk" 0.0798848674203111 6.50625657065635 0.193912435440661 0.660028686615163 0.999845557585657
"gor" -0.0662232391694286 7.88727727910558 0.193909798137357 0.660030852445165 0.999845557585657
"rplB" -0.134028020611261 11.7405994135747 0.193488510234655 0.660377052397092 0.999845557585657
"btuD" 0.0696025675281876 7.03615073851516 0.192955042855416 0.660816083937779 0.999845557585657
"hns" -0.0952678342795916 10.6019489054827 0.1927802293332 0.660960109061181 0.999845557585657
"ytfP" -0.0759328967083884 6.69474833628364 0.191832657084229 0.661742152563762 0.999845557585657
"pfkA" -0.0842278455023724 9.97777607933107 0.188981695215014 0.664109063860556 0.999845557585657
"ydhQ" 0.0653569942885008 8.84322655085921 0.187338295335474 0.665483102552355 0.999845557585657
"uvrA" 0.0772300037128209 9.78216403251688 0.186874584603333 0.665872103367854 0.999845557585657
"rseP" 0.0637578448307819 8.75503773520965 0.185508058219481 0.667021807466262 0.999845557585657
"aceB" -0.113213237598683 10.5837045774723 0.184579294427306 0.66780607716569 0.999845557585657
"lpxD" -0.0680016463655672 9.59607752962785 0.183463759086704 0.668751158313882 0.999845557585657
"relE" -0.0799414586534851 9.25850522640282 0.179458860047564 0.672172403208453 0.999845557585657
"fadD" 0.123802713420318 8.24863959970891 0.179304037941361 0.672305563376351 0.999845557585657
"secA" -0.0748991566519048 9.40327935088644 0.178410463051464 0.673075442156966 0.999845557585657
"fhuB" 0.11273663291061 6.1774807179261 0.176661052414593 0.674589290744078 0.999845557585657
"ubiE" 0.0557537289198366 7.4417153639804 0.176222729186737 0.674969974269411 0.999845557585657
"nadE" 0.0706430460789297 8.46908219334877 0.175536784985694 0.67556683620254 0.999845557585657
"cysK" -0.164295236589032 11.6206606400049 0.175265338501668 0.675803409213607 0.999845557585657
"ftsH" -0.103453680164505 11.6501509188412 0.17212877653185 0.678552764174468 0.999845557585657
"rluA" 0.0627926200331921 6.31426958669996 0.171595526358882 0.679023100876093 0.999845557585657
"ybdK" 0.0950914650535646 8.38955992361277 0.171273494284018 0.679307554218074 0.999845557585657
"yciO" -0.0552875840071361 6.91177303917342 0.170873123496057 0.67966164204182 0.999845557585657
"manZ" -0.0970114711268221 8.96745512429246 0.168469374076883 0.681797798980989 0.999845557585657
"xerD" 0.0568213315793627 6.56902114056084 0.199555990922295 0.682127414128795 0.999845557585657
"phoQ" -0.052020175157086 7.3311153060359 0.166060072794196 0.683956841947503 0.999845557585657
"qorA" 0.0925455394707033 8.67030379270572 0.165175831567033 0.684753818171844 0.999845557585657
"dgoR" -0.0765870112779871 4.65090157777809 0.163278428851522 0.686472398781712 0.999845557585657
"fre" 0.0469834681761845 7.68131960362081 0.162371490030053 0.687297969343352 0.999845557585657
"ycjF" 0.0696631177089101 7.6191811234919 0.161967021160784 0.687667014898916 0.999845557585657
"mntH" -0.120809920794234 11.009339973625 0.161738704564296 0.687875572143129 0.999845557585657
"glgA" -0.0864637989049702 9.26589758378095 0.161200895584052 0.688367514209439 0.999845557585657
"pcnB" -0.064929858377242 8.41321582466197 0.160911664535828 0.688632472550471 0.999845557585657
"ubiJ" -0.0627992286144237 6.44226945028285 0.159415905221737 0.690007137125422 0.999845557585657
"yegP" -0.0992025876861271 8.18550049574244 0.158189580168501 0.691139771729337 0.999845557585657
"srlD" 0.122551046800855 4.71832185129411 0.157136198613552 0.692116744017299 0.999845557585657
"yidH" 0.0741736437355021 4.60214443747052 0.155840292752631 0.693323863024766 0.999845557585657
"yegH" 0.0486268642808559 6.48907210789145 0.155142699419216 0.69397606614814 0.999845557585657
"wcaN" 0.0571499713465784 8.98286050505131 0.154196308256287 0.69486359301895 0.999845557585657
"dosC" 0.0927880678010372 7.76389837151761 0.15314971173717 0.69584876229249 0.999845557585657
"macB" 0.0687972695706019 8.58570710632523 0.152540243542875 0.696424249579416 0.999845557585657
"gudP" -0.126016224028913 2.41882319034619 0.152009690431674 0.696926301908627 0.999845557585657
"hflK" 0.0699386585595229 9.89892583653342 0.150612701260538 0.698253094127729 0.999845557585657
"rpsP" -0.0913348060949589 9.36985747323756 0.150293839805452 0.69855692526236 0.999845557585657
"pntB" 0.0723913336517851 8.91051561874393 0.149675430346761 0.699147243327856 0.999845557585657
"glgP" -0.0805456973414365 9.65347554039023 0.149418370318184 0.699393039048352 0.999845557585657
"entC" -0.119253275996168 9.33509327353527 0.148336699959747 0.700429983207751 0.999845557585657
"pqiA" 0.0498467454117939 6.63712386350929 0.147672422974748 0.701068947142822 0.999845557585657
"hinT" -0.0570990506751496 7.07925601205364 0.147323430931582 0.701405301762456 0.999845557585657
"rplL" -0.0936692462269304 11.0640058506565 0.146393021403239 0.702304260382581 0.999845557585657
"fabI" -0.0695051957139167 9.61136875550654 0.145879319661636 0.702802001746413 0.999845557585657
"ptsP" 0.0617499276706039 8.85509408985138 0.145175175967099 0.703485903155202 0.999845557585657
"gloB" 0.0836865140539257 5.824731540464 0.143631970614392 0.704991418683797 0.999845557585657
"moaA" -0.0496173219807295 7.72960450047588 0.143338040833167 0.705279217671569 0.999845557585657
"hrpB" 0.079522591797594 6.68264245828389 0.387797353177292 0.705426815231038 0.999845557585657
"cpxP" 0.0770387964008258 10.0386882379951 0.141603808694379 0.706984185107984 0.999845557585657
"hisS" 0.0653620957893014 8.84735733916858 0.141182411184056 0.707400270547606 0.999845557585657
"glnA" -0.11579171151023 10.5889327407675 0.14098696289487 0.707593495714012 0.999845557585657
"atpH" 0.0977874332187542 9.22521994277328 0.140904053888754 0.707675507852969 0.999845557585657
"ydiU" 0.0538688963000285 8.07069138500721 0.139926814474883 0.708644258009727 0.999845557585657
"exbD" -0.0760398809137835 8.25677285074056 0.139466666681081 0.709101744669588 0.999845557585657
"hemX" -0.0501687528404546 7.49923468726048 0.138697616615757 0.709868271444182 0.999845557585657
"phoB" -0.0569623875111089 5.90097382664047 0.136622560833462 0.711948671490044 0.999845557585657
"ybgF" -0.0641709675823894 8.64088105922425 0.135949844606833 0.712626973826604 0.999845557585657
"speE" -0.08605302588878 8.10621931779698 0.13388857905922 0.714717305928901 0.999845557585657
"hycI" -0.0669567298202691 4.80731682416146 0.133821390736702 0.714785747997046 0.999845557585657
"yiaG" 0.105481614553353 9.31789945376353 0.133375314075207 0.715240643472565 0.999845557585657
"yfaY" -0.0485863113523002 7.07667145443731 0.13336147099972 0.715254774011415 0.999845557585657
"araG" -0.0855265293944624 7.7937105758042 0.133351357662394 0.715265097886528 0.999845557585657
"erpA" -0.0599184137214803 8.23315507055682 0.133330720925949 0.715286165612133 0.999845557585657
"fusA" -0.107769200776915 13.4761074188377 0.131313796787495 0.717354196602735 0.999845557585657
"hdeD" -0.10883387400785 8.38061855531403 0.130566533481172 0.718124956751286 0.999845557585657
"nrdD" -0.0663750451731317 9.33604282174498 0.129492824132623 0.719236807245472 0.999845557585657
"flu" -0.179204186826063 7.70665824232565 0.128196497713609 0.720586145071397 0.999845557585657
"ldcC" -0.066631178054511 8.10433292014201 0.128094367241957 0.720692778687792 0.999845557585657
"wrbA" -0.0902452784827313 9.87080773612781 0.127074272202057 0.721760494123493 0.999845557585657
"lsrF" -0.0989832570917181 7.76820828679219 0.126981760034989 0.721857563643132 0.999845557585657
"aldB" -0.12883392597138 9.8436604194491 0.126819097338294 0.72202833617511 0.999845557585657
"lysP" 0.062763351000477 8.37997514341964 0.126773743882694 0.722075972814399 0.999845557585657
"hyaB" 0.0759816274574141 4.06079442558057 0.131272522626269 0.723012185451205 0.999845557585657
"ycaC" -0.0924965944432781 8.49346049989553 0.124100612594442 0.724900815015008 0.999845557585657
"ydgA" -0.0677000215352585 9.97745030221023 0.123908536985797 0.725105104404544 0.999845557585657
"focA" 0.0615712066746955 9.08695038272036 0.123362144859444 0.725687216001899 0.999845557585657
"malY" -0.060598827512432 5.96863518318429 0.122923459241867 0.726155629294509 0.999845557585657
"ycbX" -0.060317599845251 6.79177144563841 0.121815459963869 0.727342908271045 0.999845557585657
"accD" -0.0627085206823015 9.03840721092273 0.12163997274412 0.727531507190302 0.999845557585657
"wzzE" 0.053897129363506 7.00148156312848 0.12142961451229 0.727757783809988 0.999845557585657
"kdgT" -0.0932750949942455 4.09463704837973 0.121281418531169 0.72791732623241 0.999845557585657
"fepA" -0.133348806336738 10.5622822468058 0.121234324380545 0.727968048979596 0.999845557585657
"avtA" 0.0728746391803639 7.83319968576978 0.120944632247019 0.728280305152885 0.999845557585657
"sufS" 0.0820091597818832 8.80955076606821 0.120248662843069 0.729032201254019 0.999845557585657
"acs" -0.127098855227545 9.91769430304207 0.119857192172945 0.72946529528747 0.999845557585657
"gltK" -0.12945777193233 4.91465232309047 0.119512522244302 0.729830154943962 0.999845557585657
"manY" -0.086298728339292 8.80285024728944 0.118383614934957 0.731059219978972 0.999845557585657
"opgH" 0.0570097850012429 8.88966252401422 0.118249262598415 0.731205928131496 0.999845557585657
"aroB" -0.0502324832620974 8.74281403461979 0.116526032227636 0.733095960295386 0.999845557585657
"mscL" 0.0751602717864754 7.36320511586855 0.11603604388489 0.733636224904628 0.999845557585657
"atpC" 0.078554624025164 9.24023654189931 0.115560087560438 0.73416223838488 0.999845557585657
"ada" 0.0538550679646051 6.94737788680641 0.115466972443725 0.734265287896139 0.999845557585657
"ppsA" -0.065883162851667 9.0353097193582 0.113973095963295 0.735924922841405 0.999845557585657
"mtn" -0.0562018856636194 7.93127683405091 0.113421495656987 0.736540790797458 0.999845557585657
"mreD" 0.0529258863809841 5.79965658648019 0.113232297296431 0.73675241699873 0.999845557585657
"udp" -0.0805525375688916 8.8626943309916 0.111994578990234 0.738141737449809 0.999845557585657
"pyrD" -0.262379905046757 7.00568692348753 0.111504005799925 0.738694761364531 0.999845557585657
"cbpA" -0.0671543939811095 8.68333267602421 0.110992415353996 0.739272920764418 0.999845557585657
"rbsA" -0.0924070429473755 7.63127383237169 0.110981523794039 0.739285245635224 0.999845557585657
"sufA" -0.0747046305833105 7.79281199909183 0.110867522519644 0.739414289638124 0.999845557585657
"polA" 0.04600465707088 8.72623449296604 0.110823835378541 0.73946376093666 0.999845557585657
"wzxB" 0.122264821437018 5.33331954020922 0.110586905267777 0.739732249390048 0.999845557585657
"kdsB" 0.049134868043272 7.51922504262569 0.109917042780429 0.74049306851043 0.999845557585657
"sdhB" -0.0824890600325701 7.98372953744385 0.109635969310637 0.740813073860896 0.999845557585657
"helD" -0.0399821490919076 7.42156439127933 0.109208487943234 0.741300640303714 0.999845557585657
"pepP" -0.0579448732152859 8.88821558665073 0.109054998708029 0.74147596167573 0.999845557585657
"tufA" -0.0886945989426041 12.9672767063958 0.105376547108273 0.745719252061645 0.999845557585657
"amiD" -0.0520747622498057 7.19144652140224 0.105360599784994 0.745737825167703 0.999845557585657
"rplK" -0.0834746105679029 10.4445956199887 0.105233608774346 0.745885781190041 0.999845557585657
"insL1" 0.0528356129934788 8.57363052187546 0.102880104895631 0.748645882850441 0.999845557585657
"yodD" 0.0846998858902515 9.18967316652105 0.100965293804173 0.750917308986984 0.999845557585657
"entD" -0.176934223911682 6.12504354888483 0.100444412525144 0.751539297363766 0.999845557585657
"entF" -0.110471052216645 10.5473258897438 0.100197562659479 0.751834682777276 0.999845557585657
"pheT" -0.0759553138781306 10.7977057512232 0.100041612055758 0.752021502795242 0.999845557585657
"can" -0.0593212964988458 9.30066585839104 0.0996297591148013 0.752515650983643 0.999845557585657
"ispG" -0.0381510245634534 8.93292882357501 0.099298815487436 0.752913537480985 0.999845557585657
"nfsB" -0.0568761097706889 7.30425323283078 0.0992373576723907 0.752987507145081 0.999845557585657
"pspB" -0.0651424938758206 7.74907347499979 0.0979974733871537 0.754485224110096 0.999845557585657
"metI" -0.116009924614571 5.92082407576832 0.0974465927354211 0.755153998930454 0.999845557585657
"nusA" -0.05990648095398 9.4442603690114 0.0970892996305234 0.7555888665467 0.999845557585657
"yqeB" -0.0980345790689676 4.98027128373467 0.0969754962080516 0.755727563010563 0.999845557585657
"ldtA" 0.0603407008679128 7.91055225295867 0.0964180292564196 0.756408262134297 0.999845557585657
"pgpC" 0.0469165694858462 6.81646176383887 0.093971303489272 0.759421666127929 0.999845557585657
"bamC" -0.0557818829888975 9.07660337860208 0.0898524579458503 0.764593001642566 0.999845557585657
"ppc" -0.0744828114295178 10.4851122300642 0.0896933871835148 0.764795288544798 0.999845557585657
"hicB" -0.0543781089755646 4.42005687832873 0.0883598750750751 0.766498830610298 0.999845557585657
"rpsT" 0.109714582709245 8.87078062025847 0.0882490325136227 0.76664105865771 0.999845557585657
"serC" 0.0610498204607378 9.81617222677226 0.0877851450317523 0.767237354990461 0.999845557585657
"yrbL" -0.0593244328115795 10.5651175308409 0.0875604596498261 0.767526789335377 0.999845557585657
"rpsQ" -0.0736961774471336 9.79242440194645 0.087250075493987 0.767927284066 0.999845557585657
"dusB" 0.0793874200359447 9.02942572103411 0.0871484410788154 0.768058593274912 0.999845557585657
"rpsC" -0.0883348022904734 11.4803465893274 0.0863097191840922 0.769145394611925 0.999845557585657
"lhgO" 0.0964043444878438 9.48865955495629 0.0858213785430149 0.769780822738753 0.999845557585657
"hslO" -0.0503665276555589 8.92990391807495 0.0845766669528426 0.771409372614284 0.999845557585657
"ribA" -0.0368802443525041 6.77247957279079 0.0842871623439504 0.771790014024676 0.999845557585657
"deoA" -0.0607763126461424 8.84697672373174 0.0841311888532052 0.771995382304095 0.999845557585657
"ybiT" 0.049161126065117 8.08439638179156 0.0839679112430576 0.772210589110443 0.999845557585657
"ydcP" -0.0672068234517422 6.4813671712454 0.0832189851141059 0.773200623770452 0.999845557585657
"tpx" -0.0639539935923706 9.86349977894767 0.0821544838691816 0.77461617166235 0.999845557585657
"cca" 0.0438873970487235 8.27990639845008 0.0804482884411714 0.77690588907044 0.999845557585657
"rnk" -0.0421289775208197 6.44704433383965 0.0803415901508765 0.77704994674385 0.999845557585657
"fadE" 0.0767658124144495 8.98895220004823 0.0799555625261843 0.777572003540896 0.999845557585657
"gph" 0.0513541317545059 7.31178065840863 0.0797265091853189 0.777882414908752 0.999845557585657
"cstA" -0.0803333729928198 9.13168384251305 0.0796199049590038 0.778027048382028 0.999845557585657
"fabF" 0.0585422479729466 10.048618735164 0.0794913245506856 0.778201636851532 0.999845557585657
"fic" 0.0630612768255384 8.25370921548657 0.0788517377056726 0.779072351311765 0.999845557585657
"caiC" 0.0939954971464493 3.45169502725345 0.105278916592373 0.779242831713299 0.999845557585657
"ydbC" 0.0652139275464755 6.83237661961366 0.078497572534554 0.779556141211795 0.999845557585657
"cpxA" 0.0406765513211173 7.80758027459764 0.076711355973436 0.782014241469733 0.999845557585657
"mscS" -0.0590262934829134 9.28218506551682 0.0762907833968784 0.782597484145088 0.999845557585657
"lldD" -0.0589286997334643 6.41371660051835 0.0760573482598032 0.782921955009401 0.999845557585657
"ycdT" 0.16410604554711 2.7228928544059 0.0755988024917595 0.783560889736292 0.999845557585657
"tpiA" -0.0705546234963249 9.86197769811627 0.150268211479819 0.785445210615155 0.999845557585657
"tsf" -0.061005003513886 10.4939211614535 0.073207281962155 0.786927495805189 0.999845557585657
"atpA" 0.0746434123796734 11.269315914362 0.0727163186872441 0.787625912631617 0.999845557585657
"rplD" -0.0904079190433812 11.1575381783992 0.0724960356314693 0.787940097116599 0.999845557585657
"mqsR" -0.0643389365499057 8.34943790721578 0.0710794656225328 0.789972861477072 0.999845557585657
"aldA" -0.0779641565632668 8.99328966257705 0.0707693660550711 0.790420740041472 0.999845557585657
"cysH" 0.142470622542724 8.06276791927443 0.0695625859815489 0.792173776859177 0.999845557585657
"ettA" -0.0415343368229068 9.20494010848464 0.0691484475345704 0.792779123480737 0.999845557585657
"eutH" -0.0587470421029878 3.29755446632292 0.0678622321477521 0.794671642766488 0.999845557585657
"sstT" -0.0570863083934813 9.40756164157031 0.0677323692065075 0.794863782495444 0.999845557585657
"rpsM" -0.0665649053288253 11.2303857387369 0.0671053998498028 0.795794198780189 0.999845557585657
"narK" 0.0649913830787788 5.76455545903984 0.0649806340735566 0.798984437076541 0.999845557585657
"lamB" -0.0843617020219593 6.22308639379117 0.0647158843700313 0.799383417310542 0.999845557585657
"hfq" 0.050946224025241 9.44461031265657 0.0638831052498347 0.800650860934754 0.999845557585657
"ybiO" -0.0465425241710664 6.66298695494945 0.0635293795800179 0.801191871205911 0.999845557585657
"yjfF" 0.0644098897926354 5.71159840128029 0.0620374135133275 0.803491591992494 0.999845557585657
"ggt" 0.0552279161197127 8.10513824605163 0.0609162651972086 0.80523913257762 0.999845557585657
"uvrB" -0.0403005835415896 9.2598998149972 0.0604411191797599 0.805984892479257 0.999845557585657
"znuA" -0.0900755067676961 11.2997476132611 0.0601056527334473 0.80651329419504 0.999845557585657
"proP" -0.0538135984572722 10.3964125312098 0.0597766360044477 0.807033057688525 0.999845557585657
"yciK" 0.0564372125028663 6.38693445111316 0.13907912491236 0.807535212985196 0.999845557585657
"fbaA" 0.0623704413926186 11.3237076904829 0.0586999087943317 0.808744696782101 0.999845557585657
"pgaA" -0.0652457593054925 4.38970398090452 0.0586901400557834 0.808760301619528 0.999845557585657
"putA" -0.0697498284590687 9.37687795697861 0.0573304478403609 0.810945880262764 0.999845557585657
"glgB" -0.0448964104618023 9.79041236254714 0.0568469372493266 0.811729676862419 0.999845557585657
"infB" -0.0565043150707318 10.7311659649919 0.0564923071043772 0.81230679374331 0.999845557585657
"yohC" 0.0658868904299577 9.80935616074876 0.0561177502405873 0.812918421196333 0.999845557585657
"rho" -0.0465808334783138 9.78684451326768 0.054732685404521 0.815199073532893 0.999845557585657
"secF" 0.0390864684075683 8.23184265674738 0.0545627456461524 0.815480984798883 0.999845557585657
"rbsB" 0.0478004812167048 7.9557576071753 0.0538433291554817 0.816679576473552 0.999845557585657
"entE" -0.0758781630900255 9.66611253296548 0.0525426988697914 0.818868120352618 0.999845557585657
"hokB" -0.0665005759198351 2.76735239405387 0.0521215385399347 0.819584799477936 0.999845557585657
"yccJ" 0.0576434565583607 8.72973285979772 0.0518641350346501 0.82002125371756 0.999845557585657
"yeaG" -0.078033944626733 11.9951714568825 0.0516607059386432 0.820368500324155 0.999845557585657
"fruK" 0.071106358097268 10.1505098268528 0.0509517219873914 0.821584365791514 0.999845557585657
"sufB" -0.0541670357741929 9.58452168533592 0.0508875961442437 0.821694775183629 0.999845557585657
"yafK" -0.0443247333835632 7.15812777565736 0.0504740640857926 0.822408541339459 0.999845557585657
"yjbQ" -0.0391101706656295 7.84689634557721 0.0504086288184008 0.822521765327249 0.999845557585657
"crr" -0.0544474975059987 10.7046627764373 0.0498620020254476 0.823470636538018 0.999845557585657
"fabG" -0.0448678313338586 10.3900983575514 0.0492669461896184 0.824509803762443 0.999845557585657
"gsiA" 0.0589331398168555 8.15008027649935 0.0488150830502981 0.825303315576159 0.999845557585657
"rem" -0.0504210371285535 3.04965127685394 0.0482162743167452 0.82636083582915 0.999845557585657
"oppA" -0.0599051390214561 12.5842251620514 0.047979505149439 0.826780878102447 0.999845557585657
"sucC" -0.0507591165401037 9.79289528444665 0.047818331486511 0.827067431302976 0.999845557585657
"parC" 0.0411894373052576 7.91975388749579 0.0476888662154025 0.827297976395579 0.999845557585657
"pspC" 0.0492390756075392 8.46922752335793 0.047635894489598 0.827392400244694 0.999845557585657
"yobF" -0.0730494547413639 8.61797071384639 0.0472698751283692 0.828046350415048 0.999845557585657
"znuC" 0.0410089430047514 7.84427269255968 0.04725854131738 0.828066642279908 0.999845557585657
"yahK" -0.0473472000152818 8.97268832911463 0.0469948559300936 0.828541261141907 0.999845557585657
"yceI" 0.0902149387674086 5.57546142427798 0.0469192676994882 0.828675256242508 0.999845557585657
"ptsN" 0.0316699195624671 8.37934805509172 0.0460983309150496 0.830157512564475 0.999845557585657
"pyrG" -0.0457247795424431 10.5066557771205 0.0450882064144621 0.832000437755126 0.999845557585657
"trpD" -0.156281970450017 10.8890152551725 0.0447533508878742 0.832616121158307 0.999845557585657
"pspG" -0.0445211885723033 8.5725242592153 0.0447159989361561 0.8326867010998 0.999845557585657
"fliG" 0.102711014743044 2.76943323266183 0.0440286213897668 0.833956941379309 0.999845557585657
"pstB" 0.0409455070226831 6.6153176348695 0.0439100084841633 0.834177481376117 0.999845557585657
"pspA" -0.0587105080144266 11.2649873579837 0.0425725408703593 0.836686109071203 0.999845557585657
"aceA" 0.0571247648822492 10.465587376592 0.0423592127137273 0.837090020613928 0.999845557585657
"sodA" 0.0468501669933713 11.1910778561782 0.0418202957108934 0.838115143004722 0.999845557585657
"fiu" 0.0887189353985866 10.7754094170521 0.0415695313007163 0.838594490700979 0.999845557585657
"ygdH" -0.0407396741768365 8.71260951374624 0.0415667230229291 0.838599867369259 0.999845557585657
"rpoA" 0.058976656236122 12.623207060078 0.0412842638127034 0.839141627489298 0.999845557585657
"lsrC" 0.0551123507591195 7.33206507541967 0.0412366312898549 0.839234858556139 0.999845557585657
"yiiM" -0.0281702869899136 7.17958676033857 0.0411914243906136 0.839320115850427 0.999845557585657
"aidB" -0.0534196063467673 8.54996168081632 0.0409079804152069 0.839866350526079 0.999845557585657
"slyD" -0.0362017992547073 9.85005708132263 0.0401135809146588 0.841407848056342 0.999845557585657
"cyaA" -0.0415141672385939 10.1319864770477 0.0397557729374472 0.842107344326785 0.999845557585657
"rseA" -0.0745650137145784 10.2894013545892 0.128918437745596 0.847447919018036 0.999845557585657
"yhhA" -0.0470899678852644 8.39359731494897 0.0368308550395693 0.847952559738165 0.999845557585657
"malP" -0.0372066055855218 8.6042758329652 0.0363718371625005 0.848891458974854 0.999845557585657
"atpD" -0.0500024732691504 11.0214135049011 0.035745489551513 0.850182585472371 0.999845557585657
"pfkB" -0.0354712767516537 8.32473187375165 0.035292121259551 0.851124466090492 0.999845557585657
"ypfJ" -0.0256805814322795 8.1375937469954 0.0347595952783953 0.852238834183791 0.999845557585657
"accB" -0.041565069480487 8.48883625299524 0.034691690358286 0.852381565943068 0.999845557585657
"hupA" -0.0426080815823 9.05024388225022 0.033990334657455 0.853864308879845 0.999845557585657
"dkgA" 0.0456312644613273 9.05297670384198 0.033042259038286 0.855894019283107 0.999845557585657
"lsrB" -0.0504884227520459 7.89853737179403 0.0327632838235554 0.856496984251195 0.999845557585657
"hspQ" -0.0443473302931522 10.5758530140217 0.0327550797895 0.856514756153845 0.999845557585657
"yqhA" -0.0347188585601659 6.08265631576533 0.0327017819987119 0.856630267952645 0.999845557585657
"entH" 0.0617528821252801 7.60137068994189 0.0319863243527327 0.858190384172883 0.999845557585657
"epd" 0.0351629833301811 9.47199601845856 0.031892484964449 0.858396339730786 0.999845557585657
"yohK" -0.0304433167741829 5.21176286571122 0.0318225504018549 0.858550033211013 0.999845557585657
"acrA" -0.0274165815181533 8.71369699573881 0.0313065974558783 0.859689356969974 0.999845557585657
"arcA" -0.0405449723061587 10.0236310253128 0.0310027834686736 0.860364770882281 0.999845557585657
"ackA" -0.0424606850431211 9.87980885995763 0.030812751730445 0.860788969544683 0.999845557585657
"damX" 0.0233679869603012 8.98185293310134 0.0302238093511519 0.862112272434171 0.999845557585657
"nudC" -0.021924975857185 7.0763868683511 0.029722705662869 0.863248707416207 0.999845557585657
"yjiY" -0.115041487292575 6.90681558828862 0.0292345919008247 0.864369527293502 0.999845557585657
"mukB" -0.0297507841752451 9.20835242119979 0.0290659747797888 0.864753126192118 0.999845557585657
"plaP" -0.0784708237022542 7.51983466221398 0.028715523005354 0.865563092391293 0.999845557585657
"rhlE" 0.0360771929784237 6.78851871789738 0.0283009012842278 0.866527963592101 0.999845557585657
"fhuF" -0.0349487176095359 10.0896473399099 0.0282424266406284 0.866664624047826 0.999845557585657
"ihfB" 0.0338250114881151 8.97698607719949 0.0280986268208585 0.867001317108317 0.999845557585657
"hsdR" -0.0320259381473262 7.56330751271736 0.0278971624358017 0.867477298996556 0.999845557585657
"pfo" -0.0328587499010645 9.53046124572522 0.027675095813588 0.867998152263733 0.999845557585657
"acpP" 0.0371863220195165 10.7065414148875 0.0275829083140951 0.868216164337563 0.999845557585657
"rlpA" -0.0253946193321888 8.15297326939676 0.0296960465463677 0.868930790694943 0.999845557585657
"rcsD" -0.0249465318808585 8.01646490917278 0.0257987761832769 0.872511558677922 0.999845557585657
"tdh" 0.0261282560364772 8.20660723631318 0.0253036275607448 0.873730488907943 0.999845557585657
"ydhS" -0.0305119528113356 7.22870182013565 0.0251077123869874 0.874216156179858 0.999845557585657
"secB" 0.0254250928646748 8.87592524949887 0.0250534715736387 0.874350960458598 0.999845557585657
"fhuC" 0.0313723378533069 6.04559709266392 0.0249799216943661 0.874533992590187 0.999845557585657
"yeiE" -0.0434223332529518 6.1276426738255 0.0248832745363646 0.874774923774972 0.999845557585657
"gcvT" -0.0391834203381777 8.71967377882786 0.024461020895469 0.875833224970606 0.999845557585657
"speA" -0.0308265234037059 10.2018181234164 0.0236923734471477 0.877784003094353 0.999845557585657
"yheU" -0.0366316306226473 4.00876796527687 0.0234985015862103 0.878281135019142 0.999845557585657
"fabH" 0.0224110860136633 9.06996411708538 0.0229495293708146 0.879700324273325 0.999845557585657
"rpoN" 0.0230792822902437 9.31319279077074 0.0227430355249869 0.880238635810759 0.999845557585657
"ybhJ" 0.0435224006751695 3.68575363157703 0.0309364704215161 0.880603683963509 0.999845557585657
"smg" -0.0226760831633627 8.46067876917481 0.0223068412865622 0.881384034112617 0.999845557585657
"prlC" -0.030623468899266 9.98507891974211 0.0221685517221589 0.881749553896458 0.999845557585657
"csiE" -0.0449336706786131 9.89035971372186 0.0215402809887364 0.883425028999935 0.999845557585657
"yaeH" 0.0324573808967693 8.04775743955823 0.0211877826773015 0.884376017841158 0.999845557585657
"yddB" -0.0614903826089724 4.58775241394309 0.0209791193853204 0.884942770986756 0.999845557585657
"ycgG" 0.0332259993090993 3.27650579239934 0.0203666570693503 0.886623113177654 0.999845557585657
"trpB" 0.07805707923123 10.8039873670536 0.020194516439539 0.887100023225136 0.999845557585657
"zapA" -0.0297501232715308 9.46945805368558 0.019732202186629 0.888391210780802 0.999845557585657
"mak" -0.0248614393592787 6.40394417457349 0.0196346757434241 0.888665554309495 0.999845557585657
"ftsK" -0.0363817556744299 9.15646576911778 0.0640561685850119 0.888827363229678 0.999845557585657
"nagE" 0.0326510210707648 7.36549237133449 0.0187550393117875 0.891172059451241 0.999845557585657
"rplQ" 0.0349882777387139 10.5835137680556 0.0184971113774897 0.891918324758295 0.999845557585657
"ppa" -0.0271509699298823 9.76410353213713 0.0181186738625576 0.893022919903853 0.999845557585657
"gabT" -0.043225330483327 9.91562153392033 0.0180061972390369 0.893353479976958 0.999845557585657
"rnb" -0.0353438806682591 8.86144925941462 0.0173796838813543 0.895214297639951 0.999845557585657
"msyB" -0.0304153707290106 7.94972636587465 0.0161673590224525 0.898914583360109 0.999845557585657
"fhuE" -0.0436237314336176 8.31408087527349 0.0161417292860646 0.898994307226619 0.999845557585657
"pntA" -0.0221151645284759 9.16051654632278 0.0161199221053433 0.899062191308844 0.999845557585657
"secE" 0.0189690411346691 8.56970253707235 0.016073648919027 0.899206390910593 0.999845557585657
"rplR" -0.0322905247174154 10.3531580246496 0.016024847692746 0.899358697254913 0.999845557585657
"luxS" 0.0221580960936692 9.1080696193736 0.0158856977706824 0.899794276176406 0.999845557585657
"nlpI" -0.024795821532023 10.1479302021151 0.0157609302366113 0.900186485072042 0.999845557585657
"acnB" -0.0316517159672136 11.1096333530332 0.0155836328993048 0.900746544985167 0.999845557585657
"rpsJ" -0.0374238668169491 10.8440559038244 0.0145254785406771 0.904158584634668 0.999845557585657
"cmk" 0.0197400653487859 8.52629343747388 0.0143463061754335 0.904748673474086 0.999845557585657
"curA" 0.0282678062137286 8.26463369615356 0.0143290941097089 0.904805556245591 0.999845557585657
"fadL" 0.039154398459716 8.14830151700985 0.0140200760127237 0.905832763969128 0.999845557585657
"cspD" 0.0335936636007465 10.584756199822 0.0132945151435753 0.90829067368747 0.999845557585657
"fliY" 0.047033151498527 9.31441992659742 0.0130082331388341 0.909279137989238 0.999845557585657
"hrpA" 0.0145428592379418 8.29888606759094 0.0127942204794096 0.910025291624171 0.999845557585657
"rpmJ" 0.024877071139876 9.65446870681444 0.0123686548349221 0.911528043615752 0.999845557585657
"rbfA" 0.0165118827370771 6.45552231478395 0.0114069166419507 0.91502360849479 0.999845557585657
"creA" -0.0229362001645135 4.9787622744391 0.0112995351468418 0.915423009289336 0.999845557585657
"galU" 0.0158278734206071 8.55603168876146 0.010762211533771 0.917451026197938 0.999845557585657
"zinT" 0.0535117382845662 10.2372698687507 0.0102990382036683 0.919240643155191 0.999845557585657
"atpF" -0.0267651921404258 9.69492415631196 0.0102498128084129 0.919433210992801 0.999845557585657
"katG" 0.0165606721454704 8.50389692372747 0.0102224514308548 0.919540449673501 0.999845557585657
"usg" 0.0539428134277801 7.21312219341192 0.0947897133975096 0.920480512012115 0.999845557585657
"fabZ" 0.0155423639494074 7.80257415689471 0.00972364940122026 0.921521461516831 0.999845557585657
"ybgS" -0.024145766160084 9.43468364847555 0.00966342775918813 0.92176407310795 0.999845557585657
"panE" -0.0119281451897649 6.97830417800683 0.00941288210486712 0.922781721086136 0.999845557585657
"gstA" -0.0156046617417454 7.7552067255972 0.00923182191929854 0.923525674697107 0.999845557585657
"rpsI" -0.0251905902454173 10.5848551442385 0.00847525561461493 0.926716999256307 0.999845557585657
"entB" 0.0321246837042793 8.92721704844735 0.00832131856438278 0.92738370510743 0.999845557585657
"gabD" -0.0293083550079603 9.95875813314065 0.00817734728094718 0.928012899667389 0.999845557585657
"treA" 0.0242196807412295 8.11890836951899 0.0081295826160076 0.928222876477743 0.999845557585657
"rpsD" -0.0228911675266075 11.8303678796964 0.00788231889092527 0.929319946506355 0.999845557585657
"glmS" 0.0155841043890342 9.57077344821361 0.00784586191654355 0.929483159589019 0.999845557585657
"clsC" 0.0133133002801397 6.90276985310139 0.00776211184918524 0.929859551143053 0.999845557585657
"ychH" 0.0313479814457653 11.0164617713497 0.00775539327443188 0.929889834392222 0.999845557585657
"sbmC" 0.0148452048377275 7.33112371343004 0.0073880485502476 0.931566207324213 0.999845557585657
"rpsS" -0.0257477519780829 10.189733525833 0.0073461511457194 0.931760048437609 0.999845557585657
"menD" -0.0116878396684323 6.54025798295323 0.00701811714703831 0.933298759941755 0.999845557585657
"dacA" -0.0155096854589516 7.83367475097438 0.0069197633789021 0.933765334385792 0.999845557585657
"osmF" 0.017046015939335 7.63824096373151 0.00689112598159791 0.933902216019025 0.999845557585657
"csiD" -0.0298440940844252 10.1832305739953 0.00666359241904632 0.935000123443552 0.999845557585657
"acrB" 0.0148062961102947 9.84672647413742 0.00617366744443966 0.937430094962824 0.999845557585657
"mrdB" -0.0117620412407115 6.48809228586281 0.00614778809550049 0.937561105764403 0.999845557585657
"yeeN" -0.0266385136729373 6.00855755327458 0.00608671054493245 0.937871407269235 0.999845557585657
"skp" 0.013485516734421 9.39541813419654 0.00606325800486207 0.937990972725043 0.999845557585657
"rpoE" -0.0776736272382318 9.85332234204379 0.146864542515344 0.938032295377412 0.999845557585657
"insB1" -0.0144047812830727 6.96109446233286 0.00604924449448565 0.938062527293382 0.999845557585657
"cysE" -0.00993102839901757 7.83365051159794 0.00601578110411003 0.938233733183671 0.999845557585657
"wbbK" -0.0292427665962865 5.4003310380894 0.00592353682637514 0.938708170777953 0.999845557585657
"yhjJ" 0.0136061698503179 7.20451294742631 0.00928604085870891 0.938951935097838 0.999845557585657
"cysP" 0.0415693033996671 8.77921522063702 0.00583361485445731 0.93917425453222 0.999845557585657
"rraB" -0.0120524080984704 8.70076507348868 0.00535003058907181 0.941745188548369 0.999845557585657
"sixA" 0.0132751946440124 8.61498801110152 0.00524819010990558 0.942301324906858 0.999845557585657
"bamA" -0.0144423815169083 10.5669206480826 0.00517976452042667 0.942678039274385 0.999845557585657
"pgk" -0.0185132618211331 11.1124554590546 0.00516481754099886 0.942760661524541 0.999845557585657
"dcrB" -0.0110673002706529 7.18089910800152 0.00513684744662051 0.942915594992255 0.999845557585657
"nfsA" 0.0119959737342041 5.8753996651844 0.00509188208988494 0.943165560920076 0.999845557585657
"bsmA" 0.0226038586398766 8.80783350681718 0.00506400658455761 0.94332108036515 0.999845557585657
"yciW" -0.0403771435704687 7.83071387879373 0.00500403302390084 0.943657142348531 0.999845557585657
"yeeJ" -0.00829610306301125 6.69820920250883 0.00498268951436996 0.943777228666098 0.999845557585657
"exuR" -0.0524727667953023 8.66288069862606 0.119216343573369 0.943935257732924 0.999845557585657
"pal" -0.0136456785321357 9.68044270679535 0.00489654350463401 0.944264564497647 0.999845557585657
"psd" -0.0100163118093667 8.00036542296905 0.00451352089729552 0.946485419311132 0.999845557585657
"grxB" -0.0145559685324418 9.23535414572334 0.00442778187892527 0.946995379144241 0.999845557585657
"ybeL" 0.0163368602254594 8.48117536632232 0.00420408194080986 0.948349747273222 0.999845557585657
"ligB" -0.017180139031697 3.56780821577577 0.00448807881698733 0.949196316951466 0.999845557585657
"rbsK" 0.0110709922353518 6.25231616416835 0.00375365243242155 0.951191372194836 0.999845557585657
"ptsH" -0.0131682907886932 9.79697199283367 0.00366850245620298 0.951747462195878 0.999845557585657
"glyA" -0.0178035235332847 11.0266638566896 0.00334031103881543 0.953953880322938 0.999845557585657
"yagE" -0.0149538953627089 7.23828451158975 0.0032757062448767 0.95440084979472 0.999845557585657
"pqiB" -0.00661791642450818 7.00636442896055 0.00277862570807053 0.957999409488715 0.999845557585657
"yiiD" 0.00773915233655896 7.20334497230994 0.00298290439444757 0.958355366274871 0.999845557585657
"sbp" 0.0556608894511397 8.11716490010714 0.00271696532140121 0.958467612523594 0.999845557585657
"chrR" -0.00884940279492643 7.17911106056811 0.00255909818516529 0.959691207504549 0.999845557585657
"proV" 0.0169239233515733 7.4940235378755 0.0022979195580587 0.961801818094554 0.999845557585657
"dppD" 0.0267945540596638 6.77282655256745 0.00228780680234474 0.96188589819037 0.999845557585657
"shiA" -0.0118837345577632 7.72430935147186 0.00227289484378143 0.962010220666189 0.999845557585657
"gcd" 0.00985484244086577 9.89037352120698 0.00217745558201936 0.962815779402475 0.999845557585657
"yjeI" 0.0272113068761957 7.03936055836282 0.0232868659165963 0.964423470958084 0.999845557585657
"etk" 0.0132850574718899 5.90833338537324 0.00940035932086166 0.964590569821645 0.999845557585657
"dctA" -0.0129658862062038 9.23993576752148 0.00191923738903958 0.965088610685984 0.999845557585657
"ihfA" -0.00956484347631572 10.1629488779251 0.00189948827733902 0.965268580992159 0.999845557585657
"trmD" -0.0119711645790396 11.1045366389476 0.00185038104263333 0.965720192815965 0.999845557585657
"ytfT" 0.0124905301756624 5.99611643140563 0.00178419794982859 0.966338449982167 0.999845557585657
"otsB" 0.00859147485285902 8.98113826769078 0.00173196308667864 0.966834564704077 0.999845557585657
"serS" -0.0685053565059182 10.1859870093578 0.108679076078244 0.968771306599884 0.999845557585657
"trpC" 0.0229840552071847 10.3770619365112 0.00145825678160232 0.969566404209774 0.999845557585657
"rhlB" -0.00544481652931897 9.24576471476827 0.00138994960799272 0.970287393264031 0.999845557585657
"mscK" 0.00575015781367907 7.28831041346588 0.00127762620058659 0.971512699918204 0.999845557585657
"kdsD" -0.00422197458190336 7.06608932459383 0.00126317133971969 0.971674240248564 0.999845557585657
"raiA" 0.0092988044161733 10.3836776094046 0.000867203985550825 0.976528554851504 0.999845557585657
"pstS" 0.0227312233708863 7.33029247363571 0.0109913962489465 0.977158294884001 0.999845557585657
"nuoG" -0.00590789745621858 9.37593030937578 0.000793350343653572 0.977549962573331 0.999845557585657
"dppA" -0.00806064970561085 10.4925106705752 0.000792540669365558 0.977561418443232 0.999845557585657
"ddlB" 0.0042861297934718 7.62122850274343 0.000734833551804774 0.978393555733518 0.999845557585657
"cysM" 0.0122149205510729 7.53458744009682 0.000665103839061588 0.979444000168008 0.999845557585657
"ydcJ" 0.00788239403517586 8.76936609105562 0.000591914542856826 0.980607727737993 0.999845557585657
"cyoE" 0.00482270859784825 9.74742293028959 0.000469419064698626 0.98273015439284 0.999845557585657
"glpK" 0.00911475280141711 9.10074157123455 0.000448134346973088 0.983126166673896 0.999845557585657
"rapA" 0.00320671933053973 8.45794768834052 0.000417545497243096 0.983712149903682 0.999845557585657
"rplC" 0.00643614924431946 11.6763329281937 0.000395309838259548 0.984151714431167 0.999845557585657
"lipA" 0.00392386056700564 8.41527702006823 0.000386144789290335 0.984336484838307 0.999845557585657
"fnr" -0.00331066385306757 9.42639117915513 0.00037287291412579 0.984607983332058 0.999845557585657
"gspE" 0.0130748197219324 2.50120505606425 0.00143325375890531 0.986517653314989 0.999845557585657
"glgC" -0.00327242290970182 9.31657792525582 0.00025980958425745 0.987151545113908 0.999845557585657
"recR" 0.0102161900898306 7.6740226720299 0.00420119297443526 0.987168783395153 0.999845557585657
"bssR" 0.00453959620555228 10.5505988642947 0.000225265302694626 0.98803609430695 0.999845557585657
"tomB" -0.00288542810257919 6.81699068859435 0.000208287378540558 0.988495743933447 0.999845557585657
"clpS" 0.0187574439214913 7.31820978657214 0.0187829186385079 0.989136914803281 0.999845557585657
"ychN" 0.00240910810627795 6.01527337300804 0.000185120752918068 0.989154332155573 0.999845557585657
"gltX" -0.00251708692243335 9.02148038713619 0.000180997251210188 0.9892757967832 0.999845557585657
"queG" -0.00175589055940766 7.07968743884352 0.00014765360687981 0.990313798534433 0.999845557585657
"fepC" 0.00464686179494444 5.48748328433925 0.000141829093343905 0.990506757954354 0.999845557585657
"cysD" -0.00659528112448317 9.09387749374612 0.000129256784267236 0.990937260900161 0.999845557585657
"uspB" 0.00215314987547845 8.80929461829094 0.0000724579870469588 0.993214528000722 0.999845557585657
"ftsA" -0.00120301246052585 8.54596589978614 0.0000688339719676503 0.993386389579439 0.999845557585657
"ydcI" 0.00168008814875281 6.61457241106996 0.0000586324658763074 0.993896105559155 0.999845557585657
"yigB" 0.0106956907768081 5.92991476075009 0.0020266593598685 0.994892763608436 0.999845557585657
"cspC" 0.00141085995248842 9.69848559854569 0.0000251903687128259 0.995999100647182 0.999845557585657
"bioB" 0.000801087983271699 8.16217015544922 0.0000210300974790792 0.996344377772929 0.999845557585657
"mdtF" 0.000994534735243633 7.8598571593685 0.0000146683009586563 0.996946970261632 0.999845557585657
"gadE" 0.000990353460992796 6.87897618418501 0.00000870475381385546 0.997648094821733 0.999845557585657
"ubiG" 0.0129965280832003 6.64898587189056 0.00565933266389309 0.999802439968825 0.999892792831211
"tldD" 0.0000172671661992271 8.85985708966296 0.0000000180868637989067 0.999892792831211 0.999892792831211
