"logFC" "logCPM" "F" "PValue" "FDR"
"lacY" 7.98562526072268 7.3408467712645 351.917206021414 0.00000000000000000000000000000000000000000000000000504704254628549 0.00000000000000000000000000000000000000000000000407801037739867
"lacZ" 8.31688592142377 10.9335159882604 196.593989739722 0.000000000000000000000000000000000514755674082443 0.000000000000000000000000000000207961292329307
"melA" 1.48253053727348 6.32519227345152 67.7681536905288 0.00000000000000763250867321174 0.00000000000205568900265169
"glpK" 2.97933367210716 9.10078308130866 54.0998334882675 0.00000000000222990328792308 0.000000000450440464160462
"glpF" 2.81545873118669 8.40001428263819 46.3668027235893 0.000000000062205376671013 0.0000000100523888700357
"galT" -1.22581081410638 6.01342965917712 45.7644058333905 0.0000000000809245824281909 0.0000000108978437669964
"lsrG" -1.34484422301541 6.67263867730323 27.3353387334089 0.000000340476515230905 0.0000393007177580816
"araD" -1.68139329212039 8.56669364635193 17.1401545019624 0.0000468966339229342 0.00473656002621635
"araA" -1.72059906653701 10.6943752738714 16.8504801533989 0.0000539452771412976 0.00484308710335206
"glpX" 0.905232467789641 6.17697232608165 16.331709383583 0.0000691750513510942 0.00558934414916841
"Circuit_PhlF" -1.22373698364185 11.0241532364948 16.7075940469781 0.0000854541618858671 0.00627699661852551
"lsrF" -1.12918317234633 7.76758556845401 15.3263591022378 0.000114285328875343 0.00769521214427307
"araG" -1.07264412373211 7.79356275067465 15.0943071938011 0.00012838828231624 0.00797982554704012
"ytfQ" -1.3655147413518 9.11305596057002 14.5143224243296 0.000171863996952532 0.00954972888247847
"araF" -1.25164903086539 8.27099336403213 14.4510875819921 0.000177829507444747 0.00954972888247847
"glpD" 1.46914425687618 9.69978821159992 14.3247364575365 0.000189103542227296 0.00954972888247847
"lsrB" -1.00248786930817 7.89795645171285 12.2098091580949 0.000554435632714856 0.0263519994843296
"yneE" -0.627071312499751 5.28789798473741 10.658880063093 0.00123506911466953 0.0554408802584991
"gatD" 1.00096248689151 8.0655017786551 10.0477204459064 0.0016989095683139 0.0722483647998751
"lsrK" -0.75111076505133 7.87488931013721 9.9386242529654 0.00179879224687213 0.0722838514753776
"araB" -1.4165828210506 10.6495234430403 9.85574219906221 0.00187866445666204 0.0722838514753776
"thyA" 0.549641148673801 7.20910871789027 9.1092699639643 0.00278329669273963 0.102222896715165
"nuoH" 0.744233780178263 7.44568215647393 8.08135572559992 0.00480980118787916 0.168970406948103
"dppA" 0.766002971978786 10.4926609116516 7.71261557646282 0.00586320418876101 0.197394541021621
"phoU" 0.552812057988354 6.39539130880603 7.55689838299801 0.00637663602224814 0.20609287623906
"ddlB" 0.396624324822048 7.62137832986143 7.01857536412879 0.00853665630014401 0.265293011173706
"murD" 0.35459757895834 7.75060260969393 6.45081491632803 0.0116446095869094 0.348475723934176
"nuoN" 0.533395766284223 8.00019346615755 6.25252344649628 0.0129878844088859 0.37479323579928
"macB" -0.422227577719843 8.58563148149175 5.85168189452571 0.0162158117005446 0.446964313374853
"rplV" 0.762394258237556 10.4432974817738 5.81010387601479 0.0165952096550069 0.446964313374853
"gatB" 0.767822539901837 6.89318103921771 5.55825598553164 0.0190990833231961 0.497808365327176
"Actuator_YFP" -1.19808412876085 15.8092392787037 5.17809184083546 0.0239270734826488 0.590165051102224
"ybbN" -0.397520776925798 9.76695929172041 5.14432867369279 0.0241032756019473 0.590165051102224
"mlaC" -0.301854564951707 8.1129356205604 4.94109852360067 0.0270439517483543 0.642691559196184
"rplC" 0.706511309303613 11.6764695047958 4.66310106773198 0.0316878421178604 0.731536469463749
"hrpA" 0.272045219670763 8.29898080457103 4.4977341614047 0.0348407535456245 0.751297625132484
"sucD" 0.449890702574821 9.38939312959209 4.47612061900589 0.0352765872967389 0.751297625132484
"menA" 0.417906997882586 5.51670692533606 4.47332863733883 0.0353333041522703 0.751297625132484
"insI1" -0.317084711830425 6.60582345308337 4.35802054812394 0.0377616057581704 0.782343011605172
"murE" 0.311708066052239 8.1089338497289 4.23958365811978 0.0404397428872866 0.816882806323189
"rpoH" -0.438020251405495 10.3168622121448 4.16971597935431 0.0421130289642497 0.827609872298918
"ydcI" 0.426182088592914 6.61441880352919 4.09698369269915 0.0439329141860872 0.827609872298918
"yeiI" 0.424476768093653 5.60145231362308 4.09266364974132 0.0440435946891751 0.827609872298918
"hokD" -0.381296261671955 9.36602751042982 3.98860727050145 0.0468007565483814 0.858093704293804
"nrdD" -0.368007703362364 9.33606046269534 3.95090147235217 0.0478445125668542 0.858093704293804
"arnC" 0.504961907157902 4.20408329371964 3.89626113372345 0.049498298035722 0.858093704293804
"ycjX" -0.367545003313203 8.97827263804908 3.82548978719906 0.0514976787952992 0.858093704293804
"rplD" 0.659639145369608 11.1576890371342 3.79791619343059 0.0523399733407203 0.858093704293804
"yhiI" -0.355117794786727 6.78534454270545 3.73036463093189 0.0544660869803479 0.858093704293804
"sucB" 0.441442377421044 9.96681142789537 3.72513544249044 0.0546344641483148 0.858093704293804
"dusB" 0.540879904980704 9.02955393265629 3.71480476086495 0.0549687399579955 0.858093704293804
"ygiM" 0.360838346638832 6.82944889409342 3.7069655672854 0.055223852256532 0.858093704293804
"bcr" -0.294802547772927 6.50309330017321 3.55931800468044 0.0602725092057169 0.911428000378505
"hslO" -0.323228870339303 8.92994691683627 3.54155786428146 0.0609122673520288 0.911428000378505
"dnaJ" -0.434491955057449 10.5229167554657 3.39876001123798 0.0663284835186266 0.931347775799115
"htpG" -0.514921290950481 11.6882807081725 3.36056626607097 0.0678632007394637 0.931347775799115
"ypfJ" -0.247306198459937 8.137541888846 3.35879211750845 0.0679354118575557 0.931347775799115
"CamR" 0.295106389217931 6.80583683941799 3.36695990210919 0.06934252477211 0.931347775799115
"lpxC" -0.483059380475502 12.0378220913813 3.30075411070371 0.0703438493564214 0.931347775799115
"clpB" -0.566534762219334 13.0732274544918 3.29367475545907 0.0706438576948411 0.931347775799115
"atpC" 0.424472567936205 9.24037387613446 3.28347298900996 0.0710786140733406 0.931347775799115
"nudK" -0.551571315148672 5.50970261045073 3.26137226831941 0.0720303745429822 0.931347775799115
"hslV" -0.388574191554398 9.64060356801929 3.24511136824413 0.0727394156282919 0.931347775799115
"hslU" -0.426522207758872 10.9912464565436 3.22177595459968 0.0737701208553754 0.931347775799115
"dnaK" -0.606804864579794 14.2029346052095 3.14882542294948 0.0770953129444646 0.944539041389724
"acnA" -0.424362905474119 10.4617005072808 3.14759129383556 0.0771529414996557 0.944539041389724
"insA" -0.337003474299006 5.38324397555624 3.08522350502202 0.0801268553603714 0.966305957181793
"ygcO" 0.925761216461721 0.942130520365406 3.09424288412534 0.0817801131122468 0.97174016756905
"rpsC" 0.523186443733908 11.4804883662473 3.0162209133384 0.0835626187314466 0.973183056886906
"msbA" 0.316937310957504 7.82199555578835 3.00161067966406 0.0843104133441626 0.973183056886906
"ychH" -0.609788085304901 11.0165747708311 2.95281954429567 0.0868608799844076 0.974833123822546
"xdhD" 0.284818134563186 4.82945930710873 3.20216592715539 0.0868663179643853 0.974833123822546
"mdh" 0.323591285891041 9.95173976971166 2.88443510254172 0.0905779914471546 0.97505966884145
"ompA" -0.553812348721647 14.5755890378102 2.87669502812581 0.0910095202898098 0.97505966884145
"lldR" 0.334714812100914 5.43009025377529 2.85672352157507 0.0921333849416986 0.97505966884145
"ybeY" -0.263447913355467 8.64625895697991 2.85182992188449 0.0924110705885579 0.97505966884145
"lon" -0.416720463852936 11.3584742258137 2.83477114068496 0.0933862390008401 0.97505966884145
"frr" -0.296283458661058 9.89410623387567 2.74533781861774 0.0986864740951609 0.97505966884145
"ykfB" -0.236421841552271 7.13134199759293 2.74366240639054 0.0987888611741926 0.97505966884145
"fruA" -0.490352495428057 10.7627923928073 2.74240590630241 0.0988657243491328 0.97505966884145
"bluR" -0.207832985623624 7.38092806493624 2.74150360906326 0.098920960548833 0.97505966884145
"yhhA" -0.405841962150371 8.39348668378278 2.72741955244973 0.0997875530433107 0.97505966884145
"yedP" -0.368751290488056 8.57635533145164 2.72139425230367 0.100160832319109 0.97505966884145
"yjdC" -0.264698558968102 8.22629121116907 2.69592160949655 0.101755949514516 0.978795323901531
"fetB" -0.443746788002254 4.4480455455009 3.13842837021641 0.104772763107909 0.97973527287024
"mqsA" -0.375447464859509 8.39046324389524 2.60554745501904 0.10764482145762 0.97973527287024
"lsrA" -0.542658865000238 8.69138065594078 2.6022925924483 0.107863806937733 0.97973527287024
"ftsA" 0.228040739106465 8.54611811601615 2.59344138905742 0.108461802270464 0.97973527287024
"zapA" -0.347476122377122 9.4695256660314 2.57648126874448 0.109617899044148 0.97973527287024
"pepT" -0.277002535350131 8.11437369133219 2.54076853143794 0.112097080945199 0.97973527287024
"yjgA" -0.255122860636039 7.84698580499838 2.5030016075734 0.114786587477226 0.97973527287024
"sodA" -0.361981450595173 11.1912209385951 2.49924750199469 0.115057813536721 0.97973527287024
"fbp" -0.255533374709944 8.07779693064351 2.49758505232137 0.115178148956642 0.97973527287024
"groL" -0.530758858860292 12.7565554710546 2.44241441467796 0.11925200640552 0.97973527287024
"mdaB" -0.241830920581062 6.25111732135497 2.42807103628497 0.120337193932133 0.97973527287024
"rplP" 0.433032402811759 10.7570365724702 2.40923833550045 0.121778761881548 0.97973527287024
"rpsF" 0.410223854276018 10.8010983740315 2.35244929838725 0.126243623905431 0.97973527287024
"yebC" 0.241052237241082 8.03219552865132 2.34594021582819 0.126766951592192 0.97973527287024
"rplB" 0.47130328178787 11.7407347717878 2.33459713309858 0.127684737603492 0.97973527287024
"sdhD" 0.439343606992569 6.18562544419631 2.27977413641931 0.132226721972306 0.97973527287024
"yihI" -0.227622343120364 7.85182366118011 2.27886850535437 0.132303257304262 0.97973527287024
"eno" -0.41581310087223 12.1278808063172 2.27192535223015 0.132891681252597 0.97973527287024
"cheA" 0.406894141228908 3.55006974763892 2.26474676177522 0.133503149439684 0.97973527287024
"ydaN" -0.227393407574848 7.12417613431569 2.24607030216438 0.135108862621467 0.97973527287024
"ypfH" -0.228858402770932 6.82013794251135 2.23710661019435 0.135887220641192 0.97973527287024
"pfkB" -0.280758028316422 8.32485325939582 2.23681934066969 0.135912248838389 0.97973527287024
"gapA" -0.434437853961034 13.2301873632437 2.18117460662606 0.140859647622825 0.97973527287024
"dps" -0.540233874077995 13.3140274440099 2.1798599924511 0.140978961565114 0.97973527287024
"fruK" -0.460046335944232 10.1506388912434 2.17546448695956 0.141378725614898 0.97973527287024
"yeeZ" -0.188612468354739 8.36613070767016 2.17518834958939 0.141403882563656 0.97973527287024
"pck" -0.383396138494251 8.77867740776184 2.15775058379567 0.143002807783582 0.97973527287024
"rho" 0.308081181197164 9.7869683534401 2.15735238825826 0.143039557520089 0.97973527287024
"rpoD" -0.333181426743363 10.9009490431888 2.15420849870704 0.143330084531019 0.97973527287024
"fruB" -0.53742454754333 10.7056567972585 2.15296128915252 0.143445524072194 0.97973527287024
"malS" 0.321361928079538 4.86095369387736 2.18196151081636 0.143851259844014 0.97973527287024
"yfeX" 0.217839849784988 7.33533899487485 2.13884610733094 0.144759359035038 0.97973527287024
"crr" -0.354906382789254 10.7048186637602 2.1094784751879 0.147536794559963 0.97973527287024
"grpE" -0.332644166423544 10.2858303367163 2.08599716537431 0.149801057571597 0.97973527287024
"ydeJ" -0.271040494987358 4.50718700716403 2.07411325573675 0.150962029555388 0.97973527287024
"rplR" 0.366941692990902 10.3532858400019 2.06984525073537 0.151381476843271 0.97973527287024
"relE" -0.278438802371681 9.25854711878662 2.06763073871366 0.151599634973276 0.97973527287024
"cspD" -0.417767767318685 10.5848713920024 2.04913705182797 0.15343553984819 0.97973527287024
"rraB" -0.238200058896136 8.70089544097573 2.03658912570808 0.154695617759435 0.97973527287024
"ftsQ" 0.199150607566478 7.89342955367824 2.01049584104107 0.157353916475104 0.97973527287024
"ydjG" 0.56250841389248 2.55269684305302 2.38074207847135 0.157830505616767 0.97973527287024
"pfo" -0.284606595970557 9.53050304045187 1.99917735350013 0.158523201208706 0.97973527287024
"metQ" 0.357683622373268 8.10466122645486 1.96787308111671 0.161809278632597 0.97973527287024
"atpA" 0.394386415596497 11.2694470652682 1.94697571965887 0.164046366244987 0.97973527287024
"acrB" 0.267337474989787 9.8469065843626 1.94291131696572 0.164485576797642 0.97973527287024
"srkA" 0.248796140991985 7.31450876562779 1.94032657209886 0.164765593885843 0.97973527287024
"miaA" -0.328274204659247 11.0499910364333 1.92076923240357 0.166902173271604 0.97973527287024
"hflC" 0.23202164311541 9.03075599502657 1.89462187140114 0.169808688391386 0.97973527287024
"clpX" -0.318153175672931 11.1472528685707 1.89203767089837 0.17009909922945 0.97973527287024
"ihfA" -0.307989215952988 10.1631179085379 1.89127732844576 0.170184655058229 0.97973527287024
"csrA" -0.30951181909148 9.91839244581627 1.88295548177047 0.171124304327037 0.97973527287024
"groS" -0.367342794400957 10.2997994791173 1.86852740498165 0.172767659127038 0.97973527287024
"rpoA" 0.399310583815051 12.6233220777777 1.8513868210708 0.174743724905987 0.97973527287024
"fadM" -0.282555772038057 3.66938536746267 1.83301426131013 0.176890927129881 0.97973527287024
"atpB" 0.328072247764708 9.35774071260961 1.81399933117649 0.179145478555082 0.97973527287024
"deoB" -0.352588268478814 11.3923833838742 1.79046547347544 0.181982192509219 0.97973527287024
"ftnB" 0.243411481136935 5.8818504716909 1.78688341164474 0.182418530858506 0.97973527287024
"rpsM" 0.34660852140532 11.2305317627543 1.77816063750688 0.183486174144243 0.97973527287024
"yfcO" 0.22497962902827 5.93474306388149 1.77447997182672 0.18393885979912 0.97973527287024
"yiiX" 0.432290154491374 4.74875937298888 1.76697945465806 0.184865384998473 0.97973527287024
"pdxB" -0.194754019200747 7.97949974969355 1.7551239740405 0.186340996927215 0.97973527287024
"glgX" 0.238962038453642 9.02229836806524 1.74359212520968 0.187789537994689 0.97973527287024
"tas" -0.215443023792233 8.52808576284361 1.73729841402645 0.188585654586569 0.97973527287024
"apaG" -0.160678652014209 6.84636458638658 1.71893216715431 0.190931549983471 0.97973527287024
"lysS" 0.291964228501747 9.74330580792021 1.71134177193971 0.191911031809982 0.97973527287024
"osmY" -0.343416836744017 11.2095916495305 1.71085353480457 0.191974236431109 0.97973527287024
"rfbA" 0.287460509401515 7.31932403171039 1.69939490198531 0.193464646879303 0.97973527287024
"uspG" -0.249782758021898 7.33655899856925 1.69689075209809 0.193792164459008 0.97973527287024
"sdhC" 0.395431384859407 7.80400132296565 1.69605265591194 0.193901924392599 0.97973527287024
"rpsP" 0.310866246203855 9.37000440885625 1.69048072272716 0.194633503244558 0.97973527287024
"wzxE" -0.186480038248948 6.20425942274829 1.68579009835032 0.195251884410104 0.97973527287024
"minC" 0.192362692990787 7.59843494331596 1.66376389404583 0.198186767444838 0.97973527287024
"yfhH" -0.269209060190882 4.46655651457435 1.66060873551014 0.198611417642848 0.97973527287024
"yniB" -0.216393608583947 7.24275669102319 1.6505395261918 0.19997381813309 0.97973527287024
"fadR" 0.214457877091671 6.23082393433762 1.64616605747105 0.200568997442529 0.97973527287024
"pyrG" -0.277246176272317 10.5068113730563 1.63347796946948 0.202307578509338 0.97973527287024
"patA" -0.362673885064778 10.8519496710988 1.6096373879613 0.205622787859513 0.97973527287024
"osmE" -0.354305980743511 9.99787601802409 1.60760320125765 0.205908625073893 0.97973527287024
"ycgV" 0.22428956239939 5.28067875843854 1.60073184169886 0.206877656775555 0.97973527287024
"ybeZ" -0.253730556800316 10.0914488759096 1.59571503869759 0.2075885691074 0.97973527287024
"mfd" -0.214870589420036 9.43159532333505 1.58602536819967 0.208969887312203 0.97973527287024
"exuR" -0.193370091711666 8.66294584577583 1.58568534225663 0.209018558005857 0.97973527287024
"dcrB" -0.186812847377483 7.18100701273894 1.57992198887945 0.20984556802103 0.97973527287024
"lgoT" 0.290288424917945 3.81396498696788 1.56986144661257 0.212145138627764 0.97973527287024
"pflB" -0.342069424334912 12.4104339381543 1.55528512932268 0.213425041137382 0.97973527287024
"glcG" -0.256882941988386 4.53442593498342 1.55217598909412 0.213881920163388 0.97973527287024
"ybcM" 0.330483263771749 3.74661595284707 1.5363013113446 0.216232945959871 0.97973527287024
"cfa" -0.302274588126908 11.014329156677 1.53554343873543 0.216345956649899 0.97973527287024
"ppc" 0.312962038005489 10.4852798372258 1.52841940670759 0.217411722941657 0.97973527287024
"btuE" -0.218317040486972 7.76032014894986 1.52529376125217 0.217881307160491 0.97973527287024
"uspE" -0.291990919851823 9.7700256268431 1.52483655530705 0.217950097693475 0.97973527287024
"araE" -0.304155533652016 8.93737744644994 1.52085053781818 0.218550931435265 0.97973527287024
"mukB" 0.219286626244799 9.20850269817981 1.51581486863975 0.219312824977214 0.97973527287024
"ubiC" 0.184335270966164 5.69019519825288 1.51150809537767 0.219966964710743 0.97973527287024
"bamB" -0.207362439621311 9.33833603895156 1.50775678880245 0.220538644767452 0.97973527287024
"pstS" 0.273086316453134 7.33053491704445 1.50502865767301 0.220955518294127 0.97973527287024
"eptA" -0.316450184986678 3.5996021760355 1.50078260666837 0.221606222370134 0.97973527287024
"ompX" -0.354907629368861 12.6164059941233 1.49724479589136 0.222150147927986 0.97973527287024
"atpH" 0.33520992189889 9.22533777891438 1.48208643657974 0.224498944251154 0.97973527287024
"yajO" -0.26520726293365 9.38045246718936 1.47471071178589 0.22565262558281 0.97973527287024
"ptsI" -0.321111627337206 11.6551103357757 1.44802337518906 0.229887161063071 0.97973527287024
"ispG" -0.149629575344487 8.93297626171398 1.44797963226691 0.229894180282263 0.97973527287024
"bssR" -0.364852083761362 10.5507102638554 1.44617402128725 0.230184144515807 0.97973527287024
"rpsQ" 0.304631914744034 9.79256618237961 1.42387356222037 0.233802173008978 0.97973527287024
"osmC" -0.348526121981843 10.3369121534961 1.4171572744973 0.234905315773053 0.97973527287024
"uvrB" -0.197017769122282 9.26000637363396 1.41072667022288 0.235967467524948 0.97973527287024
"yidB" -0.218175320976406 5.89138272383838 1.41064948045214 0.235980252491987 0.97973527287024
"gpmA" -0.311342485267183 11.5385968256289 1.40977014715879 0.236125956239248 0.97973527287024
"rne" 0.223074382497683 9.72836825706611 1.37402507167926 0.242142752678378 0.97973527287024
"rpsN" 0.32065569416966 10.9408227309618 1.36936299030203 0.242941229600701 0.97973527287024
"yidC" 0.293388172950403 9.31862307105883 1.3614438468931 0.244304945083273 0.97973527287024
"ycaC" -0.305961732540693 8.49361996110951 1.35875803455701 0.244769583403104 0.97973527287024
"yodD" -0.317318596264801 9.18968832114814 1.35545742523681 0.2453420644028 0.97973527287024
"wrbA" -0.299410630221889 9.87093458764289 1.35428633233534 0.245545581572511 0.97973527287024
"yjiA" 0.25978265077406 5.67079042197513 1.34913457112554 0.246489873513804 0.97973527287024
"dgcZ" 0.253039481015222 5.3843525314269 1.34803284842026 0.24663584969516 0.97973527287024
"adhE" -0.350346805996406 12.162946454392 1.34565770484144 0.247051502429357 0.97973527287024
"nagC" -0.134541216739731 7.48679576250922 1.34491820936335 0.24718109054319 0.97973527287024
"dnaE" 0.166651007807044 8.63044299906842 1.34348198363185 0.247433011312101 0.97973527287024
"rplO" 0.329152449721594 11.2730707111617 1.33686547021564 0.248597662543174 0.97973527287024
"yohC" -0.325980293675727 9.80946118692879 1.33036814266001 0.249747902683521 0.97973527287024
"pspA" -0.318655934980362 11.2651510099189 1.33016487750921 0.249783992835729 0.97973527287024
"yshB" 0.230169556582601 6.24484850547825 1.30793910248396 0.253769309893781 0.990558465672345
"ldtE" -0.316474630961851 10.4343767862168 1.30054141224207 0.25511318379211 0.991016598577042
"relB" -0.210736576494837 7.70575596474755 1.29109904414478 0.256841315333622 0.992955898514674
"ycfJ" -0.214489523364178 7.68060559173246 1.26128035449466 0.262394900823188 0.994807402011874
"nuoF" 0.227293729501666 8.59179501806643 1.24340964633196 0.265794939745585 0.994807402011874
"fbaB" -0.309875834356088 10.6631947809037 1.23803180224697 0.266828870123756 0.994807402011874
"rpsR" 0.279613818323489 9.40147172544716 1.23550743127825 0.267315933685853 0.994807402011874
"nhaA" -0.207388258199146 9.26058827837396 1.23238087084376 0.267920729853099 0.994807402011874
"rluF" 0.23413143467066 5.98387787558206 1.34193599948744 0.26942883058765 0.994807402011874
"ydeI" -0.2253113896664 7.34347400025496 1.21391652487214 0.271527624570807 0.994807402011874
"yafD" -0.18599825954364 9.37125021671713 1.20658998115121 0.272975703250255 0.994807402011874
"ybeX" -0.208637943513889 9.69638343905289 1.20191832411938 0.273904122309498 0.994807402011874
"eutB" 0.198441601046212 7.99640331331491 1.19993152113565 0.274300173263171 0.994807402011874
"pheT" -0.264544667615982 10.7978763361257 1.19611153130813 0.275063682543506 0.994807402011874
"glgC" 0.221339217174402 9.31671316073386 1.19092854414036 0.276103906272385 0.994807402011874
"lpoB" -0.181446234980648 7.87615141006782 1.18892333316735 0.27650768273212 0.994807402011874
"norV" 0.222712161445413 4.91264878721209 1.1760081245053 0.279126290584816 0.994807402011874
"ycgB" -0.307447808826886 10.4082739838121 1.16589103881124 0.281199519968319 0.994807402011874
"potE" -0.216771734175629 3.8885822762166 1.1657516912171 0.281228211591623 0.994807402011874
"pncC" -0.220178433045703 5.46971890221436 1.16428060700086 0.281531333974467 0.994807402011874
"rbsK" 0.190846416152615 6.2521897221582 1.16094019983868 0.282221178206478 0.994807402011874
"rpsD" 0.276883766738127 11.8304999118349 1.15811528451634 0.282806241058442 0.994807402011874
"wcaN" -0.158534496316056 8.98295845016657 1.14158250539446 0.286261413358567 0.994807402011874
"mlrA" -0.216023733087596 7.14651854956055 1.13897157172162 0.286811975369221 0.994807402011874
"yeaI" -0.716349316729474 1.22408108124415 1.13541545553447 0.287564020184564 0.994807402011874
"yceH" -0.16596525720043 6.69705663097103 1.12318952453261 0.290168839616592 0.994807402011874
"tldD" -0.146532047733965 8.85996191252343 1.12043265453833 0.290760373940323 0.994807402011874
"hspQ" -0.262016953452405 10.5760023372677 1.11750712728697 0.291389786182481 0.994807402011874
"topA" -0.224644620008473 10.4827176266244 1.11655089948853 0.291595892105134 0.994807402011874
"aas" -0.131642926969555 7.16231135239087 1.10778922124309 0.293493119978077 0.994807402011874
"srmB" -0.14705859458478 7.39413007658944 1.10419538510951 0.294275899499406 0.994807402011874
"seqA" 0.129079686667208 7.50581432145294 1.10056864692733 0.295068567003851 0.994807402011874
"xylA" -0.173498740035662 7.21503563890949 1.09910346106482 0.29538957957112 0.994807402011874
"yaiE" 0.231106501738559 6.6872783287157 1.09865763098309 0.29548734713224 0.994807402011874
"fxsA" -0.196829026647523 7.0043731593487 1.0891899436225 0.297573418489631 0.996020022939689
"nrdB" 0.207814402938701 7.53248273628394 1.08585417395601 0.29831292766263 0.996020022939689
"mreB" 0.209328140539648 8.9850226659655 1.07605791629947 0.300498424423758 0.998766465799709
"paaJ" 0.180499596711146 5.67559922487585 1.06945251192359 0.301983751484131 0.998766465799709
"gsiC" 0.392408575548042 6.04332574555171 1.0492652589543 0.306582568479218 0.998766465799709
"mutS" 0.246471729810743 6.63920403688505 1.02898948999518 0.311293710348155 0.998766465799709
"gdhA" 0.296016699578415 8.80976987123575 1.0257020415042 0.312066447118945 0.998766465799709
"rpsK" 0.253144549874766 11.1989708145439 1.0198158111714 0.313456329698483 0.998766465799709
"rbsD" -0.290483425294166 7.77187296648464 0.99423400848791 0.319592136212551 0.998766465799709
"purL" 0.333811820077987 10.0940214374121 0.983936334401388 0.322106706683981 0.998766465799709
"rplM" 0.259918572010576 10.8619728173056 0.983875660826239 0.322121599817078 0.998766465799709
"uxuR" -0.151355657233863 6.62550661140146 0.973476818724325 0.324717379352806 0.998766465799709
"ynbC" 0.286254879353903 3.25173867827348 0.966156370861359 0.32651037299168 0.998766465799709
"trxA" -0.177198966352431 9.20412638288307 0.95626200360104 0.328995646596713 0.998766465799709
"pgi" -0.21835507249492 10.4674113743291 0.956157168794588 0.329022113741672 0.998766465799709
"yfcH" -0.152623370299819 8.08816355655619 0.943284252388325 0.332293796990027 0.998766465799709
"bioB" -0.171798003008252 8.16225541270049 0.937323155756784 0.333823565979423 0.998766465799709
"atpE" 0.250099959660096 9.11789735269999 0.930140648334706 0.335679346512043 0.998766465799709
"yfdC" -0.171131569764786 6.60014352261762 0.917677396965213 0.338932579042031 0.998766465799709
"yiiM" -0.131430611863346 7.17948171503772 0.916895144186619 0.339138180822872 0.998766465799709
"mqsR" -0.230708342283029 8.34935679366841 0.916378357111802 0.339274101737506 0.998766465799709
"yggN" -0.131323669097787 6.71097911802245 0.909230117439192 0.341161734915243 0.998766465799709
"gadW" -0.221769777207835 7.66150260196863 0.90564709165018 0.342113244066138 0.998766465799709
"copA" -0.154661467990027 8.80820466915641 0.905048823847914 0.342272469805603 0.998766465799709
"ybdK" -0.218369077347023 8.38952513772279 0.905012029093115 0.342282265803743 0.998766465799709
"yghA" -0.235199136582874 8.20072558649045 0.903719053067979 0.342626740495532 0.998766465799709
"tmcA" -0.12241434459876 7.10011875304012 0.902507615214398 0.342949917808933 0.998766465799709
"cyoC" 0.243536255880673 8.75113050403388 0.9023217935395 0.342999526281672 0.998766465799709
"rob" -0.142146923766696 8.8018068060815 0.900338852803981 0.343529514223234 0.998766465799709
"glmU" -0.156213890908527 9.0003896489635 0.89902528546336 0.343881207470227 0.998766465799709
"ushA" -0.143668119019222 7.7099436646573 0.898230990544941 0.344094108080078 0.998766465799709
"glgA" 0.206448188104972 9.2660438002883 0.898071386778059 0.344136909396651 0.998766465799709
"yicH" -0.124954284853479 7.18679248552598 0.897962136344817 0.344166211504527 0.998766465799709
"kch" 0.23688136782352 5.07672893416289 0.882865290810167 0.34824815589131 0.998766465799709
"cycA" 0.206490449676193 8.37066980868439 0.869614793449903 0.35188542109938 0.998766465799709
"mhpC" -0.49898725117519 2.26394139069853 0.869122799621945 0.352021471248151 0.998766465799709
"rpmC" 0.24039336708331 9.19697424191192 0.856609360159346 0.355506162695142 0.998766465799709
"fiu" -0.414521954007214 10.7755590239521 0.853725203564023 0.356316042055229 0.998766465799709
"ybiT" 0.155350710468212 8.08453996225029 0.850377693697611 0.357259218713127 0.998766465799709
"yggE" -0.143381118617433 8.50588738194479 0.849974570680603 0.357373032348704 0.998766465799709
"yiaJ" 0.218082998401432 5.46898846179093 0.849113914172505 0.357616188532954 0.998766465799709
"phoQ" 0.115502853882387 7.33120607472249 0.827757670998928 0.363723748560932 0.998766465799709
"yrbL" -0.18360685078502 10.5653229444326 0.827632961935952 0.363759836196937 0.998766465799709
"atpF" 0.25514733843721 9.69505370240076 0.811369526054363 0.368509065068644 0.998766465799709
"lysU" -0.13193387455108 7.87204947294039 0.810579328132285 0.368742014299683 0.998766465799709
"glnS" -0.147855820666251 9.45009377322544 0.809804958947269 0.368970496837353 0.998766465799709
"marC" -0.152954464916259 6.57083070332489 0.807072128085187 0.369778418993847 0.998766465799709
"deoC" -0.197689761484656 8.42415000292293 0.804477087344808 0.370547897529665 0.998766465799709
"ibaG" 0.246946648434422 6.14655896613872 0.803874793447142 0.370726809419412 0.998766465799709
"yahO" -0.224613796101472 8.41762804416984 0.799393218679204 0.372061873029477 0.998766465799709
"ugpQ" -0.148873831273282 6.28763719569014 0.795510952002328 0.373223859360305 0.998766465799709
"rplN" 0.230731000900757 11.0841813536039 0.79229563518729 0.374190085839616 0.998766465799709
"nfuA" -0.163743528477292 9.34393908803958 0.791715070400385 0.374364924579124 0.998766465799709
"lplT" 0.132658899882174 6.32125520960222 0.791082905642401 0.374555433511373 0.998766465799709
"yohJ" -0.203723883039263 3.62852713853591 0.788367163496014 0.375375402490538 0.998766465799709
"Sensor_TetR" 0.971153796249197 9.2299964442635 0.78816454353966 0.375602987922446 0.998766465799709
"clpP" -0.16779877218589 10.0879885505159 0.768792574831415 0.381361233570156 0.998766465799709
"gcd" -0.191270255979157 9.89049289038022 0.765981719460196 0.38223186160341 0.998766465799709
"ydhQ" -0.131786482262107 8.84329808859805 0.756379353645635 0.385227491050959 0.998766465799709
"hns" -0.188028385376954 10.6021116989588 0.755708673961961 0.38543796967591 0.998766465799709
"pgk" -0.221737453769862 11.112622096009 0.752261262567629 0.386522461129732 0.998766465799709
"sufB" -0.210831425932164 9.58465835683286 0.748264128958877 0.387785351165564 0.998766465799709
"yeaG" -0.294427436701575 11.9953417150375 0.741311869354221 0.38999602384761 0.998766465799709
"ftsZ" 0.174205725806234 9.86261544235839 0.738386507549996 0.39093163331484 0.998766465799709
"bax" 0.149930773699682 7.93607078787121 0.736958984666558 0.391389364624384 0.998766465799709
"pheP" -0.299131920221811 5.64504834182844 0.7365930504172 0.391506824505814 0.998766465799709
"ycbF" 0.283653560203124 4.02010920229645 0.833809611715873 0.391952237874556 0.998766465799709
"rluB" -0.201303437325709 7.27894782811801 0.733761223645045 0.392417519155136 0.998766465799709
"ribE" -0.136817868692726 7.78383265138864 0.733440527947945 0.392520844672979 0.998766465799709
"ribF" 0.115645438925098 8.33133606283837 0.725997358382592 0.394930032199336 0.998766465799709
"suhB" -0.287987626694491 7.02819511520306 0.722824250618996 0.395963589933676 0.998766465799709
"speA" -0.174443239115315 10.2019627420029 0.722401292348696 0.396101652992629 0.998766465799709
"ybiB" -0.141764787453563 7.54893059578924 0.719362709117082 0.39709556614582 0.998766465799709
"def" -0.133379173622425 8.549477315636 0.718106642090968 0.397507478046873 0.998766465799709
"ldtB" -0.150628715791945 8.02775073541295 0.714455711306504 0.398708280282841 0.998766465799709
"pheA" 0.137156328321564 7.75277835468857 0.713840858647808 0.398911025016351 0.998766465799709
"dld" 0.169036781391415 8.62850767573386 0.712348440196736 0.39940376619799 0.998766465799709
"yjdN" -0.185678500863349 8.4043577237741 0.709267829921694 0.400423671286247 0.998766465799709
"obgE" -0.152737015272948 8.79957742262369 0.7082396497904 0.400764916780527 0.998766465799709
"uxuB" -0.146364028264617 6.90169390550248 0.70540801153496 0.401749543475176 0.998766465799709
"qorA" -0.190737505649757 8.67040412180015 0.697983429133668 0.404192214432843 0.998766465799709
"gatY" -0.279552022212209 12.396109702635 0.696398139023442 0.404725785148862 0.998766465799709
"mtlD" -0.175569454024242 8.42984066410789 0.690745230506845 0.406636841250759 0.998766465799709
"slyB" -0.167002841826073 9.90134009248816 0.689795374398124 0.406959253587803 0.998766465799709
"wecE" -0.109451059749227 6.73689582611376 0.68731752315039 0.407802086925558 0.998766465799709
"rplK" 0.212845914837163 10.4447176016738 0.680372773283911 0.410178052616697 0.998766465799709
"yibT" -0.185750975517666 8.22445426730534 0.670251606982758 0.413677491525428 0.998766465799709
"ibpB" -0.210243469941552 8.18898059408151 0.664724259139186 0.415607294118414 0.998766465799709
"elaB" -0.249297446832982 10.2538962143905 0.659993936474493 0.417269468186513 0.998766465799709
"secD" 0.175787063126823 8.77795252973646 0.657861580322574 0.418021988946936 0.998766465799709
"sufD" -0.193751743323476 9.01970043931935 0.656233004158197 0.418598086668811 0.998766465799709
"ygaU" -0.214348696981606 9.85711426232319 0.651144359148952 0.420405820431105 0.998766465799709
"gstA" -0.129066006397438 7.75514921915376 0.649798260294038 0.420885972718327 0.998766465799709
"talA" -0.226909009327435 10.3154297765072 0.648373968411612 0.421394911032981 0.998766465799709
"yecE" -0.145142939313243 4.79917604570869 0.638927587825936 0.424793853971381 0.998766465799709
"evgS" 0.321024054553347 5.91942168810852 0.63806982038315 0.425104530760973 0.998766465799709
"glgP" 0.168153822784197 9.65363790841927 0.634665830316199 0.426340812154118 0.998766465799709
"gatA" 0.256733876315092 8.54425218914726 0.630925871627449 0.427705379456921 0.998766465799709
"deoD" -0.179123313860639 9.82027778449245 0.626122536003196 0.429467644461791 0.998766465799709
"ydgA" -0.154967913828202 9.97761544871317 0.618148878816404 0.432417465310648 0.998766465799709
"yihD" 0.217741393764506 5.15084359731001 0.617610432413308 0.432617770969989 0.998766465799709
"asd" 0.184198613351828 10.1138476255401 0.611526107353087 0.434891046748589 0.998766465799709
"tdcE" -0.282310880102379 3.37932939409048 0.606615844347089 0.436738997129733 0.998766465799709
"rpmF" 0.167174675769144 9.80703377970073 0.604970482451918 0.437360911146934 0.998766465799709
"insL1" -0.127522453470748 8.57366200561375 0.604024841392565 0.437718959532771 0.998766465799709
"fhuF" -0.166541031430595 10.0898331721628 0.602748069555268 0.438203098360775 0.998766465799709
"deoA" -0.161865302547422 8.84700483733899 0.593695447403075 0.441659509974083 0.998766465799709
"ytjA" -0.196448207012264 8.66998542561238 0.591296043316896 0.442582684430777 0.998766465799709
"araC" -0.208200077075234 9.52168345157003 0.590579494744557 0.442873852371991 0.998766465799709
"rplF" 0.205326680070454 11.2317951324983 0.589665937161127 0.443211573290055 0.998766465799709
"pykF" -0.17903846263193 10.8900307291181 0.570988195667069 0.450517546959518 0.998766465799709
"rpoC" 0.209360191507607 12.7368459832189 0.569677714100071 0.451037195131594 0.998766465799709
"roxA" -0.10190946104487 8.649119741174 0.564190411315056 0.45322332710755 0.998766465799709
"dxr" -0.0917888863676229 7.2417617587493 0.545611110003101 0.460750695599797 0.998766465799709
"sodC" -0.185498807397255 8.64893065110933 0.543508521414376 0.461615026484806 0.998766465799709
"rspB" 0.23862589511485 9.52470005577952 0.541641279102759 0.462391785275471 0.998766465799709
"yejK" 0.132836266607831 7.09353316974873 0.540386614924355 0.46290315243481 0.998766465799709
"galU" -0.113246848886519 8.55612713516929 0.53667998441857 0.464440007852838 0.998766465799709
"aldA" 0.210693054014366 8.9932517766771 0.536257255404708 0.464615799431098 0.998766465799709
"glsA" -0.17708177191062 9.21305592983033 0.527191832246784 0.468411487578673 0.998766465799709
"lpp" -0.288748955701487 11.8942215109408 0.526149278549458 0.468851199674288 0.998766465799709
"cedA" 0.276229038263984 3.32973085138874 0.522770164960415 0.470280975218787 0.998766465799709
"rplI" 0.179140611889176 10.2658860791103 0.520834854753481 0.471103021211182 0.998766465799709
"arcA" -0.166425245448763 10.0237548774583 0.518937336297373 0.471911274317766 0.998766465799709
"yfjL" 0.106814721182717 6.17915570872043 0.518583339460805 0.47206230879868 0.998766465799709
"thrB" 0.173494174129977 8.07870017963072 0.517489908241701 0.47252932167248 0.998766465799709
"mdtK" -0.0875662227636728 6.8553943048914 0.514992644047164 0.47359873761499 0.998766465799709
"helD" -0.0856695539189655 7.42159312232862 0.513264028384208 0.474341295982131 0.998766465799709
"dnaG" -0.116482457383425 8.67679795120457 0.512083929184579 0.474849317438583 0.998766465799709
"ybjP" -0.144467559537223 7.77283155798666 0.5109573955468 0.475335106383679 0.998766465799709
"yjjY" 0.141627102536396 7.61627972052342 0.509701465426303 0.475877649654281 0.998766465799709
"cdd" -0.176927358365888 8.35999953296707 0.504017557480571 0.478345703319124 0.998766465799709
"smrB" 0.169951521069541 5.36614201229171 0.522598115269167 0.479631803456118 0.998766465799709
"modA" 0.175016892775403 5.96200064927982 0.569291258348367 0.479631803476908 0.998766465799709
"spoT" 0.128918975019951 8.94986992125827 0.499873743812186 0.480158257841322 0.998766465799709
"ppiB" -0.124619967749693 8.54897268465866 0.498595048925435 0.480719851913764 0.998766465799709
"pgpA" -0.0958780320758868 7.2139928085765 0.498425094044925 0.480794576231405 0.998766465799709
"bamA" 0.143477847717682 10.5670769970622 0.497570323616083 0.481170684272915 0.998766465799709
"mioC" -0.144275544324302 7.32180132095725 0.494634383212855 0.482466225797264 0.998766465799709
"moeA" 0.105646203862157 7.39523045430576 0.493153075407988 0.483122066373045 0.998766465799709
"guaA" -0.197730736629961 9.7391550663275 0.482153889555163 0.488038404124291 0.998766465799709
"ybaY" -0.162371093072019 9.76136352246794 0.481160691862784 0.488486425103045 0.998766465799709
"pspC" -0.148920283191784 8.46915298995483 0.481103518604829 0.488512236212228 0.998766465799709
"gnd" -0.173948773097473 10.968413273587 0.480834882844428 0.488633543399928 0.998766465799709
"dkgA" -0.17381349439256 9.05308785311497 0.47817073260687 0.489839312320633 0.998766465799709
"lacI" 0.181171780659054 9.62784504953753 0.472311451535461 0.492508737584288 0.998766465799709
"rimM" 0.173579452885941 10.8673870181422 0.471705153413422 0.492786352201469 0.998766465799709
"aceB" -0.176263827029532 10.5838484937408 0.46059546994153 0.497920339368129 0.998766465799709
"phr" 0.121076813819831 7.22579758023708 0.459512668763793 0.498425554294128 0.998766465799709
"otsA" -0.142669523011599 9.73319443032344 0.459107632939679 0.498614759933412 0.998766465799709
"trpS" -0.124633653724953 8.26591770951435 0.458428022634844 0.498932502326997 0.998766465799709
"rlmA" 0.20149897653297 5.24151078831403 0.474254179157822 0.501058814563209 0.998766465799709
"lpxM" -0.0954780322814395 6.95275184113482 0.448278573878709 0.503719058169859 0.998766465799709
"pfkA" -0.133231129806453 9.97794132896092 0.446080159910944 0.504766191831727 0.998766465799709
"ydcJ" -0.208165753351874 8.7691604310509 0.442082050324571 0.506680149219035 0.998766465799709
"mntH" -0.201992789153529 11.009524329869 0.441374928665352 0.507019958788396 0.998766465799709
"dnaA" 0.0984709807975949 8.79260286243172 0.440681747068998 0.507353450688961 0.998766465799709
"rplT" -0.149960324405692 10.6951140848336 0.440340454225864 0.507517786714428 0.998766465799709
"grxB" -0.150122345495448 9.23551466200762 0.437723996642706 0.508780695429317 0.998766465799709
"tktB" -0.205159965101559 11.3155660895613 0.435701007748181 0.509760877250931 0.998766465799709
"yibI" -0.131075316884342 5.49857286974675 0.43243084436001 0.511352276293302 0.998766465799709
"ytfK" -0.212431604197239 9.14751023184185 0.428542372437766 0.513255833515225 0.998766465799709
"pmbA" -0.091005854351706 8.65657937742026 0.427421531398705 0.513806820998147 0.998766465799709
"dapE" 0.0858517600591641 6.96450352527453 0.426505004969622 0.514258138107832 0.998766465799709
"clpA" -0.169105937371376 11.3823082038934 0.425806138397137 0.514602740245125 0.998766465799709
"fsaA" -0.169653424859905 3.85747826685458 0.425015357757576 0.514993150909894 0.998766465799709
"glgB" 0.124641889188854 9.79057868898699 0.423313106698735 0.515835317371494 0.998766465799709
"alkA" 0.129472815781708 5.12624771404577 0.41271162468127 0.521135165726638 0.998766465799709
"hdeB" 0.197823425708179 9.42945225200589 0.406667073474895 0.524200173577237 0.998766465799709
"manZ" -0.146762670324198 8.9675146385485 0.406490132962834 0.524290376978031 0.998766465799709
"ydiY" -0.27319680008619 4.74703592579777 0.402451763668857 0.526356664302107 0.998766465799709
"dsbD" -0.138365938253985 6.62828425257916 0.395479194935036 0.529958760299435 0.998766465799709
"bioA" -0.0956781621890922 7.74191954422625 0.39383037769335 0.530817036222354 0.998766465799709
"fbaA" -0.160283642314941 11.3238685623873 0.392452152101713 0.531536383134333 0.998766465799709
"argT" 0.152504049440896 7.50510650617435 0.387446489863228 0.534163910358762 0.998766465799709
"gabT" -0.197863483198846 9.91571536539396 0.383303696793168 0.53635639120421 0.998766465799709
"zntR" -0.0853899588664673 7.36852864993367 0.383167309057561 0.536428849888334 0.998766465799709
"yhbE" -0.108772902822019 7.45648302222786 0.383142798575159 0.536441873459205 0.998766465799709
"ycfH" -0.11715919606554 8.92733829705931 0.382227442131549 0.536928658618278 0.998766465799709
"menE" -0.111595219256827 6.09756212898235 0.378997226598068 0.538676482301047 0.998766465799709
"sspA" 0.0958696635565518 9.13332361822351 0.37354003872271 0.541589163393422 0.998766465799709
"acnB" 0.155601593352845 11.1097524426316 0.373102756028915 0.541825715366676 0.998766465799709
"rpmI" -0.1403923047288 10.6466915483619 0.371319327386254 0.542792453569254 0.998766465799709
"nupG" -0.0924366196999425 6.27991449751465 0.370138290395575 0.543434409889489 0.998766465799709
"ygdI" 0.154631664701954 8.63402292905792 0.364838644096424 0.546332446684629 0.998766465799709
"mppA" -0.0916672510507556 6.60860628046964 0.362515307080328 0.547612004219688 0.998766465799709
"ftsN" 0.110447390836566 7.18573228004901 0.361300817840425 0.548283100057348 0.998766465799709
"gcvP" 0.139588854098324 9.68753780442154 0.357635619285244 0.550317751020635 0.998766465799709
"ygiW" -0.176403392100071 10.2797611541075 0.354263148383931 0.552202451747359 0.998766465799709
"yceD" 0.139658015251238 10.5056015025176 0.350348026155479 0.554405720923373 0.998766465799709
"cysS" 0.154999174853377 7.20238981649371 0.349438299055743 0.55492005875941 0.998766465799709
"mlaA" -0.0823847674641172 7.54893870530383 0.342141062341845 0.559078764975163 0.998766465799709
"trkA" -0.0719461691118642 7.38111330083458 0.341339076072692 0.559539444260321 0.998766465799709
"ygfZ" -0.0889789382823427 8.33568984407497 0.339122768315034 0.56081632992048 0.998766465799709
"gatZ" -0.20007208534663 12.0822800885464 0.335169704650987 0.563107759758001 0.998766465799709
"ycaL" -0.171956764312984 3.06894033794291 0.334735821089177 0.563360362733307 0.998766465799709
"cirA" -0.282107596029782 11.400338148912 0.33179219532032 0.565079910891971 0.998766465799709
"hldE" 0.0908771917093456 7.85177315384279 0.330601767199912 0.56577819921183 0.998766465799709
"glnL" -0.138391057018664 6.98173428476199 0.328925856813984 0.566764106939872 0.998766465799709
"fhuA" -0.109951574856081 9.70690629056936 0.328764523229417 0.566859192712779 0.998766465799709
"uspA" 0.139498864858848 10.3202933129511 0.324274926766439 0.569517765312934 0.998766465799709
"amn" -0.092871399293588 8.01021278278878 0.320177128507483 0.571965703162463 0.998766465799709
"rsd_Part2" 0.118146507148688 5.87168517462925 0.3207828860645 0.571966421468597 0.998766465799709
"manX" -0.142627205028396 9.37550649545903 0.317933297901641 0.573314900899859 0.998766465799709
"frlA" -0.313546867035093 1.59435297273606 0.313099083730115 0.576248231297644 0.998766465799709
"ftsK" 0.0822925982584308 9.15660769419816 0.31275617929465 0.576451978231062 0.998766465799709
"topB" 0.095418880903742 7.67073025389457 0.311242105346426 0.577375877123279 0.998766465799709
"yehX" -0.117534260321661 5.4147089440678 0.309156913290028 0.578653114741956 0.998766465799709
"proQ" 0.0951747164937365 8.70331319531329 0.306242411498714 0.580447815154641 0.998766465799709
"mhpR" 0.117608404949959 6.71140121251588 0.306074655172369 0.580551455980924 0.998766465799709
"maeA" 0.0873653736931383 8.47378848464164 0.30606874151762 0.580555110148184 0.998766465799709
"pntA" 0.0972130768799637 9.16067606884873 0.304249919268613 0.581681192601156 0.998766465799709
"ydiK" 0.0757275207461867 7.29385523155816 0.304065360983911 0.58179570299747 0.998766465799709
"dacB" -0.099612768449099 5.96373121718735 0.303401836288462 0.582207766166862 0.998766465799709
"serA" 0.152685120327701 10.7734921302041 0.30192914505646 0.583124442918396 0.998766465799709
"ygjR" -0.124932044226861 8.02446119027162 0.300325845617661 0.584125733901758 0.998766465799709
"prpR" -0.152903175182643 7.00432066702699 0.299038205342398 0.584952908198326 0.998766465799709
"rimP" -0.0964635118055046 7.36846085833606 0.298431720120506 0.585313141998293 0.998766465799709
"ibpA" -0.128522013821106 9.4566354745087 0.297282980407511 0.586035662277726 0.998766465799709
"yejG" -0.132031656432002 7.23381417192683 0.294498038499624 0.587794851716614 0.998766465799709
"yhjG" -0.113836275907743 8.47798973079516 0.290744462830141 0.590183032679898 0.998766465799709
"yeaH" -0.160246469866722 9.7826231355427 0.288547271379387 0.591590230686671 0.998766465799709
"rarD" -0.216519983151574 3.99650952520888 0.286268849113449 0.593056767628338 0.998766465799709
"wzzE" 0.0837565286213162 7.00170478118252 0.282165243510849 0.595717161562379 0.998766465799709
"ileS" -0.114980529350068 10.7560831068371 0.281305557947055 0.596277643116916 0.998766465799709
"aspA" -0.164677512359842 9.85198519214683 0.280904353100477 0.59653958892925 0.998766465799709
"accC" -0.124548356411736 9.67556624435066 0.278864985506219 0.597874806437978 0.998766465799709
"iscU" -0.0884211571012821 8.3173368789151 0.275044942002705 0.600392772664877 0.998766465799709
"rsmB" 0.0687729071462103 7.54172981473172 0.27380524228536 0.601214710134452 0.998766465799709
"ymgE" -0.12795640681454 6.53533555449757 0.270069891937659 0.603705719005428 0.998766465799709
"hemF" 0.109990147243104 5.39288808132202 0.266888625730033 0.605844544482581 0.998766465799709
"dtpB" -0.0794994258101116 7.14661602200577 0.263949917243853 0.607834699660648 0.998766465799709
"kgtP" 0.120127865608895 10.5949374267087 0.259990107863997 0.610538644831651 0.998766465799709
"yraJ" -0.0871942094001943 5.86837045413105 0.258247140852459 0.611737059478449 0.998766465799709
"ygfF" -0.16174299399843 5.16264629047656 0.258141448546542 0.611809894094647 0.998766465799709
"lpxB" 0.0966487794242961 7.30821984526127 0.254815269338708 0.614111677261187 0.998766465799709
"pncB" 0.113870682521131 9.07776921924976 0.252352322138414 0.615828271063763 0.998766465799709
"pepN" -0.10214602829518 9.95920612051287 0.250755690909106 0.616946686831163 0.998766465799709
"queC" 0.0784291156605659 6.30727058129049 0.25038218713836 0.617208963422395 0.998766465799709
"yghB" -0.0728585841105464 6.71672909497162 0.249897261010653 0.617549846852545 0.998766465799709
"rpmJ" 0.113762194188429 9.65461134302987 0.248511729874137 0.618526103650671 0.998766465799709
"aldB" -0.177628669357249 9.84370535256851 0.248134035954443 0.61879281951271 0.998766465799709
"rplY" 0.168138884771499 8.92830559069777 0.248112864788054 0.618807777442477 0.998766465799709
"amyA" -0.109630269744809 8.88198653659897 0.245927204885307 0.6203563038952 0.998766465799709
"icd" 0.150730009082787 11.6271458122096 0.244764441692002 0.62118361285587 0.998766465799709
"ybhF" -0.088393403139333 7.6439235576216 0.243982213796713 0.621741548035961 0.998766465799709
"fadE" -0.129456053658758 8.98883179327026 0.241644319753752 0.623415746694873 0.998766465799709
"yfeO" 0.064971386283459 6.97978331024198 0.240697461391248 0.624096668642465 0.998766465799709
"livJ" -0.22308249015281 7.56141711408595 0.23894957222865 0.625358021971464 0.998766465799709
"ychF" 0.106776352744931 7.49556355801441 0.238798504858564 0.625467307045417 0.998766465799709
"ycaO" -0.141532343341154 7.41989559184049 0.238728907972666 0.62551766920321 0.998766465799709
"mcbA" -0.111523687082101 8.09159747062812 0.235269775379232 0.628032332917243 0.998766465799709
"bsmA" -0.147999384529152 8.80762751859119 0.232439808365835 0.630106664513923 0.998766465799709
"fumA" 0.117529635468086 8.30221549356176 0.231499792799589 0.630799129251067 0.998766465799709
"ygeA" 0.158059311949789 6.52478272616063 0.241961267488163 0.632356519718667 0.998766465799709
"agp" -0.137111910113052 8.6123281356558 0.227369704438603 0.633862256266329 0.998766465799709
"wecA" 0.088600867653405 6.96393649286881 0.227073786117547 0.634083035869285 0.998766465799709
"trmI" -0.0593366679754956 7.3087756257134 0.225291134789981 0.635416791477497 0.998766465799709
"hchA" 0.111430481345405 8.32537024159876 0.225128459646235 0.63553882459486 0.998766465799709
"mscS" -0.105408780551645 9.2823520034919 0.22071215540552 0.638872621069649 0.998766465799709
"gadB" -0.164028709844001 11.1343989886791 0.218080902477815 0.640878321437887 0.998766465799709
"rplX" 0.12526553733089 10.7985967337824 0.21730108028559 0.64147558090039 0.998766465799709
"ybaK" 0.109595803214469 5.19452737903431 0.213256312072584 0.644594552838034 0.998766465799709
"prmA" 0.0687606670719848 6.67175698240455 0.213048092354227 0.64475608270926 0.998766465799709
"dfp" -0.0742508964965762 6.96849151007486 0.208236668629319 0.648515593831571 0.998766465799709
"gloB" -0.0977020280264075 5.82457505494415 0.207717778920959 0.648924167272768 0.998766465799709
"ftsH" -0.114683274811325 11.6503224613302 0.206443841704756 0.64992988654785 0.998766465799709
"ybhL" -0.0848338615840162 8.66261234242346 0.201195211623135 0.654113405543256 0.998766465799709
"cspE" -0.195104154718094 11.0022926206586 0.200493676585803 0.654677531239123 0.998766465799709
"ompT" -0.133401172047838 10.094618754785 0.19977472955073 0.655256889701681 0.998766465799709
"mepM" 0.121070935167918 9.35751299539739 0.197220011485562 0.657325770963677 0.998766465799709
"deaD" 0.110717796733469 9.91681204922071 0.195546751961925 0.658689536936272 0.998766465799709
"cysN" 0.24072867440005 9.73492586907275 0.195039993391235 0.659103939684796 0.998766465799709
"csdE" -0.059984394166091 5.48111447424204 0.193452412783845 0.660406367866077 0.998766465799709
"metH" 0.0722512854681179 8.42299689856131 0.192488367881396 0.661200373165036 0.998766465799709
"dadA" -0.110564776834877 10.6771372512215 0.192185076609798 0.661450659961721 0.998766465799709
"glmS" -0.0786467239084395 9.57090179932958 0.190356441237224 0.66296472834448 0.998766465799709
"focA" -0.0770252602447468 9.08714067080949 0.189330736480264 0.663817783136846 0.998766465799709
"malT" 0.101360679829652 8.52968577807373 0.18789934636092 0.665012844989814 0.998766465799709
"tsx" 0.111068647406153 8.46959108931142 0.187775052468087 0.665116872461465 0.998766465799709
"rplE" 0.12300508621731 11.600674041657 0.182399836030017 0.669655331297585 0.998766465799709
"pntB" 0.0810242330096111 8.91068334224406 0.181308081600306 0.670586774342048 0.998766465799709
"cysA" 0.205809692045402 8.35473974093176 0.180290887339297 0.671457592793487 0.998766465799709
"trxB" 0.0898130187462745 8.01684522982235 0.177833161210118 0.673573686414126 0.998766465799709
"aceA" -0.114663514000784 10.4657267536788 0.177288097785123 0.674045316060199 0.998766465799709
"rplA" 0.120192928022332 11.4972017280082 0.176895753214647 0.674385330746093 0.998766465799709
"arcB" -0.0545845015231893 7.82454077810546 0.176667246183321 0.674583564740116 0.998766465799709
"dinJ" -0.0679729912312824 7.25269546375537 0.176410448295881 0.674806521749457 0.998766465799709
"ybdR" -0.0787162883548734 8.50420746712647 0.176247396718659 0.674948185506913 0.998766465799709
"oxyR" -0.0823464679608592 7.24229658225897 0.174450764056301 0.67651428042027 0.998766465799709
"ppk" -0.0610684816556892 8.74427554110916 0.172869629072709 0.677900387694392 0.998766465799709
"sstT" 0.0905587736128523 9.40766014864323 0.171612584260774 0.67900769719299 0.998766465799709
"rbbA" -0.0794077986645784 6.96085000531061 0.170660244394689 0.679849766206652 0.998766465799709
"cydB" 0.0709138236310974 9.12060965358729 0.169359317471716 0.681004518122803 0.998766465799709
"ppiD" 0.0715023147556619 8.66866488295987 0.161732347459193 0.687881047746869 0.998766465799709
"oppB" 0.107819215701221 9.02484993536816 0.161481443210902 0.688110440762557 0.998766465799709
"csiR" 0.0819412839317081 6.89105603775473 0.161052405279095 0.688503175466614 0.998766465799709
"pepA" -0.0646648126887014 9.05386867181097 0.160855205609115 0.688683892844574 0.998766465799709
"aspC" 0.099789517706351 9.49247395071624 0.160584035537826 0.688932608253676 0.998766465799709
"rpsA" -0.119584199130002 12.875599765934 0.157778548821927 0.691520209301142 0.998766465799709
"umpH" 0.0642115572825961 6.8197421367315 0.162636606437434 0.694365580111116 0.998766465799709
"ydcT" 0.113939248025826 5.92597101599459 0.150013157098981 0.698824364294048 0.998766465799709
"ygfB" 0.05763674859912 7.60401484457035 0.147436469154762 0.701295989733992 0.998766465799709
"yfcZ" -0.0839785063349235 5.82819896174317 0.146809817531475 0.701900833019403 0.998766465799709
"csiE" -0.117773981699918 9.89039840940504 0.146632378943914 0.702072365474937 0.998766465799709
"gmk" 0.050539571606188 8.05234827886943 0.146290528447292 0.702403173227935 0.998766465799709
"aceK" 0.0764440322026421 7.95809881831744 0.14595932822485 0.702724097746033 0.998766465799709
"glgS" -0.106105218996552 5.94890512953501 0.145718528335036 0.702957688822102 0.998766465799709
"tolC" 0.0696410121100126 9.68226700920041 0.144370618511378 0.704269348222111 0.998766465799709
"mrcA" -0.0947402865760847 6.61487270913261 0.144001275660306 0.704629980874581 0.998766465799709
"rapA" 0.0592171494000867 8.45798440076337 0.143439826049419 0.705179205082129 0.998766465799709
"raiA" -0.117150078821724 10.3838740995684 0.142903939264867 0.70570457112397 0.998766465799709
"cyaA" -0.0830773703451151 10.1321677521313 0.142680519640397 0.705923937153672 0.998766465799709
"ackA" -0.0907933130655165 9.87990228336577 0.141190066622259 0.707392395775376 0.998766465799709
"ahpC" 0.0900960097183346 11.1120746705886 0.13976715334987 0.708802590689887 0.998766465799709
"glpG" 0.0708522825162231 6.14784333471078 0.138647409445026 0.709918091558827 0.998766465799709
"uvrA" -0.0670043814446128 9.78226785921361 0.138340112759303 0.710225120622611 0.998766465799709
"sapB" 0.0513614007913052 5.92360749784013 0.135829201998823 0.712748516817104 0.998766465799709
"csiD" -0.132427400033424 10.1832990877423 0.135779786595184 0.712798442927378 0.998766465799709
"polB" -0.048754801203501 7.31661799914245 0.133752330776937 0.714862169239415 0.998766465799709
"argS" -0.0668281359751614 8.20923125799109 0.133600997709709 0.715010090275959 0.998766465799709
"rhlB" -0.0546505601796246 9.24588937998815 0.132832430588219 0.715795125421828 0.998766465799709
"scpA" 0.0860557628981659 3.76361696366389 0.146589947013488 0.716303265929745 0.998766465799709
"pal" 0.0714585587829993 9.68058251406274 0.130552100223353 0.718139571944438 0.998766465799709
"cysM" 0.186683167503547 7.53471818036828 0.129494904102771 0.7192343532538 0.998766465799709
"fadI" 0.0945064842986235 6.48649573938665 0.127055818444062 0.721779561731182 0.998766465799709
"fusA" -0.10556505854745 13.476202033949 0.126483226125602 0.722381052548471 0.998766465799709
"hflK" 0.0667087966785943 9.89908859100653 0.125675323905067 0.723232344507118 0.998766465799709
"allR" -0.0774160777670492 9.29821969208017 0.12235134571832 0.726767639068332 0.998766465799709
"exuT" 0.0711295718947083 7.5185335618137 0.122107097435036 0.72702953197571 0.998766465799709
"grcA" -0.0734873113566137 8.63096779909886 0.121452423190796 0.727732953604913 0.998766465799709
"manA" 0.057964638603527 7.36269689051356 0.121419375869423 0.727768517983126 0.998766465799709
"yniA" -0.0761548243343439 8.82989551643101 0.121400858423949 0.727788448187614 0.998766465799709
"yqiA" 0.0499348782978239 6.48454505461486 0.11829034181293 0.73116078031804 0.998766465799709
"msrB" 0.0698199557897323 6.48532564713536 0.116982592722037 0.73259341497669 0.998766465799709
"acrF" -0.0656934560267862 4.51928582027867 0.11567655561721 0.734033132198308 0.998766465799709
"paaH" -0.107968872712412 3.02092956143486 0.113187343773921 0.736802454169945 0.998766465799709
"rsgA" 0.0506979093249345 7.95637921341846 0.111945710677315 0.738196493779737 0.998766465799709
"sfsA" -0.076602874555345 7.97440232065587 0.111099797394743 0.739151172005726 0.998766465799709
"cysK" -0.131393855655101 11.620838201535 0.110988546605284 0.739277027322019 0.998766465799709
"can" -0.0639958822168157 9.30079442125597 0.110383636269397 0.739962577518757 0.998766465799709
"cstA" 0.0914424575875722 9.1316956944353 0.110340472322479 0.740011575275849 0.998766465799709
"rpoE" 0.0688060110187938 9.85350923426126 0.10939046419962 0.741092687869265 0.998766465799709
"infC" -0.0825334824293787 11.6099375086335 0.109382827301054 0.741101399757659 0.998766465799709
"yohF" -0.0689968687624892 6.91822911630842 0.108743059368102 0.74183242490627 0.998766465799709
"tufB" 0.0874364848751995 12.454468086525 0.108691337862359 0.74189162812413 0.998766465799709
"fabB" 0.0708271348368307 10.2918314823239 0.108685204682296 0.741898649527973 0.998766465799709
"hslJ" 0.0493781051137383 6.66176562511155 0.108260695347207 0.742385172364278 0.998766465799709
"prs" 0.0738364152407314 9.43197832577364 0.104685568261121 0.746525169892471 0.998766465799709
"smg" -0.047860666641812 8.46078451905596 0.103127037874176 0.748354402647088 0.998766465799709
"yncE" -0.10395158018541 10.0365877601777 0.102006308320436 0.749679240242827 0.998766465799709
"crp" -0.0512958745220449 9.20734314175484 0.101002590621896 0.750872582713058 0.998766465799709
"yjjG" -0.0423851574167781 6.6392927372427 0.100376401418943 0.751620384044027 0.998766465799709
"mtr" -0.165897103952291 10.9921297645416 0.100153955373604 0.751886649188227 0.998766465799709
"tyrA" -0.187356488879277 10.5297022870841 0.100015346975341 0.752052726300909 0.998766465799709
"purA" 0.0774433608094773 11.0421078948131 0.0982363928078529 0.754195561465376 0.998766465799709
"ppsA" 0.0619877834375263 9.03540396739407 0.0975528792088849 0.755024551854102 0.998766465799709
"pyrH" -0.0664522740997824 8.39834570926572 0.0934793664427228 0.760032459973852 0.998766465799709
"nlpI" 0.0628724580784788 10.1481054834562 0.0930314074127631 0.760590407653574 0.998766465799709
"mdtE" -0.0872273762046028 6.82455048358994 0.092558528355277 0.761180989868997 0.998766465799709
"pykA" -0.0520595001419258 9.28707326151408 0.0901531902412881 0.764210857100156 0.998766465799709
"gpsA" -0.050850001717371 8.89822508562051 0.089894017538776 0.764539941348957 0.998766465799709
"eptB" -0.0501167181806805 5.95550674824651 0.0891697507854324 0.765462329423035 0.998766465799709
"pheS" 0.107461022683497 8.34524884745384 0.0888396022488468 0.765884143503514 0.998766465799709
"prfA" -0.079637343163607 6.13436331647868 0.0880979130702705 0.766834885467709 0.998766465799709
"cysC" 0.216101991141674 7.20267167228642 0.0863620436039493 0.769077189260375 0.998766465799709
"yiaG" -0.0855288061807863 9.31804323448973 0.0857184655953417 0.769914747342026 0.998766465799709
"lpxA" -0.0431677755328805 8.64607771143157 0.0856993410982935 0.769939688293833 0.998766465799709
"epd" -0.0583280096905258 9.4721796824991 0.0845545366748858 0.771438210402655 0.998766465799709
"tsf" 0.0651433854886088 10.4940662387513 0.0824910321697532 0.774167338841753 0.998766465799709
"ydgJ" -0.048972479543214 7.51280429431779 0.0815745446607782 0.775391310911255 0.998766465799709
"aidB" -0.0739328254878874 8.55003556534766 0.0805012691364167 0.776834167936206 0.998766465799709
"aceF" 0.0788271071924742 11.3188759466616 0.0796566165562408 0.77797700191403 0.998766465799709
"yihQ" 0.128425447313906 2.41736764814094 0.0870815912889662 0.778587196415316 0.998766465799709
"yqjC" -0.0570131185516451 9.12136248889116 0.0770280894415765 0.78157591398884 0.998766465799709
"rseA" -0.0573365938725399 10.2895993004557 0.0756704383839141 0.783460714879239 0.998766465799709
"yncG" -0.0619869907181649 6.79423688100748 0.0753918623938512 0.783849701176828 0.998766465799709
"gltL" 0.0876221196709252 5.63030004291061 0.0752315734361027 0.78407386920865 0.998766465799709
"yoaC" -0.0807988057460619 4.7441681487683 0.0735220204555345 0.786480870695126 0.998766465799709
"gabD" -0.0857963860535614 9.95884179603666 0.0721429969583063 0.788444482375592 0.998766465799709
"rpsL" -0.0669784129926381 10.9375142930026 0.0719931499930232 0.788659060072504 0.998766465799709
"htpX" -0.102813584732244 10.6637748201859 0.286775193245531 0.789058280934531 0.998766465799709
"fepA" -0.103542767225099 10.5624339014532 0.0716420234403244 0.789162805606796 0.998766465799709
"ycjG" 0.0391509060483631 6.99165999796111 0.0704489943040704 0.790884347418393 0.998766465799709
"cca" 0.0399657169548622 8.27994420806992 0.0690718224901832 0.792891128474277 0.998766465799709
"nrdE" 0.0760974086189647 9.70619338117262 0.0685438756670514 0.793666108316544 0.998766465799709
"yqjA" 0.0328143390065612 7.4669437631408 0.0684796456824613 0.79376060969848 0.998766465799709
"pspD" -0.0497198912341564 7.71111516795183 0.0665077176101945 0.796685276244758 0.998766465799709
"ydbC" -0.0564073733458342 6.83169584357728 0.0664692071029394 0.796742850701083 0.998766465799709
"ubiG" -0.0500596661895722 6.6492711907032 0.0663345701549302 0.796944277249401 0.998766465799709
"mtn" 0.0454138740193422 7.93146362826776 0.0733663665744524 0.797617996573368 0.998766465799709
"narK" 0.0705357605125906 5.76485050247787 0.0655045342056128 0.798193051161982 0.998766465799709
"metG" -0.0606304288868708 8.97142786113951 0.065442352509719 0.798284642645743 0.998766465799709
"avtA" 0.0577977565071585 7.83335865017007 0.063595277009929 0.80109076103592 0.998766465799709
"nusG" -0.042019695805927 8.89396085450137 0.0633100841326399 0.80152787953654 0.998766465799709
"tisB" -0.0547811699174245 5.9879336256303 0.0632878123550676 0.801562059795305 0.998766465799709
"yhgE" -0.0404843094404536 5.00374884213057 0.0610796746233235 0.804983171713917 0.998766465799709
"sra" 0.0955959966234591 9.84565957401904 0.0606649092556142 0.805633063094723 0.998766465799709
"gltS" 0.0446163278582116 6.73254062575977 0.060662170947357 0.805637361540056 0.998766465799709
"yihW" 0.0434366080355885 5.42277823163479 0.0718368854065689 0.806104558284 0.998766465799709
"lpxD" 0.0399556613250804 9.59619202078856 0.0601897225315194 0.806380531671445 0.998766465799709
"acs" 0.0884362159323081 9.91775168457813 0.0595526235092063 0.80739385193034 0.998766465799709
"tmk" 0.0398478986514432 5.97810663871936 0.0583516135578134 0.809301732242921 0.998766465799709
"trpE" 0.224072824948798 11.036670866254 0.0552376171801356 0.814363974155567 0.998766465799709
"ivy" -0.04677670765229 7.78454348520558 0.0549019443269003 0.814918563951243 0.998766465799709
"rmf" -0.101990792179862 10.0302267717156 0.0542796703870329 0.815951420141716 0.998766465799709
"Sensor_LuxR" 0.190109939788091 10.6540636640616 0.0520381548371342 0.819760951207267 0.998766465799709
"leuS" -0.0458472488026897 10.3769915767755 0.0502788672196638 0.822746345155966 0.998766465799709
"thrS" 0.0494568024485159 10.8240669144527 0.0487549576129561 0.82540901608889 0.998766465799709
"ddlA" -0.0300232672068017 7.62430350401017 0.0486698175879884 0.825559057518346 0.998766465799709
"cysD" 0.126284669444357 9.09404007541837 0.0485311499986387 0.825803725000761 0.998766465799709
"kbl" -0.0325773365535936 8.06267513335689 0.0479466777695767 0.826839027912341 0.998766465799709
"yjbJ" -0.0785649618793003 9.90716735140369 0.0462957523018942 0.829799631315169 0.998766465799709
"serS" 0.0458141644230897 10.1861600299985 0.046236744048745 0.829906465625056 0.998766465799709
"yfaY" -0.0282215823647412 7.07681339275095 0.0449926180901955 0.832175779309091 0.998766465799709
"recQ" 0.0560126660015912 6.51401118664104 0.0447843582918367 0.832558840881104 0.998766465799709
"znuA" -0.0780148954466432 11.2999361334069 0.0447315472718884 0.832656126409858 0.998766465799709
"phoB" -0.0314668709224159 5.90088586374146 0.0432006612515297 0.835502763742259 0.998766465799709
"dapB" -0.035612880517573 6.87970669095129 0.0431784854004626 0.835544382717242 0.998766465799709
"yfhM" -0.0402053512641142 9.06310144816412 0.0628398350585771 0.836501920495434 0.998766465799709
"yeeO" -0.0345943015641654 6.18739271625032 0.0421777011928721 0.837434364476225 0.998766465799709
"lepA" -0.0327780446659837 8.91247074426219 0.0414676150814963 0.838789577683598 0.998766465799709
"yjjI" 0.031730685708092 6.10646440666112 0.0398503551021997 0.841921966166501 0.998766465799709
"ygiF" 0.0279842222940499 7.01233998420272 0.039827344715981 0.84196700645942 0.998766465799709
"hofB" 0.0687679040104583 3.8378213964927 0.0539807601689367 0.842058389516595 0.998766465799709
"ybiC" -0.0317634893217986 7.41891032772854 0.0392793743173167 0.843043622847804 0.998766465799709
"lhgO" -0.0636531720164897 9.48864988445395 0.0389980343383828 0.84359941474026 0.998766465799709
"pnp" -0.0456543631169503 10.9725715893708 0.0386511169115621 0.844287632033327 0.998766465799709
"gfcE" -0.0681334520380917 2.90712931520454 0.0381570481213524 0.845273331156115 0.998766465799709
"oppA" 0.0530654923683734 12.584358210949 0.0380224576676667 0.845542994670776 0.998766465799709
"argG" 0.0544588968272789 8.28510580358988 0.0375682095504269 0.846456796556759 0.998766465799709
"menF" 0.031884950179956 7.724680061807 0.0371522528128613 0.847300199617295 0.998766465799709
"pssA" 0.0272720171596478 8.61622618711234 0.0347266437299747 0.8523079313708 0.998766465799709
"glyA" 0.0561861975529428 11.0267942976654 0.0342849731205858 0.853239355530917 0.998766465799709
"lolB" 0.0228983393378454 7.37495080522728 0.0336998118461465 0.854482992239617 0.998766465799709
"hisF" -0.0404024364396562 7.03648584146167 0.0333966666016813 0.855131654337399 0.998766465799709
"uidA" 0.0332237145395649 5.84311216341604 0.0327407451204295 0.856545671585134 0.998766465799709
"bamC" 0.034330263719699 9.07674493736126 0.0325443534934461 0.856971888120593 0.998766465799709
"gpmM" -0.0300113944307293 9.35303297765556 0.0319662890108393 0.858234190198823 0.998766465799709
"purT" -0.0851312115320012 7.98444261632384 0.0319579591300517 0.8582524656499 0.998766465799709
"hlyE" -0.08165316132664 2.20569400589231 0.0319259470030008 0.858322721960919 0.998766465799709
"iscA" -0.0280067233493233 8.46483801468054 0.031483661441965 0.859297141829251 0.998766465799709
"recR" -0.0282235084293909 7.67416860885582 0.031335444480344 0.859625263478895 0.998766465799709
"cpxP" -0.103855619229175 10.0388971223433 0.275071470920436 0.860817694616694 0.998766465799709
"yehY" -0.0354616523349444 5.55864755736361 0.0304886561396091 0.861515418073523 0.998766465799709
"pepP" 0.0310416792352077 8.88837030377774 0.0301372233718114 0.862307803732462 0.998766465799709
"slyD" 0.0315225443409589 9.85020049700104 0.0289335778095841 0.865058395517993 0.998766465799709
"mipA" -0.0449012879788731 8.90751709246374 0.0287942735807198 0.865380509228996 0.998766465799709
"tig" 0.0425366420692871 10.7457085662561 0.0280965790078297 0.867005986610518 0.998766465799709
"hdhA" -0.0352686376134544 8.06587427722578 0.0280125333649639 0.867203189053579 0.998766465799709
"rpoB" 0.0471394904094352 12.8564972463954 0.027928876097763 0.867399782497407 0.998766465799709
"typA" -0.0384312715907206 10.7334133301669 0.0274981641501189 0.868416774167417 0.998766465799709
"fdoG" 0.0525817022157203 10.6949784444412 0.0272885277847299 0.868914726355918 0.998766465799709
"yebV" -0.0545398001049249 10.3104581244824 0.0269679963848668 0.869679903600873 0.998766465799709
"leuA" -0.0449144955824475 7.22754193848181 0.0264802582268567 0.870853255181399 0.998766465799709
"sspB" 0.0252381618858789 7.80587690440999 0.0261662840892759 0.871614460580259 0.998766465799709
"adhP" -0.0416675546932933 9.47493103942658 0.0256535458208814 0.872867700364832 0.998766465799709
"aroP" -0.0307046393001306 6.98387297242738 0.0242821431005027 0.876284247800891 0.998766465799709
"secB" -0.0322444500009147 8.87603867670747 0.0400512217343841 0.876643064031182 0.998766465799709
"ykgM" -0.0766163214177182 8.98943266701354 0.0226859244869153 0.880390337176252 0.998766465799709
"iscX" -0.0429337462049635 5.5273668535681 0.021743970084582 0.882879011549749 0.998766465799709
"ybgF" -0.0258481910810821 8.64100894501614 0.0215913013183708 0.883287928990486 0.998766465799709
"nlpD" 0.036326566211752 11.6371709368726 0.0205076142168596 0.886234013319978 0.998766465799709
"feoA" 0.0554560027254262 6.69575416709967 0.0203067964835801 0.886788609434469 0.998766465799709
"ybeD" -0.0314469766466107 8.97552722286594 0.0198691916092658 0.888006911989153 0.998766465799709
"yqjD" -0.0304208485295274 8.76031360380182 0.0191111401688792 0.890150181357812 0.998766465799709
"tolB" -0.0280964471817991 9.73067148885815 0.0188921969846437 0.890777241051482 0.998766465799709
"acpP" 0.030605331429473 10.7066960763116 0.0186553000819525 0.89145990543198 0.998766465799709
"pflC" 0.0593828449397605 2.35310131980679 0.0212592305517728 0.892492422661634 0.998766465799709
"fur" 0.0237489938235747 8.18841542167607 0.0178930964522101 0.893686831442356 0.998766465799709
"pka" -0.0302903977309637 8.80205219051558 0.0176541963691864 0.894394727729116 0.998766465799709
"yjfN" -0.0358560022674812 7.98170756315953 0.0176489690983807 0.894410271231927 0.998766465799709
"ycaP" 0.026375501537565 5.23765183203112 0.0168970795904858 0.89667097715612 0.998766465799709
"queG" -0.018261631354904 7.0793921459896 0.0166041450658881 0.897565561888408 0.998766465799709
"gltA" 0.0285375618360841 10.3501062197706 0.0164492634304641 0.898041794210431 0.998766465799709
"ldtD" -0.0254527563915194 9.45387845231733 0.0161702006774765 0.898905648764532 0.998766465799709
"puuD" 0.029522079608116 5.93930745113061 0.0160648358170101 0.89923377981986 0.998766465799709
"nrdA" 0.0284155796116909 8.66230671009591 0.015960748974086 0.899559006180945 0.998766465799709
"waaH" -0.0533552578255182 3.37191171609217 0.0159315004591419 0.899650588930436 0.998766465799709
"cdsA" 0.019193413022281 7.39589584622171 0.0154069400317261 0.901307827146611 0.998766465799709
"gadC" 0.0430862779356435 10.4859752201308 0.0153640272822419 0.901444660018217 0.998766465799709
"lptD" -0.0219797745336484 10.3281874585409 0.0152222292299466 0.901898186839269 0.998766465799709
"yobF" 0.0394378322048514 8.61808742921808 0.0149844702857422 0.902663474439447 0.998766465799709
"yqeF" 0.0297793429183508 6.02637981958971 0.01493362509279 0.902827930767005 0.998766465799709
"uxaA" 0.0212678904800161 8.02642055719904 0.0147189835578123 0.903525330240486 0.998766465799709
"ygaM" 0.0349171376191389 8.5377868256424 0.0135743640598801 0.90733470117506 0.998766465799709
"mtlA" -0.0273866520714894 8.62520131570305 0.0122805545724767 0.911842310236957 0.998766465799709
"yidE" 0.0174215589994291 6.50023756705585 0.0119820422527593 0.912916016928685 0.998766465799709
"yecA" 0.0192943756316817 8.00111070927495 0.0117672147114495 0.913697121384291 0.998766465799709
"fabZ" 0.0380401654679471 7.80275032518994 0.0544647677483037 0.914736710242687 0.998766465799709
"mdtB" 0.0247782932288764 6.0319691032029 0.0316394249786465 0.914889045525266 0.998766465799709
"miaB" 0.0184436749577573 8.15796049739632 0.0107851915831569 0.91736317801341 0.998766465799709
"asnS" 0.02385841538241 9.95502766424531 0.0106609454162881 0.917838842745694 0.998766465799709
"katE" 0.0254739971349981 10.0553737778275 0.0104367685746188 0.918704224713379 0.998766465799709
"ydcH" -0.0227556709135453 6.46324807377308 0.0101757077513895 0.919723911717773 0.998766465799709
"plsB" 0.0189034866527803 8.69569762527749 0.0111576093332583 0.921651685096886 0.998766465799709
"gshA" 0.015927207766083 9.22439424910263 0.00966573045578551 0.921754705820546 0.998766465799709
"adeD" 0.0218330324932324 4.94155132492075 0.0089406019920731 0.924737804919576 0.998766465799709
"rpmB" 0.0239251214097933 10.4985939693561 0.00887487304425217 0.92501414571215 0.998766465799709
"iscS" -0.0196108086677108 9.80604949132636 0.00869665335029099 0.925768663404692 0.998766465799709
"purM" 0.0414105879726204 8.85872748241418 0.00858423353221628 0.926248625241629 0.998766465799709
"proS" -0.0190075944102431 9.42928897461478 0.00835992636830278 0.927215842229816 0.998766465799709
"cbpA" 0.0183198183782789 8.68342341982675 0.00835857383443916 0.927221713814161 0.998766465799709
"rpmA" -0.0202146752195278 9.51767238340338 0.00768452270511181 0.930210016351584 0.998766465799709
"rpoS" 0.0225858567212271 12.4367522358664 0.00747589305420348 0.931161511118499 0.998766465799709
"phoP" 0.0113528406783277 7.88755049258091 0.00678837427322251 0.934395659241706 0.998766465799709
"glyQ" 0.014382466381061 8.8673863905773 0.00659735168375968 0.935323223164772 0.998766465799709
"yiiR" -0.019711985977301 4.16844447904672 0.00653874844231484 0.935610490125252 0.998766465799709
"cysJ" 0.0431248594709081 9.37323405423578 0.00648524481058429 0.935873892992393 0.998766465799709
"trpB" 0.0441789061887143 10.8041360338177 0.00610511914909384 0.937777658290659 0.998766465799709
"opgD" -0.0117039717247408 7.27871517833341 0.00604831890290238 0.938067195972485 0.998766465799709
"hdeA" 0.0242091265677599 10.7059182930806 0.00575474165655205 0.939585994758447 0.998766465799709
"rpsG" -0.0197476108633321 11.3050938684719 0.00562489255943409 0.940270173315975 0.998766465799709
"kdpC" 0.0154533283351721 3.71394478153161 0.00555466567595771 0.940643511668942 0.998766465799709
"secY" -0.0210872766910658 12.6278432505255 0.00539073772201041 0.941524325758194 0.998766465799709
"pitA" -0.0118949851052894 8.55984710555351 0.00535109024944373 0.941739373177191 0.998766465799709
"putA" -0.0167865838931285 9.37696527529454 0.00477346141267449 0.944968334399803 0.998766465799709
"rpsB" -0.0182175324700482 11.888418147339 0.00470194764385635 0.945381466429318 0.998766465799709
"prmB" -0.0158183008201044 7.23937749196835 0.00425250010591478 0.948053542133879 0.998766465799709
"fadJ" -0.0146966966752482 6.97028972190064 0.00408794478399816 0.949067120369029 0.998766465799709
"ydcV" 0.0194845147123183 4.58910259094701 0.00397164776427591 0.949795860588968 0.998766465799709
"rspA" 0.0174376249177108 9.59327393205432 0.00368367888238694 0.95164783152668 0.998766465799709
"rplJ" -0.0154996365786075 12.0307560209391 0.00359770470853815 0.952214726761836 0.998766465799709
"potB" -0.0213767244690555 6.27439856189396 0.00333558425348745 0.953986389993916 0.998766465799709
"umpG" -0.00865386782140615 6.71546557926302 0.00319305220792777 0.95497914800659 0.998766465799709
"metE" 0.0260973798306836 10.5585619494412 0.00313589621616256 0.955383480248516 0.998766465799709
"yihA" -0.00799230840995944 6.75971286987058 0.00279171831465294 0.957900625662256 0.998766465799709
"rpmE" 0.0185121368194676 8.83012820779803 0.00274012298347775 0.958291111323042 0.998766465799709
"ibsE" 0.0093157952348142 5.4168559387424 0.00265270312231948 0.958961236841098 0.998766465799709
"yciS" -0.00755397325012252 6.94941916539563 0.0025379391396392 0.959858012149624 0.998766465799709
"yifL" -0.00935924634041587 6.44163520576735 0.00249464704055394 0.960201567148611 0.998766465799709
"sgcC" -0.0145911211283171 6.38670071324653 0.00237960443500913 0.961129318313779 0.998766465799709
"dctA" 0.0136519125950663 9.23985742343531 0.00230510348840595 0.961742164385385 0.998766465799709
"ydcS" -0.0141177877816052 8.07666430730539 0.00209179509271851 0.963553968654306 0.998766465799709
"tufA" 0.0122600389765946 12.9673908929359 0.00204488712965369 0.963964649385387 0.998766465799709
"fabR" 0.0235946437748061 6.98661592766655 0.0266834588461754 0.964338540187784 0.998766465799709
"barA" -0.0087214661558768 6.03530403842806 0.00166702780864912 0.9674618432437 0.998766465799709
"ybjT" -0.00583126239873282 6.7755148513837 0.00146921909249188 0.969452253800525 0.998766465799709
"yrfG" -0.00556815266798659 7.33161731375648 0.00133860826405442 0.970841033318106 0.998766465799709
"speC" -0.00827957689572875 6.40519186371498 0.00105921032694987 0.974060788150627 0.998766465799709
"speB" -0.00867525519368487 8.18673180794148 0.00331488742780173 0.974565367998478 0.998766465799709
"zinT" 0.0169134700200609 10.2374377168009 0.000987533250832439 0.974953517473061 0.998766465799709
"dadX" -0.00624955404148071 9.31900206801467 0.000868946588512155 0.976504968341452 0.998766465799709
"erpA" -0.0127545045317355 8.23323172247028 0.00632346239479939 0.977336545994679 0.998766465799709
"acrR" -0.00487707411315218 5.83316488061787 0.000803880979281669 0.977401474882005 0.998766465799709
"ybaE" -0.00634216804099076 6.85996775421275 0.000755904367287631 0.97808602651349 0.998766465799709
"cysB" -0.0105914029068465 6.97121734169019 0.000734697148673707 0.978395539670501 0.998766465799709
"yqeG" 0.019696859379316 4.96056836816302 0.00851207066479955 0.979493541158916 0.998766465799709
"yheS" 0.00385238599259729 7.06659253122936 0.000655360218595948 0.979595072975433 0.998766465799709
"fre" -0.00294605646837136 7.68141280402324 0.000634192754242675 0.979927235760266 0.998766465799709
"yfbR" 0.0111741352580351 5.01269901491445 0.00195262450148732 0.980467028889731 0.998766465799709
"rplU" 0.00589071365961056 10.2002578809161 0.00055538865823787 0.981215450953988 0.998766465799709
"fdhF" 0.00958080128325827 5.64223335572626 0.00355509846802263 0.981948791154481 0.998766465799709
"rnr" 0.00352397824638549 9.39562751867071 0.000470195008062197 0.982715872316589 0.998766465799709
"yeiG" -0.00400490267622171 7.24900345551814 0.000436449070020761 0.983347566940176 0.998766465799709
"infB" -0.00430778711766782 10.7313194565326 0.000331887081707185 0.985478426402467 0.998766465799709
"uxaC" -0.00358821923209986 8.64511871283467 0.000329981765111127 0.985520164930042 0.998766465799709
"ptsG" -0.00326095132970761 9.75575882805615 0.000200409561607498 0.988715371241508 0.998766465799709
"ybfA" 0.00333451972245405 6.46708612754766 0.000166140989044268 0.989725304916037 0.998766465799709
"yccU" 0.00239698981658963 7.93040222224231 0.000165350557188235 0.989749774129539 0.998766465799709
"ptrA" 0.00210905093946646 7.06368577840021 0.000148112659349274 0.991010244673353 0.998766465799709
"rpoN" 0.00167700430675109 9.31334328830055 0.000115135905644127 0.991446583054273 0.998766465799709
"secE" -0.00138659416502236 8.56981629349618 0.000086503725899404 0.992585980244018 0.998766465799709
"yggC" 0.00325842153508112 5.40233327120225 0.000400256443931232 0.994406006717753 0.999353300283514
"ispA" 0.000939428347779991 7.40651626839789 0.0000265895732815112 0.995889483759398 0.999570036914912
"pepD" -0.000443026242219851 9.92298995150385 0.00000517915569313665 0.998185856139487 0.999570036914912
"trpA" 0.000898869903915657 10.2752305116532 0.00000202120947969078 0.998866691534996 0.999570036914912
"pabC" 0.0139019670951137 5.46726982236854 0.00523956442371778 0.999570036914912 0.999570036914912
