"logFC" "logCPM" "F" "PValue" "FDR"
"ompR" 3.54674153074188 6.74700433583289 335.135117383775 0.000000000000000000000000000000000000000000000000216262000015818 0.00000000000000000000000000000000000000000000019701468201441
"degP" -3.52940647047607 9.65192514896805 212.445558324249 0.00000000000000000000000000000000000550430001068557 0.00000000000000000000000000000000250720865486728
"cpxP" -3.11951471821903 10.0387091961196 195.44692733328 0.000000000000000000000000000000000730705249711063 0.000000000000000000000000000000221890827495593
"ymdF" 3.33129893448988 8.94372872522707 149.72402579333 0.000000000000000000000000000969432132554262 0.000000000000000000000000220788168189233
"pspB" -2.56245235443835 7.74904955845231 138.544466793566 0.000000000000000000000000038555571612208 0.0000000000000000000000070248251477443
"uidA" -2.38247427794192 5.84445253145725 135.639209134897 0.000000000000000000000000102100956649048 0.0000000000000000000000155023285845471
"pspG" -2.60069405455167 8.57251368410146 133.496114234273 0.0000000000000000000000002341992776668 0.0000000000000000000000304793631363507
"grcA" -2.60899283123507 8.63083938713203 124.989289762354 0.00000000000000000000000385612895723393 0.000000000000000000000439116685005014
"galE" -2.08098089063364 6.70689907979766 123.35968136009 0.00000000000000000000000678080590622621 0.000000000000000000000686368242285786
"htpX" -2.09024044504976 10.6635870288949 103.702861896556 0.00000000000000000000745521127747813 0.000000000000000000679169747378258
"pspC" -2.37813174929674 8.46922018709332 100.006110389849 0.0000000000000000000290165081203927 0.00000000000000000240309444524343
"pspA" -2.89436875467344 11.2650037631663 90.4910909254543 0.00000000000000000102341945912721 0.0000000000000000776945939387405
"glcD" 1.97648203416506 6.40898008920499 89.250725689543 0.00000000000000000164009813127575 0.000000000000000114933030584016
"murD" -1.30055052371414 7.75047927574301 74.9394287081192 0.00000000000000042913405561864 0.0000000000000279243660477558
"yccA" -1.58703959503093 9.52567969612827 70.2322601691957 0.00000000000000282354888799736 0.000000000000171483535797707
"rsmH" -1.2233801275718 7.67382899971694 67.293780859887 0.00000000000000928194694948939 0.000000000000528490854436552
"putA" -2.28451122188215 9.37688673808253 63.0754332782744 0.0000000000000522409788782559 0.00000000000279950186812301
"mraY" -1.1624115056027 7.16050727394011 58.7741111801598 0.000000000000311655667591193 0.0000000000157732396208654
"argG" 1.85586517636539 8.28502105120026 48.1046262013828 0.000000000029258929103995 0.0000000014028886533547
"ybfA" -1.92880596000072 6.46761224402257 44.6838975482957 0.000000000130082313650385 0.00000000592524938677505
"rlmI" 1.09435340942801 7.28361010284876 43.5997655745562 0.000000000209525114629502 0.000000009089399020356
"argD" 1.89709698098947 7.13355607482179 43.3813221968438 0.000000000230699633626208 0.0000000095530621015216
"fimA" -1.54263987701196 9.02255013391818 42.4016044285842 0.000000000367150003760552 0.0000000145423327576462
"yeeA" 0.952968597596362 6.09540075454354 39.0344079732581 0.00000000159254991140574 0.0000000604505403871097
"artQ" 1.02259005884308 6.47634002814645 38.4738755289397 0.00000000204778461830492 0.0000000746212714910311
"ompC" 1.85932947875747 11.8024419904646 37.2112667590341 0.00000000361490757240246 0.000000126660799940717
"yohK" 1.07115904158479 5.21165150106825 36.857083989185 0.00000000424177864220516 0.000000142679287441644
"aas" 0.758234648997482 7.16226778182251 36.7834402275218 0.00000000438531289612077 0.000000142679287441644
"yejG" 1.47560104243166 7.23425538650824 34.775720846462 0.0000000109049221788883 0.000000342564969136801
"astD" 1.57382182038273 6.82356423202347 34.6798683475043 0.0000000113917066082159 0.000000345928157336157
"ybaT" 1.25452551497173 8.3944538238873 34.1523692900896 0.0000000144908602373463 0.00000042584431213621
"ykfB" 0.840614665422909 7.13176709663311 33.6270300617478 0.0000000184243143582156 0.000000524517199385451
"astB" 1.45934131866534 6.63652695663617 33.4642055375695 0.0000000198500766983896 0.000000547982420370694
"mraZ" -0.871740664504188 7.52602459280854 31.8438447370024 0.0000000417902261790779 0.00000111973223673941
"ycbZ" 0.812439211111083 8.51389934048882 31.5596755920584 0.0000000476428282708128 0.00000124007475870601
"allR" 1.21439709048241 9.29815789481809 31.2371751319105 0.0000000552942622117046 0.00000139925202430175
"astE" 1.49508582244458 5.16111069744963 30.989602315924 0.0000000620002964450501 0.0000015265478394984
"yhcO" 1.3365058326998 6.2374948858258 30.4101861863004 0.0000000810858655012148 0.00000194392693346333
"ydcF" -0.859573117053595 6.62158212699272 29.7924395827976 0.000000108024390927768 0.00000252333897782556
"nhaA" 0.985886881323364 9.26051670885719 28.5017423620109 0.000000197185646426911 0.00000449090309737289
"gadX" 1.2490467623843 7.85127938202185 28.3665464737153 0.000000210056402498449 0.00000466735079697774
"argH" 1.54657260583419 7.84855991694745 27.7674820039887 0.000000278107510775667 0.00000603228434087222
"blc" 1.10445635435518 7.27527278868609 26.735884223758 0.000000451697901887853 0.00000956969275860079
"ada" 0.814241662463591 6.94732932931978 26.5144077370085 0.000000501415216921288 0.0000103815741503476
"trkA" 0.644211709400414 7.38116173458805 26.0303393906787 0.000000630194261952554 0.0000127579327253062
"rnk" -0.735552145089409 6.4470578452613 25.9138829676148 0.000000665872668260404 0.000012932657453035
"maeB" -0.959873062683979 9.08020506044602 25.8782887485652 0.000000677179429859916 0.000012932657453035
"emrB" 0.84646981368773 6.32767871701427 25.8651143932837 0.00000068141334549471 0.000012932657453035
"grxB" 1.09877824114368 9.23537026335019 25.0276319610601 0.00000101350111707478 0.0000184798752463759
"yjdN" 1.11183227978299 8.40446454952703 25.0260494549827 0.00000101426318586037 0.0000184798752463759
"artI" 0.929643085558112 8.38059410074704 24.8287533724004 0.00000111395298698 0.0000198982582576232
"ddlB" -0.776959737941635 7.62124352053767 24.6901874824987 0.00000118983161948293 0.0000208449347182491
"srlD" -1.35011006826923 4.71804920747933 24.3998369692256 0.00000136619882902176 0.0000234831534573363
"ybaE" -1.20480994389583 6.86084002431359 24.1713630081104 0.00000152337945455484 0.000025699975612953
"glsA" 1.16781521418932 9.2129076226535 24.0244235954719 0.00000163399968962953 0.0000270649766773183
"ychN" -0.827606071028145 6.01524741032882 23.6461405015685 0.00000195761137564728 0.000031846142200262
"yhjJ" -0.667789205557099 7.20453318581268 23.5038512671764 0.00000209547047755079 0.0000334907650008556
"bfr" 1.00584528211203 6.69935615213927 23.0823716468831 0.00000256417917594713 0.0000402735371848001
"hinT" 0.71838150175659 7.07925792700764 23.0468100835374 0.00000260827518540418 0.0000402735371848001
"uspB" 1.22501047452889 8.80929392506322 22.8727606981733 0.00000283540290599409 0.0000425855825968789
"ompT" -1.45295437165987 10.0944997608076 22.8609619840618 0.0000028515044329414 0.0000425855825968789
"rssB" 0.823416563875059 8.52531427923991 22.6221063339285 0.00000319809312821492 0.0000469913361258677
"ycfH" 0.891417696217074 8.92732287997471 22.4558514090732 0.00000346418640560924 0.0000500932351668256
"dtpB" 0.742926527488245 7.14694542002164 22.2932081860958 0.00000374615219663776 0.0000533241351740156
"yoaD" 0.851664317559598 6.0603047065089 21.4990968538977 0.00000549437155368273 0.0000765017983106238
"atoB" -0.90651255046633 3.93213945199691 21.4810916872368 0.00000554239153512752 0.0000765017983106238
"flc" 0.839036156193583 5.75743388860688 21.3284551586994 0.000005966901507839 0.0000811320488603183
"murI" -0.724588634621077 6.07129692794929 20.8598531828355 0.00000748701510128909 0.000100303981724623
"dbpA" 0.732311165175338 7.29103540175045 20.7951328980292 0.00000772574277589298 0.000102002198099109
"folE" -0.926380350356376 8.28604308791748 20.6347695260466 0.00000835096154465338 0.000108681799531132
"mukE" -0.884499227997336 6.48518193036679 20.5216986955292 0.00000882232891809464 0.000113199178089919
"galU" 0.692810793003441 8.55604126829536 20.4547323670895 0.00000911408979819553 0.00011531855286328
"gcd" 0.96083074759128 9.8903855282033 20.3503442414931 0.00000958847538434718 0.000119658918837538
"cyoC" -1.10878380757217 8.75102949083908 20.1590153075113 0.0000105237633818268 0.000129556060011408
"yheT" 0.684111369266922 5.647549698457 20.0765844972224 0.0000109546592890044 0.00013306259483044
"maeA" -0.708324215072268 8.47367523586863 19.9757023542632 0.0000115063697486877 0.000137925037382296
"bepA" -0.638499404918113 7.63226406374114 19.8794137901751 0.0000120591594130406 0.000142673950977662
"fadE" -1.22593112405133 8.98894031200498 19.4736662941828 0.0000146997034610115 0.000171684998115147
"ftsA" -0.632593302817114 8.54598116170765 18.8115705148216 0.0000203257469656186 0.000234389309945298
"ydiU" 0.619406553178333 8.07070523388171 18.7559897944048 0.000020887427159043 0.000237855576773603
"ldtA" 0.839893469389179 7.91054282481645 18.7133781302976 0.0000213286602186852 0.000239881598262002
"tpiA" 0.788153367483033 9.86199160366005 18.6141222897575 0.0000223933520613572 0.000248784679608493
"yfdE" 1.02680650813939 3.56581640548036 18.5048397192359 0.0000237116544707271 0.000260256834010029
"pqiB" 0.533437688588728 7.00635850748323 18.1188104346736 0.0000285674761964962 0.000309821081131048
"lysP" 0.740675780017047 8.37997486932569 17.6973777654177 0.0000351635458505772 0.000376870473763245
"mreD" 0.668004389155535 5.79965974810686 17.3667562479403 0.0000414029585587733 0.00043585648860786
"ycaC" 1.10286332172165 8.49347649535195 17.3332508055646 0.0000420947817643212 0.00043585648860786
"mqsR" 1.00516621099934 8.34942992914832 17.3212608493357 0.0000423451846500189 0.00043585648860786
"yfdK" 1.12156532463728 3.24734241103559 17.3100381343426 0.0000425809302811191 0.00043585648860786
"ybaP" -0.61278115845784 5.75375829254462 17.1212125470939 0.0000467527997556931 0.000473242228638183
"gdhA" -1.04640564670405 8.80962507182883 17.0347591391834 0.0000487987252633803 0.000488523502361972
"pqiA" 0.535734240918762 6.63709585922368 16.9751118070749 0.0000502629127438551 0.000493640720774597
"cvrA" 0.593443348717646 5.87605470727556 16.9698729523765 0.0000503936191350576 0.000493640720774597
"yahK" 0.903942862759475 8.97269614746426 16.8151865876614 0.0000545739903826008 0.00052890324721861
"serA" -1.10995721817169 10.7733644760792 16.7395979548992 0.0000564922314089253 0.000537171698485638
"yegH" 0.506875505472734 6.48905299550823 16.7349125724488 0.0000566237910280026 0.000537171698485638
"lsrG" 0.985588360458419 6.67383065822828 16.7146574490109 0.0000571961084007759 0.000537171698485638
"sbmC" 0.707488468268343 7.33109787351232 16.6479646566946 0.000059122272549243 0.0005495958193098
"ybdK" 0.933718150029942 8.38955655203221 16.4781266255404 0.0000643294600750159 0.000591960991195348
"pfo" 0.796879083035835 9.53046551837969 16.4064325492826 0.0000666647993674348 0.000607316322237331
"pphA" 0.629291212090838 5.50476920349905 16.1031130023686 0.0000775345461643894 0.000699346253027314
"yejK" -0.719890278871204 7.09335220488452 16.0349159002873 0.0000802161502526427 0.000716440322354485
"csiE" 1.23331615732155 9.89036368304271 15.8508626005515 0.0000879320385626841 0.000777729001268012
"ispG" 0.484480467774475 8.9329336243138 15.7011230004156 0.0000947615107408747 0.000830074387355162
"yedQ" 0.57301920554701 7.45420164250752 15.4865265883777 0.000105497727956484 0.000915318382555776
"acnA" 0.933724906974509 10.4615939568423 15.4419832597221 0.000107876398409118 0.000927126405195344
"lolA" -0.542226408233449 7.22265490744858 15.3705067892815 0.000111807477017309 0.000951930949184752
"ybhL" 0.742346890294801 8.6625491626271 15.3104897053629 0.000115220271006155 0.00097190432302414
"mdaB" -0.62055041027646 6.25138701509609 15.2594460335532 0.000118205786908599 0.000987940108933337
"yohF" 0.818257130061285 6.91847704777289 15.1640764365162 0.000123995691555949 0.00102690977279518
"ribA" 0.491540627050259 6.77248092331376 14.9915023457808 0.000135213799587659 0.00110972767048971
"gspO" 0.689649653557631 4.5270128597409 14.6208786318855 0.000162912485359938 0.00131367206575192
"clsC" 0.575073369788647 6.90274312468026 14.6204548467198 0.000162947248551007 0.00131367206575192
"accC" -0.895166284359584 9.67547122934182 14.5672708893564 0.000167370193144238 0.00133749338556492
"bcsC" 0.561384833439982 7.48369092462209 14.4417980388113 0.000178293623899119 0.00141239557714867
"dosC" 0.89550305082006 7.7638833912763 14.1824545747512 0.000203220273783005 0.00159597990876136
"yraJ" 0.633901244377121 5.86887974695194 14.1516919186959 0.000206402646657649 0.00160711804363349
"mpl" -0.593647723163963 8.06958419968918 14.0907799485121 0.000212853908613123 0.00163136191760991
"lsrF" 1.04644100226765 7.76814626864032 14.0885143350027 0.00021309776969877 0.00163136191760991
"bamB" 0.609589591598081 9.33825493363816 13.8543887210681 0.000239889496321919 0.00182116109291057
"cyoA" -0.959212178916759 9.98236080845768 13.8186184340461 0.000244273873774985 0.00183075459134798
"xylB" 0.579685207554765 6.04136800499392 13.8100686230873 0.00024533381309304 0.00183075459134798
"metE" -1.79853969032474 10.5584175211787 13.7932139651489 0.000247437011626172 0.00183075459134798
"rluA" 0.564984537455425 6.3142307011378 13.7792636693217 0.00024919162384978 0.00183075459134798
"rbsB" -0.761853697598458 7.95574967560813 13.7606745286411 0.000251549329971398 0.00183329151683155
"ypfJ" 0.503272848108737 8.13758864812637 13.6322556539756 0.000268467456142556 0.00194106232179261
"mscK" -0.58326774790201 7.28832996229559 13.523607461722 0.000283680456476904 0.0020349046917359
"ynbC" 0.95942828742268 3.25201839379552 13.4013409012166 0.000301850057712812 0.0021483234576279
"panE" 0.446426074977536 6.97829906676895 13.3105616178333 0.000316101064027444 0.00222462900244381
"psd" -0.537771808074636 8.00038190135541 13.3021523235526 0.000317455291237865 0.00222462900244381
"cyoE" -0.815621849942842 9.74743946784902 13.2641901555636 0.000323642387463436 0.00224113709278293
"yohC" 1.02098087370345 9.8093667582184 13.2575860126258 0.000324731170414212 0.00224113709278293
"rpoS" -0.958901228126776 12.4366151115258 13.1637527514733 0.000340608854973249 0.00233304260812504
"trkH" 0.419058486998134 6.87929064022685 13.1388644520477 0.000344951002681988 0.00234515196599471
"focA" 0.636702205032717 9.08696947080701 13.1124084865102 0.000349628308654624 0.00235934362358787
"ilvE" -0.81654487062082 7.01916666799564 12.9685684999164 0.000376209355202829 0.00252004943080718
"cyoB" -0.970081168278533 10.6849216504131 12.8245518572074 0.000404881551963395 0.00269231455356681
"yiiM" 0.493764172300564 7.17957633612859 12.6721307905557 0.000437651050013286 0.00288913120697177
"ycbX" -0.592319650804734 6.7917984537062 12.5985804581431 0.000454415317126225 0.00297821837339562
"dsbA" -0.674354419405713 7.75228480932801 12.5064855604165 0.000476329905592374 0.00309954674281895
"lptC" 0.51365971298183 7.45599106150984 12.3979260773003 0.000503546419058694 0.00325340984228702
"fmt" 0.555922841751929 8.85908225601206 12.3791338978339 0.000508415778420737 0.00326173784606544
"yodD" 0.936086975788528 9.18967478245199 12.2369942692788 0.00054683088048938 0.00348365686801276
"lepB" 0.53995495775923 7.96605750388035 12.1263998665091 0.000578752104458805 0.00366141088306924
"selB" -0.694285787514274 6.79206611892554 12.0996800607739 0.000586744464565863 0.00368637384289311
"mscL" 0.766819925839815 7.36320773737052 11.9331931801428 0.000639135750020554 0.00398803197444332
"aceF" -0.962635865746919 11.318745465442 11.8889537168875 0.000653840939879544 0.0040520346682331
"ahpF" -0.515562356492792 8.43229734719484 11.830037148184 0.000673960580496716 0.00414850060021965
"glnH" -0.643214169618677 8.62044857541134 11.7824412320298 0.000690673343014795 0.00422284171467435
"gyrB" -0.585421969260863 9.53737315422138 11.7507725181639 0.000702026399347836 0.00426364033203919
"amiD" 0.546936565348834 7.19142700719142 11.6459181333932 0.000740988911096685 0.00447046952323894
"btuD" 0.535807347776993 7.03615079219028 11.4084930613947 0.000837548298116479 0.00501977960252706
"yhjK" 0.392418524437544 6.59002621422575 11.3317498065564 0.000871423996689172 0.00518867490839108
"rbsC" -0.704430390989088 6.69561246669733 11.2872898563707 0.000891683946832492 0.00526988106029181
"xylA" 0.552100936055293 7.21545072459665 11.2765881256889 0.000896631794012328 0.00526988106029181
"ydhS" 0.646445481454136 7.22868709066802 11.2568291490247 0.00090584072323559 0.00528987755684373
"glmS" 0.585849997305852 9.57078632089652 11.2237121350543 0.000921491771529983 0.00534700002461028
"rfbA" -0.670505356143633 7.31913048189534 11.1875909628565 0.000938876663233365 0.0053910470812878
"dld" -0.675194694757948 8.62834312507921 11.183393918494 0.00094091820628404 0.0053910470812878
"rraB" 0.552767594657926 8.70077815761077 11.151746208897 0.000956458632358985 0.00544583633799397
"glpK" -1.43162278577096 9.10074582812098 11.0774122102103 0.000993995691306349 0.00562441040236077
"ygaZ" -0.635227757992368 6.25474386044558 11.0321321012634 0.00101759285586695 0.00569306254689385
"mlaA" 0.48169010444484 7.54888086895263 11.0301722356725 0.00101862699796235 0.00569306254689385
"aceE" -0.989167087962036 12.0665148265963 10.9662418487756 0.00105295380486381 0.00584902997701787
"dctA" -0.990071714056517 9.23992806311851 10.9181411122217 0.0010795557840993 0.00595800684318109
"glyA" -1.03368903625809 11.026676936719 10.8975262189634 0.00109116535940566 0.00595800684318109
"cmk" -0.544772160683181 8.5263041032833 10.8957135475538 0.00109219225336031 0.00595800684318109
"mfd" -0.550312565436211 9.43149446583784 10.7098229996794 0.00120290386836549 0.00652288942905336
"secE" 0.485569105873573 8.56971395369404 10.4756615939773 0.00135881177702197 0.007324719105722
"insC1" 0.446441992966823 7.24813043625027 10.1593535647555 0.00160270016497896 0.00858858735468136
"ibpA" -0.756340702127583 9.45655162901289 10.1377682754571 0.00162088848553412 0.00863525970948297
"ychH" 1.14517608046231 11.0164731316592 10.1159718577801 0.00163946835154504 0.0086834631875438
"csrA" 0.7053113212822 9.91825983798514 10.0710083020548 0.00167848574688297 0.00883873130295019
"dcrB" -0.482482499147148 7.18090991616207 10.0403926375008 0.0017055934624263 0.00892986002454228
"nlpD" -0.80495970042417 11.6370093345501 10.0044849801763 0.00173795652328887 0.00904730510123523
"raiA" -1.01271486774349 10.3836973197245 9.97683297576635 0.00176330531405921 0.00912710875629513
"cspD" 0.923820293985904 10.5847677900818 9.9494737630417 0.00178875697071315 0.00915996157696105
"hslR" -0.535016220867259 7.93085234325206 9.94840159987733 0.00178976197661808 0.00915996157696105
"acrF" 0.550322732938068 4.51965031639561 9.90669590281311 0.00182930569008511 0.00931004180819854
"rseA" -0.655671845395409 10.289421211831 9.72693609956714 0.00201021616637948 0.0101599824380903
"tomB" -0.609738075348693 6.81699663784939 9.71899822195788 0.00201861341525175 0.0101599824380903
"aceB" -0.824627349735925 10.5837190142127 9.67194564527699 0.0020691294181384 0.0103570159336488
"pyrC" -1.05319088282092 8.86955874879914 9.65655182633693 0.00208593500322188 0.0103840808083887
"nusG" 0.515352135695121 8.89386067310678 9.61152196943993 0.00213589897033726 0.010575021532485
"yheU" 0.795926886601147 4.00877555056693 9.71951735783978 0.00214873516302127 0.0105810688297966
"aspA" -1.00189993184395 9.85195420851295 9.58710622291951 0.00216349920619271 0.0105964934238793
"hspQ" 0.753944601431614 10.575868006005 9.44073562609181 0.00233677177718313 0.0113839523476675
"yjfF" 0.796143249347002 5.71146857373036 9.43061112198975 0.00234926890377509 0.0113839572943569
"manA" -0.466147029379343 7.36251786013791 9.36545892314886 0.00243133903239561 0.0117193114207005
"pgpA" 0.411821633770627 7.21401319807498 9.19817587526897 0.0026557421673411 0.0127335848128828
"guaB" -0.901383537686008 9.33106789387658 9.17094739950972 0.00269422289048808 0.0128504557760976
"ybiO" -0.551724923847486 6.66297262139774 9.14379665270494 0.00273316133389975 0.0129682811207431
"ahpC" -0.73268149653791 11.1119329121173 9.11124885436853 0.00278059904569921 0.013125003785658
"pstS" -0.626228714133212 7.33031672818694 8.98506866185094 0.00297260289808158 0.0139589754647027
"araG" 0.702711440646701 7.79369593644739 8.96494019613938 0.00300446260095259 0.0140362329716298
"kdsC" 0.37737054130419 6.92266392313607 8.93181571991938 0.0030576547567458 0.0142118545071195
"yciG" 0.801402922826273 8.65436788069827 8.87773449818967 0.00314657849628845 0.0145509289853745
"fic" 0.661826248927532 8.25370453716706 8.75286306222722 0.00336214653271273 0.0154692701580874
"lipA" -0.584167013738088 8.41529115881016 8.59830803144225 0.00365003465771421 0.016504815916842
"gltA" -0.655654909156185 10.3499656662414 8.59135912330575 0.00366355588640541 0.016504815916842
"ycjX" -0.555891352238855 8.97824164578814 8.58936465146826 0.00366744620425354 0.016504815916842
"msyB" 0.699771198949009 7.94972961644903 8.58483524969116 0.00367629674515252 0.016504815916842
"fruA" 0.882571093430409 10.7626435404677 8.58406601782042 0.00367780201000979 0.016504815916842
"ihfA" 0.644866562209138 10.1629658455494 8.534105770445 0.0037769300072919 0.0168665844933477
"groS" -0.794617740092942 10.2997004729345 8.36911422458694 0.00412417056783246 0.0183274116453433
"ycgG" 0.699020298194115 3.27636673780754 8.32293815462314 0.00422709077187259 0.0186935907435725
"gshA" 0.4543845710366 9.22427495422457 8.29012591947587 0.00430182099432152 0.0189321687238015
"gyrA" -0.633677775096979 10.3629337606629 8.27877460992924 0.00432798774356927 0.0189557540114981
"lpd" -0.717614174327082 11.2473211081166 8.18983587075922 0.0045387362168361 0.0197836779595105
"purA" -0.707135883871109 11.0419541942888 8.13559212935816 0.00467240787501093 0.0202430127127907
"malY" -0.47852209881737 5.96864570670852 8.12914668771517 0.00468855728034999 0.0202430127127907
"accB" -0.629355863041323 8.48885086044391 8.09681243813819 0.00477044040264099 0.0204993924849337
"nfsB" -0.496211049073039 7.30427897288473 8.03948624318762 0.00491923587924484 0.021039548760526
"yqhA" -0.526342822832266 6.08266410629269 8.00909671487311 0.00500003668337898 0.0212852028904591
"ybiB" 0.474680829874883 7.54892385907793 7.88019887130694 0.00535817983699065 0.0227037294488302
"crp" -0.44622829087553 9.20721244024806 7.72544977489409 0.00582316122261869 0.0245108817142122
"potF" 0.574025332217636 7.63671889825764 7.71662343239327 0.00585089906012632 0.0245108817142122
"speA" 0.559533874446084 10.2018326425054 7.70847287846266 0.00587663362770184 0.0245108817142122
"can" -0.521271554276182 9.30067874450254 7.70352977388922 0.00589229758003565 0.0245108817142122
"serB" -0.545872127099077 6.61872493787336 7.67420231230361 0.00598611776460066 0.0247879694706873
"rpsP" -0.649220853506379 9.36987220551341 7.66269348080698 0.00602335303502931 0.0248292969000529
"hupB" -0.673166540316443 8.67642249364591 7.6076999991491 0.00620458880874066 0.0253829976109019
"ytfT" 0.816373056117933 5.99599597705865 7.60506823461414 0.0062134011714941 0.0253829976109019
"groL" -0.941519580599 12.7564493054938 7.52065964535041 0.00650296703776574 0.0263369269438958
"yjeI" -0.475064610125035 7.03938801143349 7.52015779948168 0.00650472948669216 0.0263369269438958
"yiaU" 0.586582695014099 4.23743097105034 7.43337830421318 0.00681699743425925 0.0274791356752663
"yccJ" 0.691745783176985 8.72973934847831 7.41185296598639 0.00689681279910708 0.0276783985021434
"hslO" -0.475987779382495 8.92990830459 7.40289640631102 0.00693030592315214 0.0276908276139983
"atpG" -0.686894973177538 10.1918845609624 7.35600396794159 0.00710841051966103 0.0282784366087825
"yceI" -0.963873305908663 5.57551261413247 7.33185674505265 0.00720195449997982 0.0285001321246964
"yiaG" 0.780875859253107 9.31791391530711 7.32552102233274 0.00722670748716233 0.0285001321246964
"alaS" -0.653844718838151 10.2074424700336 7.27885293678158 0.00741175177516417 0.0291039045998903
"panC" -0.506711607986243 8.24546497972455 7.24455711811244 0.00755084043075877 0.0295228138730525
"rimM" -0.67534256641335 10.8672639500751 7.21227946267751 0.00768419761648893 0.0299158291821428
"atpE" -0.656293973940992 9.11778307955666 7.18009144217549 0.00781959903545345 0.0303134243459493
"btuB" -0.534436229406948 7.10192156501064 7.14734816920177 0.00795985696645044 0.0306204967405115
"ybbN" -0.463049946336172 9.76681321723553 7.14591963091479 0.0079660348271144 0.0306204967405115
"tatB" -0.44093039071201 7.23666856116373 7.13362992648026 0.00801938720969688 0.0306960577648481
"oppD" -0.581017449098557 9.45903953580144 7.11904275930171 0.00808319107951111 0.0307837193575929
"lhgO" 0.876011375540728 9.48865870322614 7.11283073203744 0.00811052075005196 0.0307837193575929
"ppc" -0.667669604592204 10.4851290335023 7.1053265093969 0.0081436623108451 0.0307837193575929
"insB1" 0.490442670772163 6.96111175774254 7.04696311510863 0.00840622420283976 0.0315964699307372
"lon" -0.664349726339782 11.3583255690458 7.04219908666335 0.00842803753366536 0.0315964699307372
"cdsA" 0.411499309798027 7.39578066142074 7.02605515805497 0.00850239110575066 0.031744583185815
"tldD" 0.366050804743781 8.85986763047942 7.01568266600591 0.00855051951349366 0.0317939725583376
"serC" -0.547274473389768 9.81618858371659 6.96059100773365 0.00881088984036737 0.0326289457096531
"secA" -0.458618569219646 9.4032944851917 6.79099395244951 0.00966492247965766 0.0356467383763892
"secF" 0.429432629046373 8.23184955030772 6.70700994410853 0.0101189956215702 0.0371709879485906
"tonB" -0.473475794787131 7.76790910051403 6.69300392613284 0.010196836259235 0.0373064973179241
"ydcP" -0.575718157089811 6.48139284366621 6.62508006142824 0.0105831918010539 0.0384772874653158
"glnS" -0.407919549811862 9.44994119315314 6.62195679275252 0.0106013163049333 0.0384772874653158
"aldB" 0.933778183900676 9.84366502637447 6.60505112406522 0.0106999783865519 0.038681271072019
"metA" -1.43783347128284 5.52068376935265 6.59546961061212 0.0107563167555344 0.0387312433371217
"lsrB" 0.712774437979103 7.89847952284087 6.55645631650528 0.0109888916911385 0.0394129146875087
"clpS" -0.348889352355786 7.31821265082145 6.54041674588218 0.0110860107794687 0.0395945578833638
"fadH" -0.805189679339191 6.30774577136747 6.53088628382813 0.0111441367685767 0.0395945578833638
"murA" -0.508724248351566 8.07072518033482 6.52153323690308 0.0112014867256939 0.0395945578833638
"yodC" 0.682458639034454 7.57093890594461 6.51959858248586 0.0112133874137298 0.0395945578833638
"yedZ" 0.551122245751121 4.52708269363316 6.47978557358073 0.0114612111143193 0.0403133719117563
"ppsA" -0.497909954978092 9.03531918452213 6.41018387171134 0.011908141508522 0.0417242958240905
"yciK" -0.372357296196271 6.3869407650045 6.38024136523163 0.0121059139686238 0.0421007684321036
"mreB" -0.498732982367658 8.98488004954192 6.3799260477822 0.0121080146314063 0.0421007684321036
"yegE" 0.324595000734634 6.80739161561722 6.24319806525533 0.0130553846123592 0.0452222638093508
"yciO" 0.3313929983986 6.91176893283055 6.22582622202567 0.0131811258508615 0.0454848698868744
"acnB" -0.635936641948521 11.1096453004363 6.21607646216383 0.0132522450507031 0.045557717891285
"ftsK" -0.357515830628273 9.15648000630063 6.15757592128285 0.0136873959332634 0.0468064764221667
"serS" -0.519598009026833 10.1860043606472 6.15000890885597 0.0137447529421646 0.0468064764221667
"queG" 0.356583061926639 7.07965801857997 6.14673668118053 0.0137696330199129 0.0468064764221667
"recR" 0.389135084196177 7.67403727924169 6.0900924978716 0.014207789974102 0.0481163444847841
"yhbO" -0.517288667285466 8.21430158092484 6.04636902979843 0.0145558609062888 0.0491125529097375
"tyrB" -0.742869543093014 8.65807274282499 6.02584190251863 0.0147223072604578 0.04949085577224
"nrdA" -0.535803565184176 8.6621525928128 5.99764386668575 0.0149541750992753 0.0500854908655875
"dapA" -0.453754866968992 9.30822092067827 5.96188853550597 0.01525363790037 0.0508889408042256
"eutH" 0.567177416416095 3.2974521515598 5.95573674655065 0.0153057846107111 0.0508889408042256
"csiD" 0.896153636184122 10.1832375160267 5.93690238396514 0.0154665893369843 0.0510737639573161
"phoR" 0.408837969412045 5.38592339972405 5.93271945669502 0.0155025395573193 0.0510737639573161
"acs" 0.897847167064345 9.91770014523812 5.92985640923029 0.0155492126852997 0.0510737639573161
"malM" 0.582982607035563 5.43439689580959 5.92309028821615 0.0155856272010251 0.0510737639573161
"fepC" -0.825658712379282 5.48753502277503 5.86894115511047 0.0160615439679308 0.0524446829920606
"hrpA" 0.308709247666516 8.29889558631125 5.85812156370021 0.0161584303550835 0.0525726073338608
"sodC" 0.603321836570947 8.64887947077969 5.81274292836429 0.016571434330573 0.0537244721535657
"qorA" 0.548707260473792 8.67031390609042 5.78301378858729 0.0168479332958437 0.0544271887677788
"ycjF" -0.415493764523174 7.61916363864558 5.76341466920962 0.017032832085655 0.0548300707774972
"grpE" -0.551352713750759 10.2856945187044 5.6690233823098 0.0179532897673024 0.057247940088063
"cstA" -0.682440902849321 9.13168512335524 5.66762375422323 0.017967320492342 0.057247940088063
"wrbA" 0.603935482283502 9.87082048899188 5.6671113705884 0.0179724597861537 0.057247940088063
"ecnB" 0.815126142913711 7.64858683409596 5.64265868554515 0.0182195084888208 0.0578326558652117
"pyrG" 0.508823096530639 10.5066713907201 5.59150516257349 0.0187477995813954 0.0593029354814279
"ybgL" -0.325551416355243 6.35265038958538 5.58286663189832 0.0188385742548677 0.0593838793985622
"ptsP" -0.382656466923324 8.85511049282758 5.51198445146566 0.0196008935587826 0.0615738414898308
"kgtP" 0.540759912747717 10.59480265479 5.47827492065406 0.0199746216803503 0.0625322348824713
"yqjK" 0.501822888306909 7.82794662112422 5.45026252181467 0.0202908258583669 0.0633045971129186
"sufA" 0.522431893510271 7.7928137498765 5.43903484647233 0.0204190223775263 0.0634871310099879
"rbsA" -0.645743759264201 7.63123719567619 5.42791475386045 0.0205468217042234 0.063667192423631
"yncE" -0.757277936293384 10.0364464984797 5.41526441133034 0.020693220662701 0.0638439033302007
"fepD" -0.478118845543646 5.51462938962099 5.41089724504947 0.0207440124980674 0.0638439033302007
"ldrA" 0.49046150710778 4.50938420566069 5.40221024893171 0.02084543190128 0.0639400284918051
"ldtE" 0.634402281226344 10.4342563425741 5.38006997658866 0.021106258078992 0.0645228225166499
"cohE" 0.463655745357354 5.26537500746607 5.36966624179768 0.0212732785431425 0.0648159088722502
"ubiE" -0.304415868992787 7.44172826378276 5.35698750024115 0.0213818054687032 0.064929415939962
"fruB" 0.87377989769344 10.7055045445991 5.34350403805881 0.0215444957876316 0.0652060985466192
"soxR" 0.369617038707999 4.67464601296676 5.33673659161378 0.0216266367816848 0.0652379672454133
"osmF" 0.473305388090455 7.63823073224021 5.31971331662724 0.0218347055527377 0.065648240127208
"htpG" -0.649609107940328 11.6881370333966 5.23738577937665 0.0228708151878278 0.0685372126187866
"rplW" -0.708870571978447 10.3570478341669 5.22780739021631 0.0229946473858906 0.0686590764858089
"insH1" -0.458271191058235 9.84048425333764 5.22260375092204 0.0230622144946844 0.0686590764858089
"aspC" -0.550688933724385 9.49235183815938 5.1814763600504 0.0236035784339243 0.0700418890987135
"hslU" -0.544915265625269 10.9910959252886 5.16634534933298 0.023806071418982 0.0704134125412098
"yqjA" -0.292606397175056 7.46686749329608 5.14368198267667 0.0241127651884517 0.0709087114922415
"bamE" -0.465422327580269 7.38278725588327 5.13701531308901 0.0242037653008689 0.0709087114922415
"lysS" -0.499583125004266 9.7431849458191 5.13677623086844 0.0242070354270989 0.0709087114922415
"fdhD" 0.305403058512276 6.05622983353815 5.03246688840904 0.0256787304094458 0.0749786006506575
"tyrS" -0.440445374141182 8.99527702817656 4.94547867697773 0.0269774794192205 0.0782806879969311
"deoA" 0.466959569330944 8.84697962372993 4.93971388007428 0.0270659406004239 0.0782806879969311
"sufC" 0.542473306090787 8.22934121975332 4.93788133953798 0.0270941245749089 0.0782806879969311
"clpB" -0.693911297345842 13.0731236112133 4.93403726968114 0.027153345122975 0.0782806879969311
"proP" -0.489830280537453 10.3964308495156 4.89647598188995 0.0277391808200902 0.0797173303694074
"yidC" -0.545398294471912 9.31851573390307 4.84899506717782 0.0284987211630249 0.0815104919596055
"fruK" 0.695051352102252 10.1505228080019 4.84632388298166 0.0285420932328366 0.0815104919596055
"galM" -0.333758035166121 8.07980730622818 4.78436243364211 0.0295678095039047 0.0839691137032619
"luxS" 0.384576724888428 9.10808252045744 4.78320337808316 0.0295873605913799 0.0839691137032619
"yggS" -0.414304383327052 5.6186683650272 4.72751080510114 0.0305429434295575 0.0864118679016364
"atpH" -0.547833093171319 9.22523174078501 4.71117302099667 0.030829368355079 0.0869521813358421
"ileS" -0.466986979119273 10.7559306933456 4.68209118862116 0.0313462087095721 0.0881370251062352
"rplE" -0.619609177105027 11.6005397464628 4.64267534202397 0.0320612616965368 0.0898701827862924
"erpA" -0.349690422001353 8.23316280630096 4.60007773455088 0.0328533259742173 0.0918079139954354
"yiiD" 0.302740725997236 7.20335191592477 4.58199231261019 0.03319579933462 0.0922833090591344
"dnaK" -0.73086945893891 14.2028709529228 4.57818608471577 0.0332683523091896 0.0922833090591344
"pstB" -0.402533365953226 6.61534344293783 4.57509782177531 0.0333273421300277 0.0922833090591344
"rplK" -0.552528000241134 10.4446078611147 4.55597927673781 0.0336949862833061 0.0930185833457328
"relE" 0.399526420515282 9.25850951928311 4.52179971949714 0.0343629130260456 0.0944294854561542
"bamC" -0.397009680123167 9.07661757180684 4.5167439107727 0.0344628879946508 0.0944294854561542
"asd" -0.492542807051173 10.1136852345422 4.51401210426453 0.0345170347496151 0.0944294854561542
"ydcJ" 0.68918585369799 8.76934569516811 4.50278567048245 0.0347404934984552 0.0947562562188404
"rpsS" -0.638845538940971 10.189748008149 4.49706702895206 0.0348549058130407 0.0947594770321216
"prlC" -0.439088087602775 9.9850961147395 4.49234347950911 0.0349497083235926 0.0947594770321216
"rnb" -0.563962719730548 8.86146461787212 4.4812607974717 0.0351732063319113 0.0950824657815168
"crr" 0.515347947432469 10.7046784164244 4.4738149723561 0.0353242061477859 0.0952081414219909
"rplN" -0.544365580481021 11.0840475961243 4.45673209909341 0.0356732272088106 0.0957931293299894
"mrdB" 0.317763079886463 6.48810767709813 4.45292264749812 0.0357515521099851 0.0957931293299894
"acrA" -0.32808663324818 8.71371367370471 4.44515383506769 0.0359118457090751 0.0959404441084089
"dinJ" 0.345880765503289 7.25282210350872 4.41666265553276 0.0365062091593212 0.0970068828219835
"ddpA" 0.670414608640199 4.93837938447867 4.41581755341084 0.0365239964960926 0.0970068828219835
"gabT" 0.67486758274493 9.915631005899 4.37591454598839 0.0373743367626079 0.0987422564875384
"gph" -0.371331409444768 7.31180241121487 4.37499583343604 0.0373941586039525 0.0987422564875384
"rplA" -0.602836612582154 11.4970753550824 4.36422110590846 0.0376274592756056 0.0987785631100997
"fhuE" -0.703197648103077 8.31410736683217 4.36022607678523 0.0377143513897167 0.0987785631100997
"yjiY" -1.31887128777671 6.90684344417673 4.36081593401764 0.0377331942506198 0.0987785631100997
"cbpA" -0.422881598911059 8.68334181361779 4.35238802832997 0.0378854445318059 0.0988929511990692
"rplX" -0.558739551119128 10.7984628712615 4.33247607142841 0.0383237836959779 0.0997513341343882
"helD" 0.25136620762748 7.42156731330054 4.31371329424986 0.0387417207369439 0.100551873479646
"tig" -0.51872902499505 10.7456037143039 4.29744906924851 0.0391078930605238 0.10094398400035
"ptsN" 0.304426934409716 8.37936240651685 4.29716112047686 0.039114408729005 0.10094398400035
"purL" -0.63959949990092 10.09390181563 4.28981439801275 0.0392810374362522 0.101087641537926
"mukB" -0.360426353411697 9.20836748155802 4.27759863624971 0.0395597595798472 0.101518143597861
"sodA" 0.474408214089359 11.1910922009477 4.2696118961669 0.0397431176450575 0.101702191501818
"fepA" -0.795230275152195 10.5622974394073 4.25843866667327 0.0400011372381192 0.102075731159458
"hflC" 0.333849342504221 9.03061417062573 4.23610577581097 0.0405221779231883 0.10311649186599
"asnB" -0.53214478673428 8.45423338198671 4.18310091387824 0.0417877248703357 0.10604071687152
"aceA" -0.56745051161225 10.4656013638836 4.13218903234191 0.0430426855435146 0.108921907028172
"rpmC" -0.512799943485404 9.19685830092181 4.12457099327775 0.0432338697569389 0.109102646394934
"rpsE" -0.56281697329966 11.1197325871206 4.06997249160677 0.0446306656731516 0.112316398973042
"atpC" -0.455516887352894 9.24025029882005 4.06250383625512 0.0448254202776163 0.112495751716001
"topA" -0.430341440572777 10.4825778282038 4.00638956933312 0.046317780474374 0.115847786372057
"cca" 0.307185584722682 8.27991025053181 4.00278548217048 0.0464154138592765 0.115847786372057
"holE" 0.46195601858271 5.16371301564376 3.98681379652949 0.0468507146214838 0.116614756885715
"flu" -0.985916652967365 7.70667203075659 3.96497902711348 0.0474528296542961 0.117791628923879
"oppF" -0.438948348265145 9.55154861150175 3.95917666968038 0.047614212178392 0.117871052430748
"valS" -0.390414231109222 10.0856032257762 3.95423955430396 0.0477519880884872 0.117891764630384
"clpA" -0.517634773886422 11.3821488478463 3.93789950327913 0.0482110015477081 0.118703303810708
"arcA" 0.457416011491835 10.0236434759861 3.92666935601388 0.0485291852415493 0.119164657021702
"rpsN" -0.540186442509483 10.940684364782 3.92063214355094 0.0487011583293026 0.119265471069878
"sspA" -0.310319559755625 9.13320929390843 3.91443212717152 0.0488784426769752 0.119378716564945
"ybeL" 0.497360100736679 8.4811669341271 3.90339471898911 0.0491957465640931 0.119794520130412
"rpmA" -0.445251508504387 9.51755219288076 3.89938065309395 0.0493116850152627 0.119794520130412
"menD" 0.274714996669497 6.54025505749644 3.87360587060248 0.050085871050672 0.121351671614793
"degQ" 0.31683940877966 7.33657409960091 3.83917779538467 0.0510858007185813 0.122885120515539
"fetA" -0.621303368848245 4.10196511057995 4.38234474117001 0.0510957591157575 0.122885120515539
"sufS" 0.464137105485869 8.80956447947798 3.83792449318556 0.0511234475031715 0.122885120515539
"eamB" -0.540770593756943 3.61634640798096 3.82720138328019 0.0514467579511862 0.123336832877712
"pncB" -0.425000335722456 9.07762468918873 3.80619404026266 0.0520864682363448 0.124377248154971
"intA" 0.301852277553984 6.10407539983633 3.80399903649743 0.0521537967016452 0.124377248154971
"kefC" -0.358713978331028 5.58125822637811 3.79697154580347 0.0523699782191307 0.124566710594329
"ackA" 0.471406925922768 9.87981827703016 3.79058513200124 0.0525672661407782 0.124710363162107
"xylH" 0.354440051316214 3.85249972942219 3.77938648338036 0.0529151254234384 0.125209556521435
"pepP" -0.343303902176147 8.88823110358449 3.77473113472334 0.0530604532122581 0.12522816807349
"hscC" 0.6038349730637 2.95039754489289 3.76334463479003 0.0534177041954068 0.125479324529421
"malI" -0.377391859881145 4.39434187883682 3.76256220523661 0.0534423467809171 0.125479324529421
"iscR" -0.357039472873164 9.04425256223779 3.75666736663971 0.0536283942208933 0.125592460501886
"entA" -0.648950991098127 8.45035483432854 3.70652170606325 0.0552392370909619 0.129033192281708
"yggE" 0.301340643198816 8.50581145017788 3.6749799652826 0.056278835612117 0.131125368907004
"yegP" 0.474316363690945 8.18548706411051 3.66912626396009 0.0564740566697231 0.131244555168668
"hemN" 0.260238901607212 7.59398124946485 3.66167420255849 0.0567236294331342 0.131489125734314
"accD" -0.343627952612744 9.03841986889352 3.62857039782668 0.0578466109877968 0.133751935558078
"pfkA" 0.367243811470443 9.97779265922208 3.5745236994383 0.0597313991840654 0.137760264953629
"rplB" -0.577296387804935 11.7406129766296 3.55577706836056 0.0604004071360819 0.138718570649948
"oppA" -0.517944630898677 12.5842384762837 3.55435585186644 0.0604514517541484 0.138718570649948
"nrdE" -0.541803510419539 9.70602649764524 3.54270795337058 0.060871543111506 0.139331597423573
"yahB" 0.53207514550334 3.47818095468897 3.52988611557379 0.0613375893518061 0.140046475938585
"xerD" -0.234190045824129 6.56902406299375 3.50479025785683 0.0622608643960275 0.141799118661953
"fre" 0.217122697355292 7.68132894898138 3.48451483005171 0.0630176691451788 0.143164829404633
"yhhA" 0.454298927740877 8.39358638802982 3.44780265470148 0.0644132057695617 0.145971220039977
"gloB" 0.410458034060273 5.82471591941793 3.44058661008709 0.0646913865856146 0.146237849080633
"rplF" -0.499857831191507 11.2316715473874 3.42983852310883 0.0651081215229273 0.146815590859868
"purB" -0.547884677857433 8.87036240312505 3.41156502249993 0.065823267657961 0.14806172058371
"apt" -0.44562220403275 7.24933401793626 3.35209338461502 0.0682097547975373 0.152754925620307
"rpsA" -0.550063586832625 12.8754952485132 3.35123031275604 0.06824506556253 0.152754925620307
"metQ" -0.421673538670016 8.10450982913115 3.3267907185624 0.0692531670331741 0.154401319705151
"ytfP" -0.311191753032723 6.69476553484758 3.32519405491634 0.0693195826118627 0.154401319705151
"gsiD" 0.712910937549841 5.07793133821422 3.31712353627853 0.0696563384032018 0.154546450261038
"gabD" 0.590779337020059 9.95876658503887 3.31550635092856 0.0697240297006438 0.154546450261038
"pheS" -0.619550789637209 8.34510562400948 3.30950289214248 0.0699759394418616 0.154728351532854
"iscS" -0.372896616585911 9.80596531617304 3.2922930878961 0.0707035232973827 0.155887445522876
"nfsA" -0.293883837220016 5.87542618159599 3.28903048863402 0.0708423737063344 0.155887445522876
"purD" -0.525259150138907 8.46140312134359 3.27836617658395 0.0712982811893351 0.156512612442131
"ggt" 0.405164687398739 8.10515872178418 3.27218614030398 0.0715639286597878 0.156718122617949
"ilvH" -0.506071184015025 5.70376374900082 3.26710933066065 0.0718335979058951 0.156931433314797
"clpP" -0.340268629606439 10.0878388984424 3.23015824087474 0.0733990394138646 0.159672991814405
"pheT" 0.431230691879146 10.7977228610253 3.22925436057984 0.0734390599014664 0.159672991814405
"rplD" -0.60740934245748 11.1575533062061 3.22511845040028 0.0736224833936955 0.159690672313468
"glnA" -0.554048001268685 10.5889472624735 3.20711331284864 0.0744267753328974 0.161051763250046
"cpxA" 0.260926364194344 7.8075926019037 3.18320896601993 0.075509279756913 0.163006999664805
"lpxC" -0.474056777835454 12.037693025443 3.16784731467199 0.0762139009948724 0.164139157934583
"rpsH" -0.468249019998451 10.5329586149172 3.16174467655379 0.076495791847979 0.164304424481676
"yeiE" 0.494770430275475 6.12765225659997 3.1583873970469 0.076651350608905 0.164304424481676
"yidH" 0.333383970074326 4.60207241719827 3.15320068460798 0.0768923486082711 0.164434107000317
"rplU" -0.437737516752093 10.2001290942633 3.13577100540015 0.0777082337013581 0.165789697662616
"proA" 0.239727670023848 8.00848487942058 3.13155036574381 0.077907207854918 0.165825855971566
"entC" -0.54419075888028 9.33511284726543 3.12051365177658 0.0784301240932182 0.16633876500022
"rplV" -0.540105541367655 10.4431684778378 3.11799202390418 0.0785501305208479 0.16633876500022
"pepD" -0.337291848674852 9.92284704602613 3.11493367126103 0.0786959469979087 0.16633876500022
"yjgR" 0.309387442087572 7.10518637430918 3.10825237587774 0.0790155191862413 0.166627634209875
"malQ" 0.284976795850759 7.9854369331722 3.10001160818486 0.0794116195640901 0.167076178805742
"yfeY" -0.331438642644772 5.92121769555652 3.05351050214335 0.0816874563087718 0.171246227124977
"sixA" 0.321151213739051 8.61498825031929 3.05185839174049 0.0817696035119263 0.171246227124977
"dkgA" 0.437512239288917 9.05298789922338 3.03163690053735 0.0827823649571723 0.172969574486202
"wzxB" -0.586038509430211 5.33334887286482 3.02658952085049 0.0830372730814171 0.17310516196149
"zapB" -0.401271018093757 8.09273130578173 3.0155131878837 0.0835996545959237 0.173685243751932
"ytfK" 0.558467872176022 9.1474807418271 3.01360726842676 0.0836968408420396 0.173685243751932
"atpA" -0.481510772731268 11.2693290617107 3.0056102384024 0.0841059638022205 0.173765013144057
"gltK" -0.59734569766041 4.91471411661224 3.00539972831064 0.0841167626745654 0.173765013144057
"damX" 0.23355104879958 8.98186314997093 2.97728201470379 0.0855727976597135 0.176372892914025
"adhP" 0.439000309784418 9.47478779623732 2.96237465583704 0.0863558531472217 0.177585061438192
"hokB" -0.470286936151662 2.76710501630493 2.95009189625869 0.0870195077888636 0.178282444131467
"ygiQ" 0.401801760715448 7.23873968934842 2.94859943669822 0.087086375014822 0.178282444131467
"roxA" 0.232220718177574 8.64905946251831 2.93593247909903 0.0877640648455706 0.179266957565728
"yafK" -0.33240003060354 7.15814833620566 2.92004977607543 0.0886219279588139 0.180614264810916
"ahr" 0.388533701472873 7.88771469305025 2.91250870386649 0.0890324350858544 0.180671979069693
"ybgS" -0.418240669287802 9.43470568995565 2.91224381985241 0.0890468919893437 0.180671979069693
"hmp" -0.342294813193512 5.00106769211245 2.89561937902927 0.0899593664565213 0.182117739648646
"rpsQ" -0.422381998435512 9.79243861628986 2.87988553016689 0.0908323593588597 0.183477337862353
"rcsA" -0.622065517857579 4.39277113310989 2.87456655845447 0.0911295701442541 0.183670438941185
"sufB" 0.404330784230688 9.58453541593259 2.86904735845341 0.0914390918777324 0.183887445255219
"ispU" -0.320810420381584 7.61449643494791 2.8344863665916 0.0934036050666961 0.187424414572159
"rapA" 0.263071535806144 8.45795143201998 2.81596082665923 0.0944755875416441 0.189158813737226
"lpp" 0.663533756370316 11.894094939562 2.78763053542973 0.0961410476535796 0.19207125967634
"rpsF" -0.444008599745605 10.8009718183134 2.78215049446073 0.0964669000483392 0.19222640246456
"priB" -0.416865008260022 9.83343935205257 2.7792356206522 0.0966407160579239 0.19222640246456
"fumC" -0.29184774335248 6.79575277577997 2.76638910723007 0.097410862492498 0.19333615627596
"tufA" -0.454932078680209 12.9672881270424 2.76053933275224 0.0977637823851999 0.193614795115037
"hsdR" -0.315141128461744 7.56331675314857 2.7500707053957 0.0984246765135202 0.194264466510253
"entH" -0.551326686999411 7.60139921052505 2.74811000557006 0.0985183134223237 0.194264466510253
"gadC" -0.589609425909932 10.4858021856067 2.74152316829592 0.0989207596077578 0.194636742986323
"dnaJ" -0.389016630398578 10.5227950130416 2.73724101141974 0.0991833605030289 0.19473284788418
"lldD" 0.353565072834801 6.41368279716606 2.71994098017389 0.100252092523435 0.196407862986773
"atpF" -0.428724350215008 9.69493714359008 2.71145509768988 0.100780936332743 0.1970202424874
"rpsJ" -0.512268239297903 10.8440711384964 2.70033424897302 0.101478637908168 0.197959398574605
"hrpB" -0.205965998676965 6.68265703445574 2.6881643569304 0.102248243926437 0.19903450901065
"patA" 0.46649597636728 10.8518057881199 2.68072217374922 0.102722037607382 0.199327067652129
"rpsR" -0.404299130231749 9.40135708236564 2.67893556443491 0.10283613808617 0.199327067652129
"trmD" -0.457056829724314 11.1045513671956 2.67004853489517 0.103405777374767 0.20000565432784
"atpB" -0.371891987722613 9.3576070195652 2.6529786171896 0.104509689030958 0.201712556583057
"rpsK" -0.407020818995032 11.1988422586347 2.64699654151775 0.104899615320009 0.202037102656508
"rpsC" -0.489976236097628 11.4803607992102 2.63477621789386 0.10570115680089 0.203151379421119
"ugpE" 0.67421537421971 3.76649741519254 2.62199078618045 0.106546996745054 0.204345924283672
"glgB" -0.303795420653109 9.79042903968933 2.58421412697575 0.109090107050317 0.208783797316888
"mtr" -0.836240335900723 10.9919699353601 2.55464802473747 0.111127275774684 0.212236788743683
"gadE" 0.532599705670084 6.87900424778561 2.47710081444426 0.11667341001943 0.222033445474304
"shiA" -0.388418777464697 7.72433153266535 2.47449309139457 0.116865173827505 0.222033445474304
"atpD" -0.41684336445647 11.0214273413575 2.4728255312625 0.116987984443102 0.222033445474304
"pepA" 0.250063571744868 9.05373909550413 2.46683331000436 0.117430477294111 0.222409906060156
"tktA" -0.45192753439127 10.605929795962 2.45598723589381 0.118236137249013 0.22347120546442
"rplC" -0.508249761611536 11.6763466128854 2.44290529316007 0.119216065515307 0.224856802659306
"entF" -0.546598974776286 10.5473424660748 2.43390120418343 0.119895781468456 0.22567160520199
"ibpB" -0.414259122637535 8.18905047469112 2.40052790877793 0.122453013045927 0.230009680174927
"rpmB" -0.389021326606979 10.4984796121843 2.38071116922111 0.124000202689863 0.231321204212413
"miaB" -0.274478808444527 8.15786219133935 2.37978549131437 0.124073006132766 0.231321204212413
"hfq" 0.307039562018624 9.44462651244516 2.37773104971828 0.124234755941178 0.231321204212413
"mdlA" 0.24399905343591 5.37689858950058 2.37682902869698 0.124305847979871 0.231321204212413
"pyrD" -1.07259021750149 7.00571352936871 2.37537115254918 0.124420845295371 0.231321204212413
"dusB" -0.410694554529869 9.02943857372103 2.37213591788875 0.124676465103395 0.231324357859863
"rplP" -0.422287493829535 10.7569129186553 2.34921002120439 0.126504762303011 0.234239509061064
"fliY" 0.630372811024629 9.31443468165178 2.34185235635297 0.127097857677129 0.234860341468285
"ftsX" 0.195654368403081 7.30463530911222 2.32418130860956 0.128535052188925 0.237035288550831
"potA" -0.341156963722223 7.34914435016445 2.31457088562859 0.129324302011152 0.238008967943756
"dnaB" -0.298275767785679 7.63800956874247 2.30169837237245 0.13038996668428 0.239486410583425
"ytfQ" 0.50799947121885 9.11310636218037 2.29029173933355 0.131342506211231 0.240750549614551
"metG" -0.34952931010109 8.97128630865741 2.28131543800969 0.132097582974408 0.241194001489086
"gatY" -0.507549844380102 12.3960092491244 2.28112152799744 0.132113948126294 0.241194001489086
"gatZ" -0.520061250257937 12.0821699271572 2.25665171058688 0.134197477663773 0.244507804303394
"fdoH" 0.443857913512827 8.41236127573897 2.24182661985591 0.135477735804322 0.24634773915716
"yrbL" 0.298535202796588 10.5651381272082 2.23128684282106 0.136396279401321 0.247388483760647
"rplO" -0.419721984786756 11.2729319883939 2.2288770924008 0.136607272598077 0.247388483760647
"metI" -0.523019500815085 5.92086050550577 2.22594200886262 0.136864759402158 0.247388483760647
"rpsM" -0.384171549185962 11.2304003753144 2.22163716238987 0.137243400758333 0.247581659585825
"fes" -0.383022213044786 8.30231766383688 2.21808074669203 0.137557102350468 0.247657154627028
"nfuA" -0.265740758564574 9.34382164457625 2.21206546691649 0.138089533673389 0.248024825606183
"ydhQ" 0.225370921364388 8.84323375606583 2.20962926029924 0.138305830305095 0.248024825606183
"yebV" 0.487987849330774 10.3103287354102 2.20463776225119 0.138750190088713 0.248110104634357
"pntB" 0.279116139160223 8.9105324252312 2.202980478275 0.138898082726149 0.248110104634357
"ubiJ" -0.228513973105723 6.44228348748517 2.18151047568392 0.140830182024863 0.251069072063895
"pepQ" -0.211526734291865 8.19805915048559 2.16041071379385 0.142758574761772 0.253681757932222
"recA" -0.239189714895344 8.81054693089418 2.15938989491506 0.142852625487629 0.253681757932222
"ydgA" 0.282543973655129 9.97746687642541 2.14876580220969 0.143835621550994 0.254930449869563
"uvrB" 0.238246105051539 9.259910545542 2.13697229292779 0.144935791992268 0.256381566029042
"rna" 0.173417311719074 6.89183299724219 2.11471648867265 0.147038011712308 0.259304980919632
"ybaY" 0.32924394495423 9.76124855910509 2.1134601184655 0.147157711454939 0.259304980919632
"yifL" -0.244441541858173 6.44137501333445 2.07139335420248 0.151230173985257 0.265966580116929
"lldP" 0.332574236691546 6.39586076121833 2.03203193320989 0.155157164117648 0.272347160907856
"hyaB" 0.297049391833081 4.06068550472357 2.01680067601804 0.156707843950035 0.274540088150927
"dppA" -0.407289417160193 10.4925257306597 2.00889018515492 0.157520179983422 0.275433558473891
"ydcI" -0.306273272879583 6.61455706548716 2.0003856935445 0.158398886204708 0.276439435502852
"uxaB" -0.336508513330048 8.45559581822898 1.98844395830616 0.159642214273652 0.278076591210893
"pykF" 0.333158222339566 10.8898589267971 1.98317919095293 0.160193905690959 0.278505053596304
"avtA" -0.291998868750112 7.83321558106977 1.97249714848066 0.161319990994191 0.279928593896587
"narK" 0.35731291988746 5.76458506117257 1.94556607783189 0.164212118632712 0.28388535814621
"ydbC" 0.323239826300841 6.83230871920426 1.94301391944405 0.164475455523203 0.28388535814621
"rplJ" -0.35748125573659 12.0306340849183 1.93995733720479 0.16480662198371 0.28388535814621
"acrB" -0.263182906892814 9.8467445295913 1.93958779704778 0.164846711810477 0.28388535814621
"pgm" -0.231791011678718 9.30196958280293 1.91145021270218 0.167932425732852 0.288653660080431
"rbsK" -0.244592572862476 6.2523035576814 1.89974329367874 0.169235811909387 0.290346185780511
"parE" -0.205165086485037 7.91089443790162 1.89296456786741 0.169995847029235 0.291101910984273
"yicC" 0.209393484240268 7.76353206003927 1.88949689402742 0.170386166039038 0.291187870543996
"yegQ" -0.26764280073365 7.7072500744469 1.88684538119314 0.170685315993956 0.291187870543996
"rpoH" -0.29297192031737 10.3167486934243 1.87653793792001 0.171853998073029 0.292633630363606
"gadA" -0.474577172579124 10.902521662598 1.87299724309385 0.172257580218329 0.292773611154661
"entD" -0.705759914968988 6.12509330427447 1.86541868636182 0.173125098993894 0.293700121384427
"secB" 0.219166663207308 8.87593663990708 1.83574019565373 0.176571395345811 0.298989853457311
"thrA" -0.4154942815954 9.67670047625467 1.80846053651306 0.179809427236683 0.303907955867567
"hemC" -0.192839128527544 7.97125102324085 1.77834842183051 0.183464077072899 0.309510692987798
"tabA" -0.245789384731397 5.42382459786584 1.7716183425199 0.18429267431795 0.31033387486812
"yagE" -0.340973338347107 7.23825467107805 1.76088574205112 0.185623100311291 0.311572524571951
"mscS" 0.28181471835288 9.28220178388115 1.7567113829261 0.186143583250762 0.311572524571951
"insL1" -0.219288848429887 8.57363374132986 1.75487740669271 0.186372792408606 0.311572524571951
"phoB" -0.200636282220705 5.90096507206813 1.75468949369986 0.186396296258741 0.311572524571951
"ldcC" -0.243467203791154 8.10433703447823 1.73132029046648 0.189346466086761 0.315924231877362
"ushA" -0.208543477340361 7.70986017195548 1.72777539438588 0.189798734647197 0.316099903589756
"curA" 0.308152111237158 8.26463448442913 1.71932154747843 0.190882416883663 0.317324601790176
"nagE" 0.310915367104578 7.36548803602559 1.70407705986794 0.192854962443843 0.320019801068017
"syd" 0.243109421409889 5.33002374822508 1.67978480454862 0.196047907270297 0.32472662458771
"trpA" -0.738589134378969 10.2750890224679 1.67577898783918 0.196580376592789 0.32501764623599
"rpmJ" -0.287921327623867 9.65448301468544 1.65959900527159 0.198748488571252 0.327452266957121
"hns" -0.279085291404472 10.6019652282143 1.65942622091469 0.198771793224246 0.327452266957121
"ygiF" -0.175781869914806 7.01219744179805 1.62982321112147 0.202812611607154 0.333505937137396
"yddB" 0.569153415546097 4.58779447295201 1.61985694502075 0.204194804372225 0.335173814023598
"pfkB" 0.238053199483918 8.32474405659422 1.60671754131362 0.206034158710884 0.337584745657582
"fadD" 0.36869346761498 8.24861102621538 1.60301891358608 0.206555459278547 0.337831280794894
"hldE" -0.19613592423967 7.85163085993718 1.58929724589986 0.208503177700249 0.340405725600228
"lacZ" -0.536500504251377 10.9333912991279 1.58189617305687 0.209562777593529 0.341523596400188
"rplR" -0.321542443498374 10.3531708477548 1.57390228581362 0.210714452948892 0.342787261850786
"ompA" -0.407658126257878 14.5755406459818 1.56845106480024 0.211504129350825 0.343348769932623
"yoaI" 0.637666299711245 1.767378921012 1.5642040459496 0.212133697934731 0.343348769932623
"tdh" 0.20337844054255 8.20661131766815 1.5637340491099 0.212190293602708 0.343348769932623
"hda" 0.293805652366558 5.86716275340974 1.54061413947708 0.215592101546002 0.347762265644972
"thrC" -0.32373235626155 8.48388821295464 1.54001367031507 0.215681317331953 0.347762265644972
"cybB" 0.352087491848791 5.85283435095996 1.5337498239685 0.216614616619249 0.348650027809428
"iscA" -0.195624644943987 8.46480023261661 1.53047871958395 0.217103923875664 0.3488212956803
"kdsB" -0.181569650359289 7.5192372601547 1.52240846665864 0.218316780550073 0.349917185741142
"znuC" 0.231699099356229 7.84428513855821 1.52083496255149 0.218554202729649 0.349917185741142
"tpx" -0.274455859625441 9.86351691822362 1.50270277159773 0.221312589747527 0.353711875894732
"pheP" 0.326805318957575 5.64473135495992 1.49873182535529 0.221922242335385 0.354065083655929
"proW" 0.351253985348075 6.92116944208769 1.49427936847251 0.22260822220923 0.354538619637427
"epd" 0.235861581072305 9.47201444306509 1.47862665114834 0.225040133520752 0.357786320484128
"fbaA" 0.310686624305984 11.323723811747 1.45945746151197 0.228062147808714 0.361959262462959
"aroG" -0.211384144425421 7.9671183942765 1.42672204471244 0.233337111839962 0.369328632078293
"hemX" -0.159891062163756 7.49925111736969 1.42562620711492 0.233516237186715 0.369328632078293
"skp" 0.203479247492895 9.39543186061376 1.41819568140837 0.234735242854786 0.369706153172851
"ygiW" -0.349333502962875 10.2796350399076 1.41507441465177 0.235249603075302 0.369706153172851
"icd" -0.362060053235998 11.6270243376464 1.41411202435235 0.23540847365445 0.369706153172851
"yjgL" 0.654098981076706 2.35408338591488 1.41395404468779 0.235434565264579 0.369706153172851
"rpsG" -0.311539737894657 11.3049635308951 1.4118399957764 0.235784055975221 0.369706153172851
"gltB" -0.330302972712986 11.2481131488092 1.40746089188407 0.236510010778196 0.370207250548
"pgk" 0.304347945554761 11.1124721597859 1.39424633520184 0.238717234948381 0.373021271077144
"surA" -0.189883075862409 9.0055464366026 1.38396482507732 0.240451940091908 0.375088557232411
"rpsD" -0.303359542953192 11.8303811069131 1.37992110207135 0.241138414369457 0.375516402547991
"ettA" 0.183838909181509 9.20495159004181 1.36471562050763 0.243741279681136 0.378922023531596
"mdh" -0.219265067623504 9.95161475518035 1.34527716790923 0.247119055292393 0.383237934622482
"hupA" -0.265428764463909 9.05026384617326 1.34390964597757 0.247358842544478 0.383237934622482
"entE" -0.382396061136567 9.66612962540307 1.34126187979382 0.247823926542214 0.383306616434562
"entB" -0.402036163771459 8.92723813477807 1.32752365804592 0.250254405132881 0.385980963388947
"gltX" -0.216598135837373 9.02149237737904 1.32670375165492 0.250400383493817 0.385980963388947
"fabH" 0.170515563616463 9.06997430046543 1.32307583656554 0.251047567976265 0.386157001900285
"kdgT" -0.296506344111928 4.09458027745894 1.32131542299253 0.251362351401612 0.386157001900285
"thiC" -0.296559618110542 6.71867395885078 1.29447530091421 0.256222601309453 0.392960925577293
"rpsL" -0.282771063548938 10.9373784220169 1.28664894295977 0.25766165785651 0.394503815642488
"osmE" -0.30716448077806 9.99774425175359 1.25463964278491 0.263652830364569 0.402999544399534
"ompX" 0.320664605226292 12.6162833764864 1.24605818815002 0.265288429167102 0.40482036678598
"holA" 0.164496609926935 6.78065720435139 1.24304287138386 0.265866145714228 0.405023509608129
"rspA" -0.313545462260089 9.59327179861239 1.21154117718414 0.271996888254791 0.413671394324064
"wzzE" -0.16503882278034 7.00150388083485 1.18682542328683 0.276931756565314 0.420474717051668
"rsxC" -0.25869503966697 6.79981748439127 1.17123434812151 0.280102956197738 0.424337172414114
"rpoN" 0.163972329863847 9.31320789405007 1.16975019816931 0.280407220409766 0.424337172414114
"eno" 0.296207332462973 12.1277418966708 1.16321243754987 0.281752519421103 0.42566591242558
"opgG" -0.157028209407909 8.93124785029899 1.14568866809184 0.285399097031671 0.430461220854061
"ansP" 0.352546972076378 4.29804482368109 1.13336852439598 0.287998860477278 0.433664399826116
"yjbJ" 0.381795878240004 9.90704309286871 1.12893677438013 0.288941423088729 0.434365736689492
"yaeH" 0.233848688781121 8.04776166950983 1.11274066024185 0.292419819953547 0.438870602928634
"menF" 0.175980649547619 7.72469653083643 1.10184097103493 0.294801287298502 0.441659979715207
"pgpC" 0.158817516933772 6.81646562287877 1.09975308672031 0.295247999612032 0.441659979715207
"rhlE" 0.223453123499077 6.78854185961924 1.09377505590194 0.296561595529328 0.442897727093799
"hflK" 0.188594114509517 9.89894216272884 1.0906779445753 0.297245105827849 0.443191966299788
"zapA" 0.218559123598127 9.46946490756744 1.08815795478597 0.297802748124818 0.443297881604101
"hdeB" -0.322422569798244 9.42927408274259 1.08285185792306 0.298981339981952 0.444326265454417
"cysP" -0.560111145139319 8.77923108166908 1.07134573376697 0.301557855972458 0.447425418226236
"trpD" -0.752730147173129 10.8890332608986 1.06689398091441 0.302562422668246 0.448185962684182
"trpB" -0.560053473500342 10.8040022718603 1.05801136149291 0.304579841576781 0.450441941033194
"treA" 0.274450587022503 8.118893940636 1.05433781779866 0.305419279364475 0.450951318478179
"ydiH" -0.257851170828824 8.09184764294221 1.0471736541731 0.307065026846221 0.452647636661663
"usg" -0.176255005853566 7.21313875296435 1.03669871362592 0.309492173003127 0.455241600302118
"rpsI" -0.278280396395758 10.5848694270643 1.03527435622218 0.309824140710552 0.455241600302118
"lamB" 0.338988508673982 6.22312867368466 1.00892564226362 0.316050010379234 0.4631815011631
"nudC" 0.126766053434948 7.07639084275333 1.00811281449271 0.316244669290284 0.4631815011631
"lpxA" -0.14557391204251 8.64594649368348 1.00448918297432 0.317114390237017 0.463709806590566
"caiC" 0.286917502378565 3.45171256303657 0.988174791363366 0.321975940675325 0.470064233902598
"katG" 0.161792872408452 8.50390601722004 0.977926451777036 0.323587108871634 0.471167579206782
"rseB" -0.137006414958833 8.41079719045618 0.97578877757212 0.324115577556032 0.471167579206782
"bioA" 0.14870615079313 7.741906974829 0.975111362913857 0.324283284481507 0.471167579206782
"yajQ" 0.15097478629148 8.12490299482624 0.968589904622913 0.325903701367907 0.472245878164039
"sad" -0.170518297761891 5.16151477437968 0.967954360189218 0.326062192497454 0.472245878164039
"fhuF" -0.205296192830681 10.0896659748391 0.965487328614401 0.32667838865175 0.472387320732927
"lsrC" 0.265690942381722 7.33197799773201 0.958137445154316 0.328533017664855 0.474316290162731
"tyrP" 0.317602672089271 7.40165370047712 0.950635142347632 0.3304210059119 0.476287241116679
"gadB" -0.349555857213769 11.1342324308076 0.941774736092586 0.332681033042954 0.478787395106052
"rcsD" -0.148411776678247 8.01648104834035 0.929700323111327 0.335794305429946 0.48250569754997
"speE" -0.224100321901253 8.10623363663008 0.924811476470848 0.337065972242449 0.482988363475055
"wcaN" 0.140732026035281 8.98287032866793 0.924333844624348 0.33719055891343 0.482988363475055
"ptsI" 0.252407596575635 11.6549770508594 0.898199198357207 0.344103360002271 0.492027243228707
"yghA" -0.235014839255946 8.20075568259865 0.896419318289298 0.344581098990027 0.492027243228707
"manZ" -0.223588767600841 8.96746113644673 0.889289331632899 0.346503919268073 0.493918540614579
"bioB" -0.163408322793572 8.16217871633459 0.887495510086147 0.346989973648003 0.493918540614579
"yciW" -0.52036303412692 7.83073899069273 0.872190969238574 0.351174924863927 0.499095720048421
"fabF" 0.193265828090869 10.048630772289 0.864156696942343 0.353399492614092 0.501474980952395
"tufB" -0.251365356913615 12.4543591228599 0.858994801149826 0.354838944515178 0.502312022764035
"ihfB" 0.187666389737884 8.97699995692339 0.858089798519644 0.35509214342485 0.502312022764035
"sucA" -0.238840348070615 10.63230125343 0.853429469051949 0.35639993588199 0.503288791289452
"yigB" -0.21123374885188 5.9299497705112 0.851551470110246 0.356928817337235 0.503288791289452
"plaP" -0.405744493456261 7.51984957059008 0.849739924223103 0.357440008742344 0.503288791289452
"dgoR" -0.170006373600531 4.65085455982928 0.841274175540425 0.359842346789675 0.505889472107089
"cspC" 0.256294825026587 9.69849831659739 0.838678649969111 0.360583347392496 0.506150122456955
"secG" -0.241919814149579 8.72982646324018 0.835035499688649 0.361627000616168 0.506834150094353
"manX" -0.234538093426933 9.37541556340032 0.828967735525455 0.363374540924288 0.508159523265712
"baeS" 0.163579489021058 4.59791661159825 0.827882715630409 0.363688264730235 0.508159523265712
"pntA" -0.157461733507445 9.16053252700027 0.822066383964093 0.36537643503471 0.509099170565229
"hdeA" -0.290636772777791 10.7057548381588 0.82123111593041 0.365619762767261 0.509099170565229
"recF" -0.175142742276457 6.38705966895423 0.819799730789754 0.366037274116603 0.509099170565229
"katE" -0.222190566315917 10.055207241719 0.810393453828984 0.368797527601929 0.512156322630117
"prs" -0.199232568861944 9.4318748060386 0.80629331900947 0.370009801641606 0.513057731043383
"lolB" 0.111059039669389 7.3748666022598 0.781401032023111 0.377490974441721 0.522462800514961
"trpC" -0.524251226276204 10.3770794117936 0.779930371627851 0.377939610910384 0.522462800514961
"fhuA" -0.163202247349102 9.70676349536875 0.775450041362036 0.379311025529519 0.523564157965745
"bamA" -0.175985118310171 10.5669363260405 0.773158675074297 0.380015128190471 0.523742483784447
"yfcH" 0.14266559206372 8.0883094771682 0.759287526413455 0.38431737989756 0.528871802245736
"etk" 0.116750721658396 5.90828374302813 0.736112589180261 0.391661775557863 0.538165727802735
"ybiT" -0.143237429769298 8.08441076726875 0.726153613962366 0.394879884418393 0.541770443833066
"gltD" -0.215995191174483 9.74255044104978 0.718134315785872 0.397499039789062 0.544262200410817
"gpmA" -0.219837724370778 11.538444992845 0.716941050176785 0.397890917095065 0.544262200410817
"atoS" -0.170231683113685 4.83189308762174 0.706535994636444 0.40133191817431 0.5481459931886
"rpoA" -0.242811602145442 12.6232185703206 0.697958768225097 0.404201140298038 0.55050187969562
"sucB" -0.190023461179557 9.96672149180398 0.697155752797412 0.404471295044218 0.55050187969562
"umuD" 0.247439146954358 2.65595444633516 0.695973075600973 0.404869659051663 0.55050187969562
"elaB" 0.246794633554726 10.2537522972722 0.677555552702784 0.411148334774703 0.558205861370722
"deoD" 0.180335029004 9.8201717298205 0.65849918009076 0.417797377462273 0.566389004268051
"cysM" -0.373390132503915 7.53460052671683 0.648471299844925 0.421360710206851 0.570370887070492
"hisG" -0.177358179529204 7.56912115281745 0.636323717296405 0.425738615817848 0.575441956988219
"gudP" 0.275201622326278 2.41878399299475 0.690965902208617 0.42723397348993 0.576083505025123
"ygfZ" -0.123946467565003 8.33558823640627 0.63010235333801 0.428007334253402 0.576083505025123
"nrdD" -0.145442514573095 9.33604469158712 0.629821030761181 0.428110354447868 0.576083505025123
"yphH" -0.135391540771419 4.82022673621758 0.619862397895538 0.431781555770464 0.580166662694532
"fusA" -0.233089157279091 13.4761168767464 0.61384027798436 0.43402485277442 0.581411886963133
"yfaY" 0.103484785289855 7.07668566191204 0.61376580069737 0.43405270743255 0.581411886963133
"fpr" -0.132362223277285 6.63833135208796 0.610997079990948 0.435090155101016 0.581411886963133
"pliG" 0.273862137021664 8.05227942122136 0.610541702535731 0.435261149186451 0.581411886963133
"dacA" -0.143304322362072 7.83369438407435 0.605303578661487 0.437235482065341 0.583194032447329
"mtn" -0.126356006610348 7.93129553982333 0.58252819742149 0.445982230284554 0.592914519355945
"yeaG" 0.261892466782985 11.9951885041678 0.581820042172884 0.446258522589114 0.592914519355945
"yqjI" 0.123611008793989 6.25279539641822 0.581263887439637 0.446475697341579 0.592914519355945
"orn" -0.136449878860304 6.1091183227889 0.577952419572412 0.447772215909856 0.593770725900843
"rof" 0.134123900139749 6.48355481972069 0.571261599240478 0.450409816898887 0.596075412106913
"fhuB" -0.194586447433243 6.1775109651377 0.570229522996816 0.450818835281738 0.596075412106913
"gcvA" 0.0971584279459283 6.03374425305735 0.563953570573869 0.453318619304926 0.598511974183751
"cspE" -0.326644611344578 11.0021446275594 0.559138332203042 0.45525138722445 0.599908256428277
"pflB" 0.204369628287119 12.4102952386778 0.558042111987002 0.455693209054191 0.599908256428277
"ygdH" 0.14869718571787 8.71261462839098 0.551235692686659 0.458451702193029 0.602668832175828
"nusA" -0.140657648580907 9.44427244871951 0.547303922158111 0.460057236072266 0.603907985679877
"csrD" -0.0961123855428349 6.98863701161811 0.541284569756503 0.462532609362898 0.606283751265612
"sra" -0.283207482521518 9.84546370796946 0.537118103804383 0.464258473786434 0.60767165175207
"pgl" 0.165608730692734 9.30241850787172 0.534692662044457 0.465267906210978 0.60811917153257
"rho" -0.144445873619898 9.78685692719456 0.525759995358954 0.46901609465315 0.612139917233552
"pldB" 0.0891064629194094 7.19873146021506 0.521141200863359 0.470973278135431 0.613627760297821
"manY" -0.181100499265679 8.80285715902658 0.519895917714079 0.471503218670115 0.613627760297821
"rplL" -0.174458832884534 11.064021377448 0.506796690430597 0.477136874640234 0.619918811156598
"clpX" -0.164887518765343 11.1471070505826 0.505505454317543 0.477698139881374 0.619918811156598
"macB" -0.123950275062889 8.58569966573071 0.491542604976617 0.483837282628198 0.625765820212975
"aldA" -0.20603312053479 8.9932859860985 0.491134348512441 0.484018737045322 0.625765820212975
"trxC" -0.144403864001651 5.95806315298295 0.490581945642139 0.484264438254827 0.625765820212975
"araA" -0.248248555231851 10.6942711531164 0.487509126163628 0.485655217355549 0.626674083584852
"ycaQ" 0.152910157847313 4.61016724118657 0.533955250371895 0.488690972543709 0.629321327807571
"bsmA" -0.22045091287376 8.80781307362401 0.478379697925045 0.489745066919523 0.629321327807571
"rpoB" -0.194591578578102 12.8563804965122 0.477245449905678 0.490259758243353 0.629321327807571
"rhlB" -0.100379697810414 9.24577722710271 0.476782769030237 0.490469970080543 0.629321327807571
"ptrA" -0.105205984666073 7.06347250036335 0.469834964835417 0.493644845304116 0.63250415481301
"cysA" -0.333300510789727 8.3545959139783 0.461728740764838 0.497393004215859 0.634749788486663
"gstA" 0.109950157311099 7.75520105872508 0.460896188019221 0.497780682635539 0.634749788486663
"nuoG" 0.141203810359157 9.37594117879202 0.460067158771349 0.498167229273553 0.634749788486663
"araB" -0.255632444082705 10.6494245936419 0.460030098241849 0.498184521150345 0.634749788486663
"yegI" 0.152306715886607 4.02689389606804 0.457946890660371 0.499158153680596 0.635102064250032
"slyD" 0.122146581203235 9.85007146634689 0.455952314339816 0.500093394648932 0.635404578138322
"sdhB" 0.166078528301292 7.98373356436458 0.448967635388444 0.503392106002305 0.638705025860863
"secY" -0.190432301777147 12.6277287090633 0.438130840554632 0.508584448548957 0.644395594753964
"gnd" -0.166282788264478 10.9682850692259 0.433421111396637 0.510869943177509 0.646392386437099
"yfjI" 0.473549009392387 0.921780237782239 0.421930001310248 0.516521842005086 0.652637167914887
"znuA" -0.238038944764065 11.2997664936524 0.419261989758058 0.517849764790119 0.653408775240719
"pdxB" 0.0946787167297217 7.97936371365162 0.414060040520349 0.52045622286308 0.655463481314726
"aroB" 0.0949119462864413 8.74282465642963 0.413144825812092 0.520917190419168 0.655463481314726
"narL" 0.164251647688705 5.89875529438532 0.62085701737469 0.522753322158492 0.656866588257085
"aidB" 0.167585889209139 8.54996914708596 0.403428797278232 0.525855881972988 0.659854970354535
"malP" 0.12275149834882 8.60429648088019 0.396073894503186 0.529650264523581 0.663702050867927
"yqeG" -0.12075700316968 4.96073831599191 0.393891293916813 0.53078573727088 0.664211272876059
"exuR" 0.0953882267650809 8.66288730034932 0.391052206221528 0.53226932370319 0.66515412056736
"rplQ" -0.160316921040341 10.5835274388172 0.389504317989781 0.533081344927655 0.665256308533006
"yqcE" -0.267725747197436 2.2784736011387 0.386360794762319 0.534737362391705 0.66641003712564
"proV" -0.207308822434811 7.49404205225593 0.375767405461427 0.540387637562159 0.672531609042523
"dppD" 0.348094347992899 6.77286008681544 0.3731142062168 0.541819959614272 0.673394247215009
"deoB" -0.158440585433103 11.3922361952404 0.364991579306402 0.546248849384791 0.677910993766599
"rpoC" -0.166513049458663 12.7367244197077 0.363730548465215 0.546942459295775 0.677910993766599
"yibT" 0.138841108250043 8.22445959539396 0.359518607290895 0.549271122350614 0.679803214250786
"phoQ" -0.07623552024496 7.3311244238157 0.3582762216667 0.549961546545367 0.679803214250786
"lnt" 0.0835305385099103 7.27566745227953 0.350114445738858 0.554538120196781 0.683973265052611
"mdtF" 0.152715467340462 7.85988303350345 0.349174012509379 0.555070073488881 0.683973265052611
"yqgB" 0.284364176381942 4.56000958075556 0.348260891292844 0.555587503994437 0.683973265052611
"infB" -0.139229825693413 10.7311813590363 0.343964143846566 0.558034657189356 0.686058802563433
"fbaB" -0.162284615921746 10.6630616253999 0.342633186580616 0.558796855745367 0.686069994048557
"tktB" 0.180734100496345 11.3154074907704 0.340430989320216 0.560062365554621 0.686698270552166
"lrp" -0.102423317776118 8.53729488584101 0.338872984650091 0.560961005293759 0.686875639546525
"smg" -0.0878726302329246 8.46068940514684 0.336069263800143 0.562585154572855 0.687939699081706
"pnp" 0.131718627903589 10.9724255175544 0.330377351329533 0.565910436410622 0.689304681852971
"dxr" -0.0714964258081004 7.24173155962476 0.330310046963029 0.565949983998373 0.689304681852971
"cysE" -0.0731828912759932 7.83365294607799 0.330273684801507 0.565971352388608 0.689304681852971
"ybgF" -0.0997800136687333 8.64089388143052 0.327435053526602 0.567644338800028 0.69040845377667
"fdoG" 0.179408771059623 10.6948892123905 0.326169446336449 0.568393348334251 0.69040845377667
"sstT" -0.12366250010724 9.40757156915705 0.324072593601061 0.569638558806381 0.690999636581376
"amtB" 0.1054844400038 6.10035249970352 0.307350512343295 0.579764548119842 0.701788711382542
"gapA" -0.162641745608162 13.2300948263854 0.306849532465092 0.580073435423769 0.701788711382542
"lptD" -0.0966162630973418 10.3280575539494 0.302042366175745 0.583054254844343 0.703787268934124
"cysD" -0.316771681957218 9.09389379836466 0.301695617677408 0.583270458886129 0.703787268934124
"kbl" 0.0837298981554567 8.06264853108867 0.299086938270308 0.584902227076604 0.704107636612419
"fabZ" 0.0855999881562898 7.80259179268903 0.298800825543847 0.585081757316796 0.704107636612419
"rluD" 0.0731237663125872 7.54190745585387 0.29251546973665 0.58905415799513 0.707952952418949
"dps" -0.194013671484057 13.31393712567 0.283358260129054 0.594941548636055 0.713839912053557
"ydfG" -0.0855144997740449 8.1729781039451 0.281534202954043 0.596128842484599 0.713839912053557
"fadL" 0.174145246174061 8.14828291772449 0.279915427724321 0.59718665439881 0.713839912053557
"hdeD" 0.158456238802974 8.38063846071732 0.278922093641865 0.597837703698024 0.713839912053557
"uxaC" -0.105908124097958 8.64515114106816 0.278872403398553 0.597870310534428 0.713839912053557
"talA" 0.145632707380274 10.3152742123172 0.272519739242833 0.602069891393634 0.717862270009573
"sfmD" 0.193715119691344 2.36465273360079 0.271402072228271 0.602815188317589 0.717862270009573
"nrdB" -0.0981130786486337 7.53229121139508 0.263918605502301 0.607856340342475 0.722398312988452
"sseB" -0.12370857621853 6.3127895067502 0.262159146675093 0.609054686569117 0.722398312988452
"rbfA" -0.0777522028485813 6.45553810768694 0.26165959134554 0.609395853176115 0.722398312988452
"yejM" -0.0802562299566635 7.44553417438729 0.261074204691587 0.609796161018792 0.722398312988452
"wbbK" -0.184115233449856 5.40036393648905 0.254229870894005 0.614519087476027 0.726586810224488
"miaA" -0.118730684093748 11.049832592594 0.252680960437782 0.615598966849478 0.726586810224488
"rpsT" -0.184357168604414 8.87080437018493 0.252501291692613 0.615724497797261 0.726586810224488
"mtlA" 0.123732016025436 8.62523324919508 0.247334037012257 0.619358939605707 0.729930134515911
"yeeJ" 0.0574303675085836 6.69821348027101 0.242277900135165 0.622961382952661 0.733227157454618
"yqiC" 0.103629373332074 6.61802351241351 0.240683495141673 0.624107066540519 0.733627790475371
"mtlR" 0.0790775369514715 6.99695464450822 0.238939794380382 0.625365434539797 0.734159678950715
"pcnB" 0.0775778902597601 8.41322774193191 0.231565826486056 0.630750763177049 0.73952888707116
"yfeO" -0.0621740048066888 6.97977611577503 0.228983298221841 0.632661807883199 0.740685953156259
"srmB" -0.0679564082873578 7.39403741406547 0.228039212615441 0.6333637294278 0.740685953156259
"yghQ" 0.173462422591056 3.14521241702363 0.253055269675353 0.637799875058584 0.744917546382525
"prfC" 0.11052719553337 7.9640086875143 0.219802041122318 0.639565031330772 0.746022719004268
"yobF" 0.15623254455731 8.61798240132945 0.217460005970254 0.641354077762076 0.747152896216434
"adhE" 0.139567731750882 12.1627999091059 0.2138084370633 0.644167015185045 0.74947145700329
"yebF" 0.0921735694101948 7.45234190378352 0.212610350172915 0.645096299491042 0.74959531739329
"yheO" -0.0640016964022892 7.26025086024166 0.207954102176107 0.648738324538647 0.752553871861625
"cbdA" -0.0906930077001421 6.06064403858285 0.207248453572173 0.649294559037582 0.752553871861625
"cyaA" 0.0937874670530075 10.1320046618501 0.200829458165566 0.65440767963316 0.757516386462273
"nlpI" -0.0882135361526358 10.1479477816523 0.197707439964833 0.656930108761932 0.759471229799644
"purF" 0.103213038256704 9.0993637980704 0.194598601546624 0.659465716315709 0.761436334047669
"yjbQ" 0.0761414782021423 7.84690310871937 0.192896893792859 0.660863915893364 0.76208484478336
"pal" -0.084074102156272 9.68045672702994 0.186876865562064 0.665870122522863 0.766887081691945
"kdpA" 0.124138853806542 2.49062794156623 0.203610705398403 0.670745354884256 0.771526538257017
"opgH" -0.0704068449399336 8.88967513444909 0.178000261829702 0.673429557049621 0.773637233886765
"cysS" -0.0968371186090426 7.20219613242862 0.1765062178553 0.674723637035246 0.774147649041699
"rlpA" 0.060760524331917 8.15298640048083 0.174887358018541 0.676133125019402 0.774789027537956
"hldD" 0.0573263341017287 8.82852583707238 0.16917528565918 0.681168570131828 0.779578602248863
"glgP" -0.0850633820685502 9.65349182972602 0.167738074360245 0.682451158476208 0.780066506112704
"osmY" 0.104469365370496 11.2094724821077 0.163385051755354 0.686375456050415 0.783568973009935
"rplT" 0.0896145027173433 10.6949941117824 0.160618925565136 0.688900865580406 0.785467695298811
"glgA" 0.0846885099752196 9.26591226268915 0.156167990645651 0.693018010348889 0.789174259284798
"pepN" -0.0785473175573703 9.95906205900392 0.152202460802054 0.696743711515173 0.792426368527244
"tsf" -0.0863094069367325 10.4939357150691 0.146864438525855 0.70184831273782 0.797236674444082
"ppa" -0.0759811569350411 9.76411869880744 0.141942048761452 0.706650663501127 0.80169209769555
"kdsD" -0.0440399543571303 7.06610655474034 0.140534534257733 0.708041309210633 0.802270687426476
"yfiF" -0.0581669707606191 7.3618644300342 0.13831318530716 0.710252293361419 0.803776197828885
"yqeB" -0.114448871195572 4.98004677117076 0.136943575401055 0.71162560494381 0.804331173826068
"mntH" 0.108602766037911 11.0093584529302 0.130726665170335 0.717959526195834 0.810484669596536
"pgaA" 0.0954823210755769 4.38970248560794 0.127126136325419 0.72170603923898 0.813705695231078
"fabI" -0.0633185231293598 9.61138066815391 0.122595341164957 0.726506544311485 0.818105638897111
"ppiB" -0.0614560267722574 8.5488560243014 0.119351361437733 0.730005163840367 0.819586259096011
"hcp" -0.145645369608225 2.44932532650478 0.118867900881613 0.730531116552016 0.819586259096011
"cysK" -0.134862581403345 11.6206784230171 0.118232647606715 0.731224026437096 0.819586259096011
"dadA" -0.0875021049133179 10.6770399203249 0.117407437043577 0.732127250909516 0.819586259096011
"yidD" -0.16951460713814 5.63077886494897 0.117232059553789 0.732319665097863 0.819586259096011
"nupC" 0.0616306454962222 7.24041185581882 0.112553122601904 0.737513678331949 0.824386455166141
"pgi" 0.0722331833450393 10.4672474332566 0.109383179592565 0.741101217914344 0.827381384215646
"ybjT" -0.0465907086718175 6.77537794862124 0.108462013272072 0.742154532786972 0.82754318160212
"ycfT" 0.144843598880313 2.1697667751551 0.106508434085513 0.744404896489971 0.828704802235612
"infC" -0.0801667405594732 11.6097992096308 0.105981641472292 0.745015623524661 0.828704802235612
"chbF" -0.110715828339677 3.09796315533999 0.100729454655881 0.751198660054104 0.834364631151103
"gspE" 0.114737180937789 2.50118725571433 0.114248720043316 0.751935633562081 0.834364631151103
"glgC" -0.0635968855213875 9.31659149765352 0.0992020583347619 0.753029957744979 0.834562398425397
"yciM" -0.0392766009095919 7.56480646238556 0.0968965586767146 0.755823773646016 0.836640896466003
"aroF" -0.193071048338006 11.2087353305443 0.0943632436736412 0.758936038727969 0.839066421457743
"fecI" 0.0713027780800075 7.61117794358673 0.0929364437021005 0.760709078123683 0.839887133087188
"fiu" -0.130558928766214 10.7754244040384 0.0917938522764759 0.762139698697201 0.839887133087188
"acpP" 0.0674820372035231 10.7065569234153 0.0912297646225779 0.762849570377123 0.839887133087188
"glmM" 0.0520787511792018 8.46875785756755 0.0908204802902838 0.763366131938739 0.839887133087188
"poxB" -0.0766341050207385 10.1079242522275 0.0886508714007854 0.766125855348211 0.841633142596313
"tyrA" -0.176041760155823 10.529481184956 0.0881246150960758 0.766800777557562 0.841633142596313
"hisS" 0.0512686832775679 8.84737272413312 0.0859216605416363 0.769650132975103 0.843000790784432
"sbp" -0.299324453827189 8.11719396931585 0.085082416999025 0.770746060403835 0.843000790784432
"flk" 0.0721346787488386 5.4516728622828 0.0938638494950211 0.771517834384555 0.843000790784432
"zinT" 0.153246346957418 10.2372866827118 0.0843188649997235 0.771748254131961 0.843000790784432
"gsiB" 0.0796805147420996 8.06738995775156 0.0820720708345501 0.774726133557389 0.845240128947043
"rpoD" -0.0618922049785457 10.900808495135 0.0750071522739819 0.784388339294241 0.85375051931645
"ssb" -0.0471762003417924 8.50810572863328 0.0749982182939281 0.784400861325871 0.85375051931645
"ybhJ" 0.0701200199212594 3.68575734091468 0.0838196829751976 0.791516421484831 0.860467136005586
"lpxD" 0.0401498624264669 9.59608902191543 0.0649352285774983 0.799050997214203 0.867622715687889
"yceD" -0.05862528189831 10.5054590085918 0.0639889308909093 0.800489277618247 0.867711617284333
"rspB" -0.0806022484666267 9.52469281742772 0.0631336569375219 0.801801080117356 0.867711617284333
"ycdT" 0.145018578221229 2.72291849523178 0.063009218417842 0.801990320256211 0.867711617284333
"gsk" 0.0436496377025491 6.5062750188598 0.0595848330538807 0.807336722366735 0.872459969248038
"pgaB" 0.11110709945773 2.67583502695067 0.0546685145895154 0.815305437614649 0.880027551738087
"rnr" 0.0368452892157436 9.3955130252496 0.0535691207741637 0.817138611177483 0.880962455364127
"polA" -0.029573676803851 8.72624993338927 0.0455973709852329 0.831068791441448 0.894919830029228
"argS" -0.0383813539868277 8.20914314991184 0.045061457194294 0.832049501684693 0.894919830029228
"cfa" 0.0509792314172852 11.0141662739258 0.04450556962814 0.833073225637172 0.894964278956914
"nadE" 0.0461063431920702 8.46909889369741 0.0752257550571478 0.839817708789684 0.901147152776681
"fnr" 0.0332762314548382 9.42640441119232 0.0387159686845856 0.844158862495341 0.904739674980301
"mak" 0.0335172511239449 6.4039357153032 0.0362182783790141 0.849206898412071 0.909080475268386
"yfeR" -0.0361897138646013 4.00714745642221 0.0354343794030214 0.850828224220457 0.909747080123047
"yafE" -0.0231453798999533 6.08489551819178 0.0337847950164884 0.854301807649881 0.910405262809538
"adeD" -0.0478116925413128 4.94201391721237 0.0335483586254525 0.854806807053767 0.910405262809538
"exbD" 0.0370252776211352 8.2567950179965 0.0335002357872359 0.85490981666904 0.910405262809538
"yhaM" -0.0442893930105105 4.10201640691366 0.0332525717040008 0.855441169006548 0.910405262809538
"chrR" -0.0314421004448118 7.17911914926413 0.0327560764501015 0.856512571061346 0.910481857919354
"msrC" 0.0307046870769253 7.23656760022018 0.0304351094822898 0.861635958405673 0.913135125316053
"msbA" -0.0289162283628322 7.8218448497058 0.0297344793902974 0.86322186879907 0.913135125316053
"cysH" -0.0919659514903165 8.06278066211665 0.0296029994256901 0.863521617176872 0.913135125316053
"rpsB" -0.0451958423804703 11.8882948812347 0.0290946807485928 0.864686979569807 0.913135125316053
"gcvP" -0.0393711894838722 9.68740856270663 0.028858997895279 0.865230856594463 0.913135125316053
"rpoE" -0.0343374820970209 9.85334110122503 0.0285841354163231 0.865868041690524 0.913135125316053
"gstB" -0.0345372978120601 7.65498569245602 0.0285166486155067 0.866024970661987 0.913135125316053
"rbsD" -0.0501889549878733 7.77223521859881 0.0271425753893454 0.869262676140729 0.915489361808329
"otsB" -0.0339032941948574 8.98114941702587 0.0266542805608604 0.870433451232384 0.91566382687379
"creA" 0.0446643551806886 4.97879789221696 0.0439597430053749 0.873569464872039 0.917770710659698
"frwA" 0.0471405719041147 3.16650668161079 0.025013197632602 0.874451127170821 0.917770710659698
"hyfF" 0.0367752107550492 3.46387013693815 0.0304074039267682 0.875632925566271 0.917953504247265
"ysgA" -0.0320897041243867 8.32480776925069 0.0235072223635413 0.878258706055318 0.919647909444132
"uvrA" -0.0234818844115785 9.78217448745562 0.0171957330954906 0.89576709301326 0.936774600107608
"puuA" -0.034300265638155 6.94423048925209 0.0168588968436048 0.896787215976335 0.936774600107608
"sucC" 0.0298769021355233 9.79290435590552 0.0165605441655561 0.897699479576226 0.936774600107608
"cynX" -0.0254728664324726 3.67686328209309 0.0158330554063085 0.899959548940142 0.938058522979942
"araE" 0.0238767731274913 8.93731976757812 0.0141834603691964 0.905288226299499 0.940500972111576
"gor" -0.0175223593128487 7.88729097834259 0.0137777539488799 0.906646307639827 0.940500972111576
"fliG" 0.0551745512191232 2.76944221107721 0.0136080192564476 0.907220494567151 0.940500972111576
"fhuC" -0.0227986511095822 6.04561344505492 0.0136003186948627 0.907246630247651 0.940500972111576
"ftsH" -0.0289817477276205 11.6501681010179 0.0135361490721828 0.907464714035209 0.940500972111576
"otsA" 0.0231187880110486 9.73306098765939 0.0125876065232345 0.910751654560665 0.942834951482688
"uxaA" -0.0185300266781974 8.02654991836764 0.0106410439449212 0.917915359147168 0.948572752045578
"nudE" 0.0216922245595158 6.31001976777856 0.0105213492990967 0.918376692979363 0.948572752045578
"slyB" -0.019565050661499 9.90119372726872 0.00999399790476566 0.9204415430302 0.949197796274158
"yfcC" -0.0281873515980386 3.1052896374051 0.0097007300295122 0.921613691884392 0.949197796274158
"parC" 0.0183118066115785 7.91976687372679 0.00957846923160718 0.922107628652722 0.949197796274158
"ygeV" -0.0260300601555522 7.10782212782134 0.00922602127183058 0.923549616385053 0.949609142806753
"gsiA" -0.0229059447840577 8.15009443689197 0.00745250861079405 0.931269044458516 0.95646685400418
"uspG" 0.0165408592467957 7.33687979826851 0.00684726638228331 0.93411240171416 0.958306754461261
"rem" 0.0185110614585619 3.04949213340617 0.00669228958896401 0.935621279069873 0.958775011510297
"gcvT" 0.0323330622769557 8.71968637679353 0.0169489556424769 0.937545164159973 0.959667016348017
"hycI" -0.0137958341720372 4.80726499349543 0.00583374651901304 0.939173558640362 0.960254895534647
"dadX" 0.0156868844563113 9.31897541288915 0.00550856521274058 0.940889928521809 0.960931305923059
"ptsH" 0.0100830785187688 9.79698639315115 0.00215126975322116 0.963039873843337 0.981816361655598
"sdhA" 0.0128070756432651 9.28951121399442 0.00209859246318494 0.963494870823386 0.981816361655598
"ispE" 0.00631240513196502 8.0425641047393 0.00155980054872514 0.968525162125165 0.982639934832762
"fabG" 0.00799225787173677 10.3901102482867 0.00155729691668736 0.968550419193786 0.982639934832762
"ligB" -0.00980289937904009 3.56779769848032 0.00153231617375113 0.968803551426326 0.982639934832762
"yfhM" -0.00610757376108608 9.06297859052576 0.00147916256231121 0.969349132023935 0.982639934832762
"cirA" 0.0179172967343986 11.4002300172529 0.00144583156765683 0.969696269390399 0.982639934832762
"yfaD" -0.00713547813437365 4.54121358685118 0.000925146594001544 0.975757335969959 0.987683258965147
"wcaG" -0.0123368418544615 4.01229647976468 0.00075737665168012 0.978064718677091 0.988920042968735
"bssR" 0.00683994716632441 10.5506100773611 0.000513909039685637 0.981930419645847 0.991727951549187
"moaA" 0.00235046668874462 7.72961176963292 0.00032416607277564 0.985648327956136 0.993439766467565
"ulaE" 0.0131443318688997 2.69611264498403 0.00130361963257078 0.985806310523248 0.993439766467565
"rseP" -0.00184536793051451 8.75505275696475 0.000153757459859424 0.99011562533326 0.996504981678055
"udp" 0.00263671715511173 8.86270243339225 0.000119665232285544 0.991279978175531 0.996504981678055
"ubiG" -0.00167835805263542 6.64901441047441 0.0000974830148305728 0.992129548169041 0.996504981678055
"typA" -0.00162266930060696 10.7332886563255 0.0000507205186351148 0.994322849214522 0.997608056866112
"sucD" 0.000925546169262589 9.38931885467994 0.0000194085233215671 0.99648814069895 0.99789883796625
"yeeN" 0.00104181906232983 6.00860500692217 0.00000892972929111439 0.99761789572217 0.99789883796625
"hicB" -0.000468497227002944 4.41997045980928 0.00000694761200507005 0.99789883796625 0.99789883796625
